key,0,1,2,3,4,5,6,7,8,9,10,11,12,13,14,15,16,17,18,19,20,21,22,23,24,25,26,27,28,29,30,31,32,33
#,Name,Description,LeveClient,,LeveAssignmentType,Town,ClassJobLevel,TimeLimit,AllowanceCost,Evaluation,PlaceName{Start},PlaceName{Issued},FishingSpot,,,ClassJobCategory,JournalGenre,,PlaceName{StartZone},Icon{CityState},DataId,CanCancel,MaxDifficulty,ExpFactor,ExpReward,GilReward,LeveRewardItem,LeveVfx,LeveVfx{Frame},Level{Levemete},Icon{Issuer},LockedLeve,Level{Start},BGM
int32,str,str,LeveClient,byte,LeveAssignmentType,Town,uint16,byte,byte,int32,PlaceName,PlaceName,FishingSpot,byte,bit&01,ClassJobCategory,JournalGenre,int32,PlaceName,Image,Row,bit&02,byte,single,uint32,uint32,LeveRewardItem,LeveVfx,LeveVfx,Level,Image,bit&04,Level,BGM
0,"","","",0,"","不知何处",0,0,1,0,"","","未知钓场",0,False,"","",0,"","ui/icon/020000/020011.tex",,True,0,1,0,0,"LeveRewardItem#0","","",,,True,,"music/ffxiv/BGM_Leves.scd"
1,"","","",0,"","不知何处",0,0,0,0,"","","未知钓场",0,False,"","",0,"",,,False,0,0,0,0,"LeveRewardItem#0","","",,,False,,""
2,"","","",0,"","不知何处",0,0,0,0,"","","未知钓场",0,False,"","",0,"",,,False,0,0,0,0,"LeveRewardItem#0","","",,,False,,""
3,"","","",0,"","不知何处",0,0,0,0,"","","未知钓场",0,False,"","",0,"",,,False,0,0,0,0,"LeveRewardItem#0","","",,,False,,""
4,"","","",0,"","不知何处",0,0,0,0,"","","未知钓场",0,False,"","",0,"",,,False,0,0,0,0,"LeveRewardItem#0","","",,,False,,""
5,"","","",0,"","不知何处",0,0,0,0,"","","未知钓场",0,False,"","",0,"",,,False,0,0,0,0,"LeveRewardItem#0","","",,,False,,""
6,"","","",0,"","不知何处",0,0,0,0,"","","未知钓场",0,False,"","",0,"",,,False,0,0,0,0,"LeveRewardItem#0","","",,,False,,""
7,"","","",0,"","不知何处",0,0,0,0,"","","未知钓场",0,False,"","",0,"",,,False,0,0,0,0,"LeveRewardItem#0","","",,,False,,""
8,"","","",0,"","不知何处",0,0,0,0,"","","未知钓场",0,False,"","",0,"",,,False,0,0,0,0,"LeveRewardItem#0","","",,,False,,""
9,"","","",0,"","不知何处",0,0,0,0,"","","未知钓场",0,False,"","",0,"",,,False,0,0,0,0,"LeveRewardItem#0","","",,,False,,""
10,"","","",0,"","不知何处",0,0,0,0,"","","未知钓场",0,False,"","",0,"",,,False,0,0,0,0,"LeveRewardItem#0","","",,,False,,""
11,"","","",0,"","不知何处",0,0,0,0,"","","未知钓场",0,False,"","",0,"",,,False,0,0,0,0,"LeveRewardItem#0","","",,,False,,""
12,"","","",0,"","不知何处",0,0,0,0,"","","未知钓场",0,False,"","",0,"",,,False,0,0,0,0,"LeveRewardItem#0","","",,,False,,""
13,"","","",0,"","不知何处",0,0,0,0,"","","未知钓场",0,False,"","",0,"",,,False,0,0,0,0,"LeveRewardItem#0","","",,,False,,""
14,"","","",0,"","不知何处",0,0,0,0,"","","未知钓场",0,False,"","",0,"",,,False,0,0,0,0,"LeveRewardItem#0","","",,,False,,""
15,"","","",0,"","不知何处",0,0,0,0,"","","未知钓场",0,False,"","",0,"",,,False,0,0,0,0,"LeveRewardItem#0","","",,,False,,""
16,"","","",0,"","不知何处",0,0,0,0,"","","未知钓场",0,False,"","",0,"",,,False,0,0,0,0,"LeveRewardItem#0","","",,,False,,""
17,"","","",0,"","不知何处",0,0,0,0,"","","未知钓场",0,False,"","",0,"",,,False,0,0,0,0,"LeveRewardItem#0","","",,,False,,""
18,"","","",0,"","不知何处",0,0,0,0,"","","未知钓场",0,False,"","",0,"",,,False,0,0,0,0,"LeveRewardItem#0","","",,,False,,""
19,"","","",0,"","不知何处",0,0,0,0,"","","未知钓场",0,False,"","",0,"",,,False,0,0,0,0,"LeveRewardItem#0","","",,,False,,""
20,"","","",0,"","不知何处",0,0,0,0,"","","未知钓场",0,False,"","",0,"",,,False,0,0,0,0,"LeveRewardItem#0","","",,,False,,""
21,"制作委托：双蛇党用于训练的长枪","最近我们收到了双蛇党发来的订单，要订购一批用于新兵训练的长枪。双蛇党是我们重要的顾客，交货上绝对不能有半分耽搁。所以希望能有做事牢靠的工匠来参与制作。","黑兔堂采购部长 麦森塔",6,"刻木匠","格里达尼亚",1,0,1,0,"格里达尼亚","格里达尼亚","未知钓场",0,False,"刻木匠","刻木匠理符任务",0,"格里达尼亚","ui/icon/080000/080012.tex","制作委托：双蛇党用于训练的长枪",True,0,1,1330,113,"LeveRewardItem#2","ui/icon/080000/080033.tex","ui/icon/080000/080005.tex","Level#2257767","ui/icon/110000/110007.tex",True,,"music/ffxiv/BGM_Leves.scd"
22,"制作委托：廉价的木靴","柳桉木屐是格里达尼亚最受欢迎的木靴。无需使用华丽的装饰和高级的素材，请为我们制作实用又便宜的木靴。希望能有踏实肯干的工匠参与制作。","黑兔堂采购部长 麦森塔",6,"刻木匠","格里达尼亚",1,0,1,0,"格里达尼亚","格里达尼亚","未知钓场",0,False,"刻木匠","刻木匠理符任务",0,"格里达尼亚","ui/icon/080000/080012.tex","制作委托：廉价的木靴",True,0,1,1690,113,"LeveRewardItem#2","ui/icon/080000/080033.tex","ui/icon/080000/080005.tex","Level#2257767","ui/icon/110000/110007.tex",True,,"music/ffxiv/BGM_Leves.scd"
23,"筹集委托：新手工兵用的木靴","我们鬼哭队有一批新兵结束了训练成功被选拔为工兵。为了向他们表达出色完成训练的祝贺，同时也希望他们能够成为战友们的可靠支柱，我们准备向他们赠送一批木靴。希望接下这个委托的工匠能够做出具有纪念意义的佳品。","鬼哭队第一枪队辎重兵 朗韦尔莱",6,"刻木匠","格里达尼亚",1,0,1,0,"烤饼练兵所","烤饼练兵所","未知钓场",0,False,"刻木匠","刻木匠理符任务",0,"黑衣森林中央林区","ui/icon/080000/080012.tex","筹集委托：新手工兵用的木靴",True,0,1,630,112,"LeveRewardItem#2","ui/icon/080000/080034.tex","ui/icon/080000/080005.tex","Level#2648092","ui/icon/110000/110010.tex",True,,"music/ffxiv/BGM_Leves.scd"
24,"制作委托：新手斥候用的短弓","我们鬼哭队有一批新兵结束了训练成功被选拔为斥候。为了向他们表达出色完成训练的祝贺，同时也希望他们能够不放过任何一个目标，我们准备向他们赠送一批短弓。希望接下这个委托的工匠能够做出具有纪念意义的佳品。","鬼哭队第一枪队辎重兵 朗韦尔莱",6,"刻木匠","格里达尼亚",1,0,1,0,"烤饼练兵所","烤饼练兵所","未知钓场",0,False,"刻木匠","刻木匠理符任务",0,"黑衣森林中央林区","ui/icon/080000/080012.tex","制作委托：新手斥候用的短弓",True,0,1,1160,112,"LeveRewardItem#3","ui/icon/080000/080033.tex","ui/icon/080000/080005.tex","Level#2648092","ui/icon/110000/110010.tex",True,,"music/ffxiv/BGM_Leves.scd"
25,"制作委托：新手卫兵用的木盾","我们鬼哭队有一批新兵结束了训练成功被选拔为重步兵。为了向他们表达出色完成训练的祝贺，同时也希望他们能够成为守护故乡的铁壁，我们准备向他们赠送一批木盾。希望接下这个委托的工匠能够做出具有纪念意义的佳品。","鬼哭队第一枪队辎重兵 朗韦尔莱",6,"刻木匠","格里达尼亚",1,0,1,0,"烤饼练兵所","烤饼练兵所","未知钓场",0,False,"刻木匠","刻木匠理符任务",0,"黑衣森林中央林区","ui/icon/080000/080012.tex","制作委托：新手卫兵用的木盾",True,0,1,1690,113,"LeveRewardItem#3","ui/icon/080000/080033.tex","ui/icon/080000/080005.tex","Level#2648092","ui/icon/110000/110010.tex",True,,"music/ffxiv/BGM_Leves.scd"
26,"筹集委托：用于乐器的枫木木材","“人工生命”是在格里达尼亚非常有名的一个吟游诗人团体，他们在少女们的心中有着非常高的地位。也拜他们所赐，现在格里达尼亚里竖琴的需求量大增。因此我们决定扩大生产量，急求职业工匠们来参与制作，我们会付出相应的报酬。","黑兔堂采购部长 麦森塔",6,"刻木匠","格里达尼亚",1,0,1,0,"格里达尼亚","格里达尼亚","未知钓场",0,False,"刻木匠","刻木匠理符任务",0,"格里达尼亚","ui/icon/080000/080012.tex","筹集委托：用于乐器的枫木木材",True,0,1,630,113,"LeveRewardItem#3","ui/icon/080000/080034.tex","ui/icon/080000/080005.tex","Level#2257767","ui/icon/110000/110007.tex",True,,"music/ffxiv/BGM_Leves.scd"
27,"制作委托：双蛇党用于训练的长弓","最近我们收到了双蛇党发来的订单，要订购一批用于新兵训练的长弓。双蛇党是我们重要的顾客，交货上绝对不能有半分耽搁。所以希望能有做事牢靠的工匠来参与制作。","黑兔堂采购部长 麦森塔",6,"刻木匠","格里达尼亚",5,0,1,0,"格里达尼亚","格里达尼亚","未知钓场",0,False,"刻木匠","刻木匠理符任务",0,"格里达尼亚","ui/icon/080000/080012.tex","制作委托：双蛇党用于训练的长弓",True,0,1,4110,140,"LeveRewardItem#4","ui/icon/080000/080033.tex","ui/icon/080000/080005.tex","Level#2257767","ui/icon/110000/110007.tex",True,,"music/ffxiv/BGM_Leves.scd"
28,"制作委托：冒险者用的木盾","现在冒险者的数量有逐渐增加的倾向，因而木盾的销售情况也越来越可观。我们黑兔堂为了对应这种需求多样化的情况，制定了扩大经营的范围以及储备的方针。希望有技术和经验的工匠们不要错过这次商机。","黑兔堂采购部长 麦森塔",6,"刻木匠","格里达尼亚",5,0,1,0,"格里达尼亚","格里达尼亚","未知钓场",0,False,"刻木匠","刻木匠理符任务",0,"格里达尼亚","ui/icon/080000/080012.tex","制作委托：冒险者用的木盾",True,0,1,6840,168,"LeveRewardItem#4","ui/icon/080000/080033.tex","ui/icon/080000/080005.tex","Level#2257767","ui/icon/110000/110007.tex",True,,"music/ffxiv/BGM_Leves.scd"
29,"筹集委托：新手卫生兵用的幻具","我们鬼哭队有一批新兵结束了训练成功被选拔为卫生兵。为了向他们表达出色完成训练的祝贺，同时也希望他们能够救助战友们的生命，我们准备向他们赠送一批幻具。希望接下这个委托的工匠能够做出具有纪念意义的佳品。","鬼哭队第一枪队辎重兵 朗韦尔莱",6,"刻木匠","格里达尼亚",5,0,1,0,"烤饼练兵所","烤饼练兵所","未知钓场",0,False,"刻木匠","刻木匠理符任务",0,"黑衣森林中央林区","ui/icon/080000/080012.tex","筹集委托：新手卫生兵用的幻具",True,0,1,2790,139,"LeveRewardItem#4","ui/icon/080000/080034.tex","ui/icon/080000/080005.tex","Level#2648092","ui/icon/110000/110010.tex",True,,"music/ffxiv/BGM_Leves.scd"
30,"制作委托：用于新兵训练的长枪","烤饼练兵为了提高新兵的素质，准备在基础训练中同时开放枪术与弓术的课程。现需要最基本的长枪作为武器。希望有热心的工匠能够来参与制作。","鬼哭队第一枪队辎重兵 朗韦尔莱",6,"刻木匠","格里达尼亚",5,0,1,0,"烤饼练兵所","烤饼练兵所","未知钓场",0,False,"刻木匠","刻木匠理符任务",0,"黑衣森林中央林区","ui/icon/080000/080012.tex","制作委托：用于新兵训练的长枪",True,0,1,5220,140,"LeveRewardItem#5","ui/icon/080000/080033.tex","ui/icon/080000/080005.tex","Level#2648092","ui/icon/110000/110010.tex",True,,"music/ffxiv/BGM_Leves.scd"
31,"制作委托：用于模拟战的木剑","鸟人族是我们格里达尼亚的强敌，而他们最善用的武器就是剑。因此负责训练的教官为了让新兵熟悉其战斗方式会准备对假想敌人的模拟战。为了下次模拟战中扮演鸟人一方的教官能够有武器可用，希望能有热心工匠提供一批木剑，我们会支付相应的报酬。","鬼哭队第一枪队辎重兵 朗韦尔莱",6,"刻木匠","格里达尼亚",5,0,1,0,"烤饼练兵所","烤饼练兵所","未知钓场",0,False,"刻木匠","刻木匠理符任务",0,"黑衣森林中央林区","ui/icon/080000/080012.tex","制作委托：用于模拟战的木剑",True,0,1,2490,170,"LeveRewardItem#5","ui/icon/080000/080033.tex","ui/icon/080000/080005.tex","Level#2648092","ui/icon/110000/110010.tex",True,,"music/ffxiv/BGM_Leves.scd"
32,"筹集委托：廉价的幻具","最近幻术师行会对招了不少新人，需要一批价格比较低的幻具来给新人使用。虽然这是绝好的商机，不过我们现在库存比较紧张，希望能尽快有职业工匠来参与制作。","黑兔堂采购部长 麦森塔",6,"刻木匠","格里达尼亚",5,0,1,0,"格里达尼亚","格里达尼亚","未知钓场",0,False,"刻木匠","刻木匠理符任务",0,"格里达尼亚","ui/icon/080000/080012.tex","筹集委托：廉价的幻具",True,0,1,3600,139,"LeveRewardItem#5","ui/icon/080000/080034.tex","ui/icon/080000/080005.tex","Level#2257767","ui/icon/110000/110007.tex",True,,"music/ffxiv/BGM_Leves.scd"
33,"制作委托：廉价的木制幻具","由于城中来了很多想要学习幻术的新人冒险者，现在廉价的木制幻具非常畅销，甚至导致库存变得紧张。因此现在黑兔堂正在协力招募工匠加紧生产。有兴趣的工匠不妨关注一下。","黑兔堂采购部长 麦森塔",6,"刻木匠","格里达尼亚",10,0,1,0,"格里达尼亚","格里达尼亚","未知钓场",0,False,"刻木匠","刻木匠理符任务",0,"格里达尼亚","ui/icon/080000/080012.tex","制作委托：廉价的木制幻具",True,0,1,4280,170,"LeveRewardItem#6","ui/icon/080000/080033.tex","ui/icon/080000/080005.tex","Level#2257767","ui/icon/110000/110007.tex",True,,"music/ffxiv/BGM_Leves.scd"
34,"制作委托：面向雕金匠的制作工具","随着来自乌尔达哈的商人也在黑檀商店街搭起了店铺，其中的一些雕金匠向我们黑兔堂下了制作工具的订单。这无论对于黑兔堂还是对于格里达尼亚来说都是绝佳的商机，而且也能表达出对乌尔达哈的友好。希望能有技术娴熟的工匠来协助我们。","黑兔堂采购部长 麦森塔",6,"刻木匠","格里达尼亚",10,0,1,0,"格里达尼亚","格里达尼亚","未知钓场",0,False,"刻木匠","刻木匠理符任务",0,"格里达尼亚","ui/icon/080000/080012.tex","制作委托：面向雕金匠的制作工具",True,0,1,7880,170,"LeveRewardItem#6","ui/icon/080000/080033.tex","ui/icon/080000/080005.tex","Level#2257767","ui/icon/110000/110007.tex",True,,"music/ffxiv/BGM_Leves.scd"
35,"筹集委托：栅栏建材","为了对弯枝牧场的设施进行扩建，我们需要大量的梣木建材。若有刻木匠能够提供加工过的木材我们会提供丰厚报酬。","莫古力礼峰牧童 奥多莉",6,"刻木匠","格里达尼亚",10,0,1,0,"弯枝牧场","弯枝牧场","未知钓场",0,False,"刻木匠","刻木匠理符任务",0,"黑衣森林中央林区","ui/icon/080000/080012.tex","筹集委托：栅栏建材",True,0,1,3780,287,"LeveRewardItem#6","ui/icon/080000/080034.tex","ui/icon/080000/080005.tex","Level#2119045","ui/icon/110000/110002.tex",True,,"music/ffxiv/BGM_Leves.scd"
36,"制作委托：用于捐献的长枪","多亏了鬼哭队的警备，弯枝牧场才能够顺利建起各种设施。为了表达谢意，弯枝牧场准备向鬼哭队捐献一批带有羽毛装饰的长枪。现正在招募人员来制作这批长枪。","莫古力礼峰牧童 奥多莉",6,"刻木匠","格里达尼亚",10,0,1,0,"弯枝牧场","弯枝牧场","未知钓场",0,False,"刻木匠","刻木匠理符任务",0,"黑衣森林中央林区","ui/icon/080000/080012.tex","制作委托：用于捐献的长枪",True,0,1,9430,174,"LeveRewardItem#7","ui/icon/080000/080033.tex","ui/icon/080000/080005.tex","Level#2119045","ui/icon/110000/110002.tex",True,,"music/ffxiv/BGM_Leves.scd"
37,"制作委托：牧场用的裁缝工具","对于饲育陆行鸟这个职业而言，衣服和物品出现开线和磨损的情况简直是家常便饭了。每次找专业人员来修补这些用品也是一笔不小的开支。所以我们目前想要尽量凭借自己的力量来解决，希望能够有人提供给我们裁缝用的相应工具。","莫古力礼峰牧童 奥多莉",6,"刻木匠","格里达尼亚",10,0,1,0,"弯枝牧场","弯枝牧场","未知钓场",0,False,"刻木匠","刻木匠理符任务",0,"黑衣森林中央林区","ui/icon/080000/080012.tex","制作委托：牧场用的裁缝工具",True,0,1,13090,230,"LeveRewardItem#7","ui/icon/080000/080033.tex","ui/icon/080000/080005.tex","Level#2119045","ui/icon/110000/110002.tex",True,,"music/ffxiv/BGM_Leves.scd"
38,"筹集委托：廉价的木盾","最近有不少新手冒险者为了学习幻术来到格里达尼亚，而廉价的木盾也随着开始畅销。但我的库存快见底了，为了不坐失良机，求人制作梣木方盾。","黑兔堂采购部长 麦森塔",6,"刻木匠","格里达尼亚",10,0,1,0,"格里达尼亚","格里达尼亚","未知钓场",0,False,"刻木匠","刻木匠理符任务",0,"格里达尼亚","ui/icon/080000/080012.tex","筹集委托：廉价的木盾",True,0,1,9990,170,"LeveRewardItem#7","ui/icon/080000/080034.tex","ui/icon/080000/080005.tex","Level#2257767","ui/icon/110000/110007.tex",True,,"music/ffxiv/BGM_Leves.scd"
39,"制作委托：铁制长枪","鬼哭队的新兵居然做出了将物资低价转卖给乌尔达哈的商人这种事，这在以前是难以想象的。虽然我们已经给与了犯人开除的处分，但是被卖掉的物资这一空缺也无法追回了。为了补充物资的库存，希望有实力的工匠能够前来协助。","黑兔堂采购部长 麦森塔",6,"刻木匠","格里达尼亚",15,0,1,0,"格里达尼亚","格里达尼亚","未知钓场",0,False,"刻木匠","刻木匠理符任务",0,"格里达尼亚","ui/icon/080000/080012.tex","制作委托：铁制长枪",True,0,1,18910,236,"LeveRewardItem#8","ui/icon/080000/080033.tex","ui/icon/080000/080005.tex","Level#2257767","ui/icon/110000/110007.tex",True,,"music/ffxiv/BGM_Leves.scd"
40,"制作委托：榆木制幻具","为了对应今后的需求扩大，我们需要增加榆木制双手幻杖的库存量。希望有实力的工匠能够前来应聘。","黑兔堂采购部长 麦森塔",6,"刻木匠","格里达尼亚",15,0,1,0,"格里达尼亚","格里达尼亚","未知钓场",0,False,"刻木匠","刻木匠理符任务",0,"格里达尼亚","ui/icon/080000/080012.tex","制作委托：榆木制幻具",True,0,1,13040,235,"LeveRewardItem#8","ui/icon/080000/080033.tex","ui/icon/080000/080005.tex","Level#2257767","ui/icon/110000/110007.tex",True,,"music/ffxiv/BGM_Leves.scd"
41,"筹集委托：哨塔建材","为了防范鸟人族而新建的若斯兰哨塔近日准备新增防箭用的护板。现在正在招募人手及建材，希望有兴趣的工匠可以参加。","酒保商人 艾蕾德",6,"刻木匠","格里达尼亚",15,0,1,0,"霍桑山寨","霍桑山寨","未知钓场",0,False,"刻木匠","刻木匠理符任务",0,"黑衣森林东部林区","ui/icon/080000/080012.tex","筹集委托：哨塔建材",True,0,1,7170,350,"LeveRewardItem#8","ui/icon/080000/080034.tex","ui/icon/080000/080005.tex","Level#2255476","ui/icon/110000/110004.tex",True,,"music/ffxiv/BGM_Leves.scd"
42,"制作委托：提供给鬼哭队的面具","鬼哭队现在正在为新加入第四枪队的新兵们采购面具。希望职业的工匠们能够热心提供已经制造完成的成品。","酒保商人 艾蕾德",6,"刻木匠","格里达尼亚",15,0,1,0,"霍桑山寨","霍桑山寨","未知钓场",0,False,"刻木匠","刻木匠理符任务",0,"黑衣森林东部林区","ui/icon/080000/080012.tex","制作委托：提供给鬼哭队的面具",True,0,1,24790,240,"LeveRewardItem#9","ui/icon/080000/080033.tex","ui/icon/080000/080005.tex","Level#2255476","ui/icon/110000/110004.tex",True,,"music/ffxiv/BGM_Leves.scd"
43,"制作委托：面向冒险者的木盾","日前有来自乌尔达哈的冒险者向我们询问木盾是否还有库存。可惜很不巧当时库房里已经没有木盾了。为了避免今后再次发生同样的情况，我们现出高价收购熟练工匠生产的优质木盾。","酒保商人 艾蕾德",6,"刻木匠","格里达尼亚",15,0,1,0,"霍桑山寨","霍桑山寨","未知钓场",0,False,"刻木匠","刻木匠理符任务",0,"黑衣森林东部林区","ui/icon/080000/080012.tex","制作委托：面向冒险者的木盾",True,0,1,18910,170,"LeveRewardItem#9","ui/icon/080000/080033.tex","ui/icon/080000/080005.tex","Level#2255476","ui/icon/110000/110004.tex",True,,"music/ffxiv/BGM_Leves.scd"
44,"筹集委托：梣木制短弓","随着新哨塔的建立，神勇队制定了增员弓兵的计划。不过事先预备的短弓却被妖精族的不良团伙给偷走了。为了填补这批被盗走的物资，我们现在需要征求熟练的工匠的帮助。","黑兔堂采购部长 麦森塔",6,"刻木匠","格里达尼亚",15,0,1,0,"格里达尼亚","格里达尼亚","未知钓场",0,False,"刻木匠","刻木匠理符任务",0,"格里达尼亚","ui/icon/080000/080012.tex","筹集委托：梣木制短弓",True,0,1,14920,174,"LeveRewardItem#9","ui/icon/080000/080034.tex","ui/icon/080000/080005.tex","Level#2257767","ui/icon/110000/110007.tex",True,,"music/ffxiv/BGM_Leves.scd"
45,"制作委托：紫杉制幻具","硕老树冥想窟日前委托我们制造一批用紫杉为材料制作的幻具。据说这是预备向结束了基础修行的年轻幻术师们赠送的礼物。因为是礼物，所以质量上一定不能怠慢，希望有能力的工匠能够协助我们进行生产。","黑兔堂采购部长 麦森塔",6,"刻木匠","格里达尼亚",20,0,1,0,"格里达尼亚","格里达尼亚","未知钓场",0,False,"刻木匠","刻木匠理符任务",0,"格里达尼亚","ui/icon/080000/080012.tex","制作委托：紫杉制幻具",True,0,1,9540,287,"LeveRewardItem#10","ui/icon/080000/080033.tex","ui/icon/080000/080005.tex","Level#2257767","ui/icon/110000/110007.tex",True,,"music/ffxiv/BGM_Leves.scd"
46,"批发委托：提供给鬼哭队的假面","为了纪念在5年前那场“加尔提诺战役”中逝去的勇士们，鬼哭队每个月都会举行通过焚烧面具来镇魂的仪式。因此现在需要大批仪式用的面具，希望有对自己技术有信心的工匠们能积极参与进来。","黑兔堂采购部长 麦森塔",6,"刻木匠","格里达尼亚",20,0,1,0,"格里达尼亚","格里达尼亚","未知钓场",0,False,"刻木匠","刻木匠理符任务",0,"格里达尼亚","ui/icon/080000/080012.tex","批发委托：提供给鬼哭队的假面",True,0,1,16800,192,"LeveRewardItem#10","ui/icon/080000/080041.tex","ui/icon/080000/080005.tex","Level#2257767","ui/icon/110000/110007.tex",True,,"music/ffxiv/BGM_Leves.scd"
47,"筹集委托：面向义勇兵的长枪","我等鬼哭队第五枪队正在为迎击鸟人族来袭进行筹备，需要向辅城的年轻枪手们发配一批长枪。现招募能够制作出符合他们义勇兵身份的武器的工匠师傅。请有心人务必前来帮忙。","鬼哭队第五枪队队员 朱利昂贝尔",6,"刻木匠","格里达尼亚",20,0,1,0,"石场水车","石场水车","未知钓场",0,False,"刻木匠","刻木匠理符任务",0,"黑衣森林南部林区","ui/icon/080000/080012.tex","筹集委托：面向义勇兵的长枪",True,0,1,28010,245,"LeveRewardItem#10","ui/icon/080000/080034.tex","ui/icon/080000/080005.tex","Level#2257677","ui/icon/110000/110006.tex",True,,"music/ffxiv/BGM_Leves.scd"
48,"制作委托：打磨武具用的砂轮","我等鬼哭队正在筹备砂轮以打磨枪尖与箭头。为了在鸟人族的威胁下守护石场水车，打磨完毕的武具是不可或缺的。我们诚心恭候技术娴熟的工匠前来协助。","鬼哭队第五枪队队员 朱利昂贝尔",6,"刻木匠","格里达尼亚",20,0,1,0,"石场水车","石场水车","未知钓场",0,False,"刻木匠","刻木匠理符任务",0,"黑衣森林南部林区","ui/icon/080000/080012.tex","制作委托：打磨武具用的砂轮",True,0,1,17120,293,"LeveRewardItem#11","ui/icon/080000/080033.tex","ui/icon/080000/080005.tex","Level#2257677","ui/icon/110000/110006.tex",True,,"music/ffxiv/BGM_Leves.scd"
49,"批发委托：研究新的防卫对策","我等鬼哭队第五枪队为了强化石场水车的防御，正在摸索新的策略。现在有新提议是用弩弓将铁制的长枪射出，以打落敌人的装甲气球。因此衷心恭候擅长制作长枪的工匠前来指导。","鬼哭队第五枪队队员 朱利昂贝尔",6,"刻木匠","格里达尼亚",20,0,1,0,"石场水车","石场水车","未知钓场",0,False,"刻木匠","刻木匠理符任务",0,"黑衣森林南部林区","ui/icon/080000/080012.tex","批发委托：研究新的防卫对策",True,0,1,12960,91,"LeveRewardItem#11","ui/icon/080000/080041.tex","ui/icon/080000/080005.tex","Level#2257677","ui/icon/110000/110006.tex",True,,"music/ffxiv/BGM_Leves.scd"
50,"制作委托：胡桃木材","我等鬼哭队第五枪队正在为迎击鸟人族来袭进行筹备，目前想要修复防御墙。但修墙所需的建材却不够用了。因此衷心希望有能力的工匠来协助我们。","鬼哭队第五枪队队员 朱利昂贝尔",6,"刻木匠","格里达尼亚",20,0,1,0,"石场水车","石场水车","未知钓场",0,False,"刻木匠","刻木匠理符任务",0,"黑衣森林南部林区","ui/icon/080000/080012.tex","制作委托：胡桃木材",True,0,1,8570,295,"LeveRewardItem#11","ui/icon/080000/080033.tex","ui/icon/080000/080005.tex","Level#2257677","ui/icon/110000/110006.tex",True,,"music/ffxiv/BGM_Leves.scd"
51,"制作委托：白蛇花纹的圆盾","我们的一位大主顾的女儿最近完成了她的基本训练，因此家族中为了表示庆祝准备送给她的同期同学每人一面刻有白蛇花纹的圆盾。作为代表家族的礼物，做工自然是不能怠慢，希望有对自己刻绘技术有信心的工匠能够协助生产。","黑兔堂采购部长 麦森塔",6,"刻木匠","格里达尼亚",25,0,1,0,"格里达尼亚","格里达尼亚","未知钓场",0,False,"刻木匠","刻木匠理符任务",0,"格里达尼亚","ui/icon/080000/080012.tex","制作委托：白蛇花纹的圆盾",True,0,1,47200,316,"LeveRewardItem#12","ui/icon/080000/080033.tex","ui/icon/080000/080005.tex","Level#2257767","ui/icon/110000/110007.tex",True,,"music/ffxiv/BGM_Leves.scd"
52,"筹集委托：银色光辉的战叉","我等鬼哭队第五枪队一向以诚实为信条。之前在训练中不小心将石场水车居民的耙子给弄坏了，因此我们想要赔偿一些物品来表示歉意。银光闪闪的战叉应该会符合他们的喜好吧。","鬼哭队第五枪队队员 朱利昂贝尔",6,"刻木匠","格里达尼亚",25,0,1,0,"石场水车","石场水车","未知钓场",0,False,"刻木匠","刻木匠理符任务",0,"黑衣森林南部林区","ui/icon/080000/080012.tex","筹集委托：银色光辉的战叉",True,0,1,36390,379,"LeveRewardItem#12","ui/icon/080000/080034.tex","ui/icon/080000/080005.tex","Level#2257677","ui/icon/110000/110019.tex",True,,"music/ffxiv/BGM_Leves.scd"
53,"批发委托：高级家具用的木材","最近在乌尔达哈的富人群体中非常流行用高级木材打造的家具。因此东阿尔迪纳德商会向我们发来了大量的胡桃木材订单。单凭现在刻木匠行会的库存恐怕难以应付，我们急需对量产木材有自信的熟练工匠。","黑兔堂采购部长 麦森塔",6,"刻木匠","格里达尼亚",25,0,1,0,"格里达尼亚","格里达尼亚","未知钓场",0,False,"刻木匠","刻木匠理符任务",0,"格里达尼亚","ui/icon/080000/080012.tex","批发委托：高级家具用的木材",True,0,1,8660,202,"LeveRewardItem#12","ui/icon/080000/080041.tex","ui/icon/080000/080005.tex","Level#2257767","ui/icon/110000/110007.tex",True,,"music/ffxiv/BGM_Leves.scd"
54,"制作委托：训练义勇兵用的木剑","我等鬼哭队第五枪队为有志成为义勇兵的年轻人们准备了相应的训练，并预计近期内举行一次战斗演习。因此需要一批木剑提供给扮演鸟人士兵的教官们。希望有专于打造木剑的工匠师傅能够前来协助。","鬼哭队第五枪队队员 朱利昂贝尔",6,"刻木匠","格里达尼亚",25,0,1,0,"石场水车","石场水车","未知钓场",0,False,"刻木匠","刻木匠理符任务",0,"黑衣森林南部林区","ui/icon/080000/080012.tex","制作委托：训练义勇兵用的木剑",True,0,1,39990,294,"LeveRewardItem#13","ui/icon/080000/080033.tex","ui/icon/080000/080005.tex","Level#2257677","ui/icon/110000/110019.tex",True,,"music/ffxiv/BGM_Leves.scd"
55,"制作委托：提供给鬼哭队的长枪","守卫辅城是我等鬼哭队第五枪队的使命。经历了多次战斗，有不少武器都磨损了，我们需要新的武器。衷心希望有能力制作长枪的工匠来协助我们。","鬼哭队第五枪队队员 朱利昂贝尔",6,"刻木匠","格里达尼亚",25,0,1,0,"石场水车","石场水车","未知钓场",0,False,"刻木匠","刻木匠理符任务",0,"黑衣森林南部林区","ui/icon/080000/080012.tex","制作委托：提供给鬼哭队的长枪",True,0,1,36390,388,"LeveRewardItem#13","ui/icon/080000/080033.tex","ui/icon/080000/080005.tex","Level#2257677","ui/icon/110000/110019.tex",True,,"music/ffxiv/BGM_Leves.scd"
56,"批发委托：面向义勇兵的幻具","近日辅城的情况越来越严峻，随时都有可能受到鸟人族的进攻。为此我们请来了幻术师行会的法师向义勇兵们传授基础的幻术魔法，以备不时之需。现急需招募对制作幻具有自信的工匠师傅协助我们制作一批幻具，用来给义勇兵们训练用。","鬼哭队第五枪队队员 朱利昂贝尔",6,"刻木匠","格里达尼亚",25,0,1,0,"石场水车","石场水车","未知钓场",0,False,"刻木匠","刻木匠理符任务",0,"黑衣森林南部林区","ui/icon/080000/080012.tex","批发委托：面向义勇兵的幻具",True,0,1,12000,107,"LeveRewardItem#13","ui/icon/080000/080041.tex","ui/icon/080000/080005.tex","Level#2257677","ui/icon/110000/110019.tex",True,,"music/ffxiv/BGM_Leves.scd"
57,"筹集委托：送礼用的木剑","我的主人格格鲁玖贩卖古今东西的珍品，以此发家致富。因此，他对稀有的武具十分着迷。希望有能力制作古色古香的木剑的工匠来协助我们。","格格鲁玖商会管理员 利利佛恩",6,"刻木匠","格里达尼亚",30,0,1,0,"太阳海岸","太阳海岸","未知钓场",0,False,"刻木匠","刻木匠理符任务",0,"东拉诺西亚","ui/icon/080000/080012.tex","筹集委托：送礼用的木剑",True,0,1,31070,377,"LeveRewardItem#14","ui/icon/080000/080034.tex","ui/icon/080000/080005.tex","Level#3999030","ui/icon/110000/110031.tex",True,,"music/ffxiv/BGM_Leves.scd"
58,"制作委托：用于竞技大会奖励的弓","神勇队发来了筹集特殊弓的委托。他们为了提高队员们的能力准备筹办一次弓术竞技大会，并准备给成绩优秀的队员颁发相应的奖励。因此我们需要提供一批适合当作奖品的高质量的弓。希望技术娴熟的工匠们能够为我们打造。","黑兔堂采购部长 麦森塔",6,"刻木匠","格里达尼亚",30,0,1,0,"格里达尼亚","格里达尼亚","未知钓场",0,False,"刻木匠","刻木匠理符任务",0,"格里达尼亚","ui/icon/080000/080012.tex","制作委托：用于竞技大会奖励的弓",True,0,1,64910,391,"LeveRewardItem#14","ui/icon/080000/080033.tex","ui/icon/080000/080005.tex","Level#2257767","ui/icon/110000/110007.tex",True,,"music/ffxiv/BGM_Leves.scd"
59,"批发委托：仪式典礼用的长枪","邻国伊修加德的名门福尔唐家向我们发来了用于仪式典礼的长枪的订单。福尔唐家是伊修加德四大名门之一，因此这次交易绝对不允许有任何失败。希望能有对量产长枪有自信的熟练工匠前来接受工作。","黑兔堂采购部长 麦森塔",6,"刻木匠","格里达尼亚",30,0,1,0,"格里达尼亚","格里达尼亚","未知钓场",0,False,"刻木匠","刻木匠理符任务",0,"格里达尼亚","ui/icon/080000/080012.tex","批发委托：仪式典礼用的长枪",True,0,1,31330,160,"LeveRewardItem#233","ui/icon/080000/080041.tex","ui/icon/080000/080005.tex","Level#2257767","ui/icon/110000/110007.tex",True,,"music/ffxiv/BGM_Leves.scd"
60,"制作委托：用于狩猎的长弓","我的主人格格鲁玖最近好像对“狩猎”很感兴趣。并且想要去挑战一下狩猎水牛，所以需要准备狩猎时所使用的长弓。希望有能力制作此类武器的工匠来协助我们。","格格鲁玖商会管理员 利利佛恩",6,"刻木匠","利姆萨·罗敏萨",30,0,1,0,"太阳海岸","太阳海岸","未知钓场",0,False,"刻木匠","刻木匠理符任务",0,"东拉诺西亚","ui/icon/080000/080011.tex","制作委托：用于狩猎的长弓",True,0,1,62560,428,"LeveRewardItem#15","ui/icon/080000/080033.tex","ui/icon/080000/080005.tex","Level#3999030","ui/icon/110000/110031.tex",True,,"music/ffxiv/BGM_Leves.scd"
61,"制作委托：老手佣兵用的长枪","我的主人格格鲁玖想加强太阳海岸的防卫体系。因此想雇用一批优秀的枪术师当佣兵。希望有能力制作此类老手用长枪的工匠来协助我们。","格格鲁玖商会管理员 利利佛恩",6,"刻木匠","利姆萨·罗敏萨",30,0,1,0,"太阳海岸","太阳海岸","未知钓场",0,False,"刻木匠","刻木匠理符任务",0,"东拉诺西亚","ui/icon/080000/080011.tex","制作委托：老手佣兵用的长枪",True,0,1,67730,593,"LeveRewardItem#15","ui/icon/080000/080033.tex","ui/icon/080000/080005.tex","Level#3999030","ui/icon/110000/110031.tex",True,,"music/ffxiv/BGM_Leves.scd"
62,"批发委托：捐赠给黑涡团的长枪","为向利姆萨·罗敏萨的政府表达协助之意，我的主人格格鲁玖想向黑涡团捐赠武具。为此需要数把长枪。希望有能力的工匠协助我们。","格格鲁玖商会管理员 利利佛恩",6,"刻木匠","利姆萨·罗敏萨",30,0,1,0,"太阳海岸","太阳海岸","未知钓场",0,False,"刻木匠","刻木匠理符任务",0,"东拉诺西亚","ui/icon/080000/080011.tex","批发委托：捐赠给黑涡团的长枪",True,0,1,40640,184,"LeveRewardItem#234","ui/icon/080000/080041.tex","ui/icon/080000/080005.tex","Level#3999030","ui/icon/110000/110031.tex",True,,"music/ffxiv/BGM_Leves.scd"
63,"筹集委托：格里达尼亚风格的长枪","狄兰达尔家希望我们为他们提供格里达尼亚风格的长枪。他们的骑兵使用的是金属制的长枪。由于想试验一下骨制枪是否好用，因此才订了兽骨渔枪。","酒保商人 维温娜",6,"刻木匠","格里达尼亚",35,0,1,0,"阿德内尔占星台","阿德内尔占星台","未知钓场",0,False,"刻木匠","刻木匠理符任务",0,"库尔札斯中央高地","ui/icon/080000/080012.tex","筹集委托：格里达尼亚风格的长枪",True,0,1,68670,442,"LeveRewardItem#16","ui/icon/080000/080034.tex","ui/icon/080000/080005.tex","Level#3643002","ui/icon/110000/110062.tex",True,,"music/ffxiv/BGM_Leves.scd"
64,"制作委托：橡木制幻杖","硕老树冥想窟向我们下了订单，说是想要橡木制作的幻杖，以送给见习法师做礼物。年轻的幻术师们经历了艰难的修行，肩负着格里达尼亚的未来。希望能有手艺过硬的工匠为他们制作幻杖。","黑兔堂采购部长 麦森塔",6,"刻木匠","格里达尼亚",35,0,1,0,"格里达尼亚","格里达尼亚","未知钓场",0,False,"刻木匠","刻木匠理符任务",0,"格里达尼亚","ui/icon/080000/080012.tex","制作委托：橡木制幻杖",True,0,1,105270,593,"LeveRewardItem#16","ui/icon/080000/080033.tex","ui/icon/080000/080005.tex","Level#2257767","ui/icon/110000/110007.tex",True,,"music/ffxiv/BGM_Leves.scd"
65,"批发委托：古色古香的木剑","最近，斗技场举办了个以古代文化为主题的战斗活动。要求剑斗士身着古风衣装，手持古风木剑战斗。因此向我们订了大量梣木石刃棒，希望有能力的工匠帮忙制作。","黑兔堂采购部长 麦森塔",6,"刻木匠","格里达尼亚",35,0,1,0,"格里达尼亚","格里达尼亚","未知钓场",0,False,"刻木匠","刻木匠理符任务",0,"格里达尼亚","ui/icon/080000/080012.tex","批发委托：古色古香的木剑",True,0,1,25910,211,"LeveRewardItem#235","ui/icon/080000/080041.tex","ui/icon/080000/080005.tex","Level#2257767","ui/icon/110000/110007.tex",True,,"music/ffxiv/BGM_Leves.scd"
66,"制作委托：陆行鸟弓骑兵用的弓","伊修加德四大名门之一狄兰达尔家下了订单，想为他们的骑兵团配备一批弓。由于是为斥候等轻骑兵准备的弓，因此希望能提供轻巧便携的秘银制弓。","酒保商人 维温娜",6,"刻木匠","格里达尼亚",35,0,1,0,"阿德内尔占星台","阿德内尔占星台","未知钓场",0,False,"刻木匠","刻木匠理符任务",0,"库尔札斯中央高地","ui/icon/080000/080012.tex","制作委托：陆行鸟弓骑兵用的弓",True,0,1,90240,566,"LeveRewardItem#17","ui/icon/080000/080033.tex","ui/icon/080000/080005.tex","Level#3643002","ui/icon/110000/110062.tex",True,,"music/ffxiv/BGM_Leves.scd"
67,"制作委托：面向酷寒地带的木靴","第七灵灾后，库尔札斯地区急速降温，降雪量也在逐年增加。那里的人经常要在雪地上行走，因此需要不易渗水的木靴。请为我们提供结实的木靴。","酒保商人 维温娜",6,"刻木匠","格里达尼亚",35,0,1,0,"阿德内尔占星台","阿德内尔占星台","未知钓场",0,False,"刻木匠","刻木匠理符任务",0,"库尔札斯中央高地","ui/icon/080000/080012.tex","制作委托：面向酷寒地带的木靴",True,0,1,72600,476,"LeveRewardItem#17","ui/icon/080000/080033.tex","ui/icon/080000/080005.tex","Level#3643002","ui/icon/110000/110062.tex",True,,"music/ffxiv/BGM_Leves.scd"
68,"批发委托：面向狄兰达尔家的弓","伊修加德的四大名家之一狄兰达尔家下了订单，想为他们的骑兵团配备一批弓。由于对数量有一定要求，因此希望有能力制作大量弓的冒险者来帮忙。","酒保商人 维温娜",6,"刻木匠","格里达尼亚",35,0,1,0,"阿德内尔占星台","阿德内尔占星台","未知钓场",0,False,"刻木匠","刻木匠理符任务",0,"库尔札斯中央高地","ui/icon/080000/080012.tex","批发委托：面向狄兰达尔家的弓",True,0,1,54140,182,"LeveRewardItem#236","ui/icon/080000/080041.tex","ui/icon/080000/080005.tex","Level#3643002","ui/icon/110000/110062.tex",True,,"music/ffxiv/BGM_Leves.scd"
69,"筹集委托：面向骑兵团的战戟","石卫塔负责从龙族爪下保卫伊修加德。在石卫塔沦陷之后，各骑兵团开始着手重整战力，因此对武器和防具的需求量也在增大。希望有人能为我们提供金属制枪尖的战戟。","酒保商人 兰凯尔",6,"刻木匠","格里达尼亚",40,0,1,0,"白云崖前哨","白云崖前哨","未知钓场",0,False,"刻木匠","刻木匠理符任务",0,"库尔札斯中央高地","ui/icon/080000/080012.tex","筹集委托：面向骑兵团的战戟",True,0,1,102600,625,"LeveRewardItem#18","ui/icon/080000/080034.tex","ui/icon/080000/080005.tex","Level#3643494","ui/icon/110000/110063.tex",True,,"music/ffxiv/BGM_Leves.scd"
70,"制作委托：镶嵌了翡翠的幻杖","硕老树冥想窟下了订单，希望能得到特别的幻杖。年轻的幻术师们完成了漫长的修行，终于可以作为一名法师独当一面了。请在幻杖上镶嵌上格里达尼亚最受欢迎的石材翡翠，以奖励他们。","黑兔堂采购部长 麦森塔",6,"刻木匠","格里达尼亚",40,0,1,0,"格里达尼亚","格里达尼亚","未知钓场",0,False,"刻木匠","刻木匠理符任务",0,"格里达尼亚","ui/icon/080000/080012.tex","制作委托：镶嵌了翡翠的幻杖",True,0,1,90590,736,"LeveRewardItem#18","ui/icon/080000/080033.tex","ui/icon/080000/080005.tex","Level#2257767","ui/icon/110000/110007.tex",True,,"music/ffxiv/BGM_Leves.scd"
71,"批发委托：出口用的纺车","我们想向库尔札斯地区出口纺车。当地盛产羊毛，大雪纷飞的日子里女人们就在家里纺毛线。希望有手艺精湛的工匠，为我们提供结实的优质纺车。","黑兔堂采购部长 麦森塔",6,"刻木匠","格里达尼亚",40,0,1,0,"格里达尼亚","格里达尼亚","未知钓场",0,False,"刻木匠","刻木匠理符任务",0,"格里达尼亚","ui/icon/080000/080012.tex","批发委托：出口用的纺车",True,0,1,61560,294,"LeveRewardItem#237","ui/icon/080000/080041.tex","ui/icon/080000/080005.tex","Level#2257767","ui/icon/110000/110007.tex",True,,"music/ffxiv/BGM_Leves.scd"
72,"制作委托：面向熟练骑兵的复合弓","为了能穿透龙族身上的硬鳞，狄兰达尔家的骑兵团向我们订了穿透力更强的弓。如果想要提高穿透力，那就应该利用多种素材，制作复合弓。请为我们提供。","酒保商人 兰凯尔",6,"刻木匠","格里达尼亚",40,0,1,0,"白云崖前哨","白云崖前哨","未知钓场",0,False,"刻木匠","刻木匠理符任务",0,"库尔札斯中央高地","ui/icon/080000/080012.tex","制作委托：面向熟练骑兵的复合弓",True,0,1,102600,607,"LeveRewardItem#19","ui/icon/080000/080033.tex","ui/icon/080000/080005.tex","Level#3643494","ui/icon/110000/110063.tex",True,,"music/ffxiv/BGM_Leves.scd"
73,"制作委托：面向骑兵团的砂轮","狄兰达尔家的骑兵团正在准备对龙弩炮，因此需要制作、调整零部件用的工具。请为我们提供能用来研磨细小金属零件的砂轮。","酒保商人 兰凯尔",6,"刻木匠","格里达尼亚",40,0,1,0,"白云崖前哨","白云崖前哨","未知钓场",0,False,"刻木匠","刻木匠理符任务",0,"库尔札斯中央高地","ui/icon/080000/080012.tex","制作委托：面向骑兵团的砂轮",True,0,1,63810,658,"LeveRewardItem#19","ui/icon/080000/080033.tex","ui/icon/080000/080005.tex","Level#3643494","ui/icon/110000/110063.tex",True,,"music/ffxiv/BGM_Leves.scd"
74,"批发委托：面向骑兵团的骑枪","为了夺回石卫塔，狄兰达尔家的骑兵团正在着手准备武具。该骑兵团的陆行鸟骑兵需要大量骑枪。请为我们制作一定数量的骑枪。","酒保商人 兰凯尔",6,"刻木匠","格里达尼亚",40,0,1,0,"白云崖前哨","白云崖前哨","未知钓场",0,False,"刻木匠","刻木匠理符任务",0,"库尔札斯中央高地","ui/icon/080000/080012.tex","批发委托：面向骑兵团的骑枪",True,0,1,61560,315,"LeveRewardItem#238","ui/icon/080000/080041.tex","ui/icon/080000/080005.tex","Level#3643494","ui/icon/110000/110063.tex",True,,"music/ffxiv/BGM_Leves.scd"
75,"筹集委托：清除水晶的工具","我们圣寇伊纳克财团正在调查古代亚拉戈文明的遗迹。由于遗迹处于结晶化地区，因此需要清除水晶才能继续调查。请为我们提供尖锐的三尖枪。","圣寇伊纳克财团 莎伊艾勒",6,"刻木匠","格里达尼亚",45,0,1,0,"圣寇伊纳克调查地","圣寇伊纳克调查地","未知钓场",0,False,"刻木匠","刻木匠理符任务",0,"摩杜纳","ui/icon/080000/080012.tex","筹集委托：清除水晶的工具",True,0,1,168310,845,"LeveRewardItem#20","ui/icon/080000/080034.tex","ui/icon/080000/080005.tex","Level#4258823","ui/icon/110000/110064.tex",True,,"music/ffxiv/BGM_Leves.scd"
76,"制作委托：美女留下的木靴","格里达尼亚歌剧团下了订单，需要木靴作为演出道具。新剧讲的是“围绕着在舞会留下木靴的美女展开的凄惨杀戮事件”。希望手艺高超的工匠为我们提供美丽的木靴。","黑兔堂采购部长 麦森塔",6,"刻木匠","格里达尼亚",45,0,1,0,"格里达尼亚","格里达尼亚","未知钓场",0,False,"刻木匠","刻木匠理符任务",0,"格里达尼亚","ui/icon/080000/080012.tex","制作委托：美女留下的木靴",True,0,1,106480,560,"LeveRewardItem#20","ui/icon/080000/080033.tex","ui/icon/080000/080005.tex","Level#2257767","ui/icon/110000/110007.tex",True,,"music/ffxiv/BGM_Leves.scd"
77,"批发委托：高级家具用的木材","刻木匠行会下了订单，希望能有人向他们提供红木这种高级木材。据说是要制作面向富裕阶层的高级家具。由于我们黑兔堂的库存不足以对应订单，因此希望擅长大量制作的工匠帮忙。","黑兔堂采购部长 麦森塔",6,"刻木匠","格里达尼亚",45,0,1,0,"格里达尼亚","格里达尼亚","未知钓场",0,False,"刻木匠","刻木匠理符任务",0,"格里达尼亚","ui/icon/080000/080012.tex","批发委托：高级家具用的木材",True,0,1,26790,203,"LeveRewardItem#239","ui/icon/080000/080041.tex","ui/icon/080000/080005.tex","Level#2257767","ui/icon/110000/110007.tex",True,,"music/ffxiv/BGM_Leves.scd"
78,"制作委托：用于做报酬的复合弓","摩杜纳的挖掘调查少不了勇敢的冒险者的帮助。因此我们想用高级的武器答谢熟练的冒险者。请为我们提供高级的复合弓。","圣寇伊纳克财团 莎伊艾勒",6,"刻木匠","乌尔达哈",45,0,1,0,"圣寇伊纳克调查地","圣寇伊纳克调查地","未知钓场",0,False,"刻木匠","刻木匠理符任务",0,"摩杜纳","ui/icon/080000/080013.tex","制作委托：用于做报酬的复合弓",True,0,1,85460,1145,"LeveRewardItem#21","ui/icon/080000/080033.tex","ui/icon/080000/080005.tex","Level#4258823","ui/icon/110000/110064.tex",True,,"music/ffxiv/BGM_Leves.scd"
79,"制作委托：面向佣兵的弓","由于挖掘调查中的遗迹处于银泪湖沿岸的结晶化地区，浓厚的以太吸引来了凶暴的魔物。请为前去护卫的佣兵们制作威力大射程远的弓。","圣寇伊纳克财团 莎伊艾勒",6,"刻木匠","乌尔达哈",45,0,1,0,"圣寇伊纳克调查地","圣寇伊纳克调查地","未知钓场",0,False,"刻木匠","刻木匠理符任务",0,"摩杜纳","ui/icon/080000/080013.tex","制作委托：面向佣兵的弓",True,0,1,111430,511,"LeveRewardItem#21","ui/icon/080000/080033.tex","ui/icon/080000/080005.tex","Level#4258823","ui/icon/110000/110064.tex",True,,"music/ffxiv/BGM_Leves.scd"
80,"批发委托：验证古代魔法用的咒杖","我们在古代亚拉戈文明的遗迹发现了一块石板，上面记载着能赋予魔器魔法的咒文。为验证此古代魔法的效果，请为我们制作大量样品咒杖。","圣寇伊纳克财团 莎伊艾勒",6,"刻木匠","乌尔达哈",45,0,1,0,"圣寇伊纳克调查地","圣寇伊纳克调查地","未知钓场",0,False,"刻木匠","刻木匠理符任务",0,"摩杜纳","ui/icon/080000/080013.tex","批发委托：验证古代魔法用的咒杖",True,0,1,72790,348,"LeveRewardItem#240","ui/icon/080000/080041.tex","ui/icon/080000/080005.tex","Level#4258823","ui/icon/110000/110064.tex",True,,"music/ffxiv/BGM_Leves.scd"
81,"制作委托：面向工匠的皮革头巾","以鞣皮为原料制成的皮革头巾一向很受工匠们的欢迎。因此我们必须要保证库存里不会缺货。希望能有工匠提供给我们加工好的成品。","黑兔堂采购部长 麦森塔",6,"制革匠","格里达尼亚",1,0,1,0,"格里达尼亚","格里达尼亚","未知钓场",0,False,"制革匠","制革匠理符任务",0,"格里达尼亚","ui/icon/080000/080012.tex","制作委托：面向工匠的皮革头巾",True,0,1,630,112,"LeveRewardItem#102","ui/icon/080000/080033.tex","ui/icon/080000/080005.tex","Level#2257767","ui/icon/110000/110007.tex",True,,"music/ffxiv/BGM_Leves.scd"
82,"制作委托：皮革制护腕","格里达尼亚歌剧团即将在米·凯特剧场举行一场新的演出，因此他们发来了舞台服装的订单。体型纤细的演员们还需要一些装饰品来表现出冒险者的特征，用一批鞣革护腕应该是非常合适的。希望能有技术熟练的工匠能提供支持，剧团会付出相应的报酬。","黑兔堂采购部长 麦森塔",6,"制革匠","格里达尼亚",1,0,1,0,"格里达尼亚","格里达尼亚","未知钓场",0,False,"制革匠","制革匠理符任务",0,"格里达尼亚","ui/icon/080000/080012.tex","制作委托：皮革制护腕",True,0,1,900,112,"LeveRewardItem#102","ui/icon/080000/080033.tex","ui/icon/080000/080005.tex","Level#2257767","ui/icon/110000/110007.tex",True,,"music/ffxiv/BGM_Leves.scd"
83,"筹集委托：用于新兵训练的皮靴","烤饼练兵所最近好像想要为正在训练的新兵准备皮靴。为了让新兵们能够顺利度过严厉的行军演习和渡河训练，皮靴的质量一定要有保证。希望有热心的工匠能够来参与制作。","鬼哭队第一枪队辎重兵 朗韦尔莱",6,"制革匠","格里达尼亚",1,0,1,0,"烤饼练兵所","烤饼练兵所","未知钓场",0,False,"制革匠","制革匠理符任务",0,"黑衣森林中央林区","ui/icon/080000/080012.tex","筹集委托：用于新兵训练的皮靴",True,0,1,1160,113,"LeveRewardItem#102","ui/icon/080000/080034.tex","ui/icon/080000/080005.tex","Level#2648092","ui/icon/110000/110010.tex",True,,"music/ffxiv/BGM_Leves.scd"
84,"制作委托：新手辎重兵用的皮靴","我们鬼哭队有一批新兵结束了训练成功被选拔为辎重兵。为了向他们表达出色完成训练的祝贺，同时也希望他们能够成为战友们的暗中支柱，我们准备向他们赠送一批皮靴。希望接下这个委托的工匠能够做出具有纪念意义的佳品。","鬼哭队第一枪队辎重兵 朗韦尔莱",6,"制革匠","格里达尼亚",1,0,1,0,"烤饼练兵所","烤饼练兵所","未知钓场",0,False,"制革匠","制革匠理符任务",0,"黑衣森林中央林区","ui/icon/080000/080012.tex","制作委托：新手辎重兵用的皮靴",True,0,1,1160,113,"LeveRewardItem#103","ui/icon/080000/080033.tex","ui/icon/080000/080005.tex","Level#2648092","ui/icon/110000/110010.tex",True,,"music/ffxiv/BGM_Leves.scd"
85,"制作委托：训练用的项环","鬼哭队在策划一场新兵之间的枪术模拟战，不过虽然他们使用的是训练用的特殊枪头，但是保险起见，还是需要对咽喉等要害处加以防护。因此希望有技术熟练的制革匠提供保护咽喉的鞣革项环。","鬼哭队第一枪队辎重兵 朗韦尔莱",6,"制革匠","格里达尼亚",1,0,1,0,"烤饼练兵所","烤饼练兵所","未知钓场",0,False,"制革匠","制革匠理符任务",0,"黑衣森林中央林区","ui/icon/080000/080012.tex","制作委托：训练用的项环",True,0,1,900,112,"LeveRewardItem#103","ui/icon/080000/080033.tex","ui/icon/080000/080005.tex","Level#2648092","ui/icon/110000/110010.tex",True,,"music/ffxiv/BGM_Leves.scd"
86,"筹集委托：用于练习的鞣皮","最近我们收到了制革匠行会发来的订单，要订购一份用于实习工匠修行用的鞣皮。由于是给实习工匠参考的范本，所以需要制作得非常规范。特募集手艺高超的职业工匠来参与制作。","黑兔堂采购部长 麦森塔",6,"制革匠","格里达尼亚",1,0,1,0,"格里达尼亚","格里达尼亚","未知钓场",0,False,"制革匠","制革匠理符任务",0,"格里达尼亚","ui/icon/080000/080012.tex","筹集委托：用于练习的鞣皮",True,0,1,370,112,"LeveRewardItem#103","ui/icon/080000/080034.tex","ui/icon/080000/080005.tex","Level#2257767","ui/icon/110000/110007.tex",True,,"music/ffxiv/BGM_Leves.scd"
87,"制作委托：廉价的手环","现在冒险者的数量有逐渐增加的倾向，因而廉价的手环现在非常畅销。我们急需向仓库里补货，希望有技术和经验的工匠们不要错过这次商机。","黑兔堂采购部长 麦森塔",6,"制革匠","格里达尼亚",5,0,1,0,"格里达尼亚","格里达尼亚","未知钓场",0,False,"制革匠","制革匠理符任务",0,"格里达尼亚","ui/icon/080000/080012.tex","制作委托：廉价的手环",True,0,1,4660,140,"LeveRewardItem#104","ui/icon/080000/080033.tex","ui/icon/080000/080005.tex","Level#2257767","ui/icon/110000/110007.tex",True,,"music/ffxiv/BGM_Leves.scd"
88,"制作委托：锻炼用的格斗武器","格里达尼亚歌剧团为了增强团员的身体素质，准备开始进行格斗术的训练。但是接到订单之后我们发现现有的库存不足以承担这笔交易，因此希望能够有技术熟练的工匠协助我们生产一批新货，我们会支付相应的报酬。","黑兔堂采购部长 麦森塔",6,"制革匠","格里达尼亚",5,0,1,0,"格里达尼亚","格里达尼亚","未知钓场",0,False,"制革匠","制革匠理符任务",0,"格里达尼亚","ui/icon/080000/080012.tex","制作委托：锻炼用的格斗武器",True,0,1,6840,224,"LeveRewardItem#104","ui/icon/080000/080033.tex","ui/icon/080000/080005.tex","Level#2257767","ui/icon/110000/110007.tex",True,,"music/ffxiv/BGM_Leves.scd"
89,"筹集委托：新手斥候用的长靴","我们鬼哭队有一批新兵结束了训练成功被选拔为斥候。为了向他们表达出色完成训练的祝贺，同时也希望他们能够从敌方地区顺利脱身，我们准备向他们赠送一批长靴。希望接下这个委托的工匠能够做出具有纪念意义的佳品。","鬼哭队第一枪队辎重兵 朗韦尔莱",6,"制革匠","格里达尼亚",5,0,1,0,"烤饼练兵所","烤饼练兵所","未知钓场",0,False,"制革匠","制革匠理符任务",0,"黑衣森林中央林区","ui/icon/080000/080012.tex","筹集委托：新手斥候用的长靴",True,0,1,5220,140,"LeveRewardItem#104","ui/icon/080000/080034.tex","ui/icon/080000/080005.tex","Level#2648092","ui/icon/110000/110010.tex",True,,"music/ffxiv/BGM_Leves.scd"
90,"制作委托：用于新兵训练的手套","烤饼练兵所最近好像想要为正在训练的新兵准备手套。为了让新兵在挥枪时手上不会磨出血泡，手套的质量一定要有保证。希望有热心的工匠能够来参与制作。","鬼哭队第一枪队辎重兵 朗韦尔莱",6,"制革匠","格里达尼亚",5,0,1,0,"烤饼练兵所","烤饼练兵所","未知钓场",0,False,"制革匠","制革匠理符任务",0,"黑衣森林中央林区","ui/icon/080000/080012.tex","制作委托：用于新兵训练的手套",True,0,1,4410,140,"LeveRewardItem#105","ui/icon/080000/080033.tex","ui/icon/080000/080005.tex","Level#2648092","ui/icon/110000/110010.tex",True,,"music/ffxiv/BGM_Leves.scd"
91,"制作委托：训练用的盔帽","鬼哭队在策划一场新兵之间的枪术模拟战，不过虽然他们使用的是训练用的特殊枪头，但是保险起见，还是需要对头部等要害处加以防护。因此希望有技术熟练的制革匠提供保护头部的硬革盔帽。","鬼哭队第一枪队辎重兵 朗韦尔莱",6,"制革匠","格里达尼亚",5,0,1,0,"烤饼练兵所","烤饼练兵所","未知钓场",0,False,"制革匠","制革匠理符任务",0,"黑衣森林中央林区","ui/icon/080000/080012.tex","制作委托：训练用的盔帽",True,0,1,5220,170,"LeveRewardItem#105","ui/icon/080000/080033.tex","ui/icon/080000/080005.tex","Level#2648092","ui/icon/110000/110010.tex",True,,"music/ffxiv/BGM_Leves.scd"
92,"筹集委托：面向猎人的皮手套","最近狩猎的限制在逐渐放宽，可以预见将来的需求量会逐渐增多，所以我们现在计划扩大库存的数量。这么好的商机千万不要错过，希望各位职业工匠能够尽快加入我们。","黑兔堂采购部长 麦森塔",6,"制革匠","格里达尼亚",5,0,1,0,"格里达尼亚","格里达尼亚","未知钓场",0,False,"制革匠","制革匠理符任务",0,"格里达尼亚","ui/icon/080000/080012.tex","筹集委托：面向猎人的皮手套",True,0,1,5220,140,"LeveRewardItem#105","ui/icon/080000/080034.tex","ui/icon/080000/080005.tex","Level#2257767","ui/icon/110000/110007.tex",True,,"music/ffxiv/BGM_Leves.scd"
93,"制作委托：日常用的皮靴","有传言说神勇队给新兵用的皮靴是以前阵亡队员的物品。虽然这个传言离事实大概十万八千里，不过现在神勇队在订购新的硬革皮靴这一点是确凿的。对这笔生意有兴趣的工匠可以到麦森塔那里了解详细情况。","黑兔堂采购部长 麦森塔",6,"制革匠","格里达尼亚",10,0,1,0,"格里达尼亚","格里达尼亚","未知钓场",0,False,"制革匠","制革匠理符任务",0,"格里达尼亚","ui/icon/080000/080012.tex","制作委托：日常用的皮靴",True,0,1,8430,172,"LeveRewardItem#106","ui/icon/080000/080033.tex","ui/icon/080000/080005.tex","Level#2257767","ui/icon/110000/110007.tex",True,,"music/ffxiv/BGM_Leves.scd"
94,"制作委托：日常用的护腕","硬革护腕一直是城中的热门商品，所以我们需要在仓库中常备大量存货。现招募对此感兴趣的工匠，报酬丰厚。","黑兔堂采购部长 麦森塔",6,"制革匠","格里达尼亚",10,0,1,0,"格里达尼亚","格里达尼亚","未知钓场",0,False,"制革匠","制革匠理符任务",0,"格里达尼亚","ui/icon/080000/080012.tex","制作委托：日常用的护腕",True,0,1,5330,170,"LeveRewardItem#106","ui/icon/080000/080033.tex","ui/icon/080000/080005.tex","Level#2257767","ui/icon/110000/110007.tex",True,,"music/ffxiv/BGM_Leves.scd"
95,"筹集委托：经过硬化处理的皮革","在经历过几百次旅程之后再结实的皮鞍也会损耗严重了。因此我们需要大量作为材料的硬革。希望有能力的工匠们能够提供。","莫古力礼峰牧童 奥多莉",6,"制革匠","格里达尼亚",10,0,1,0,"弯枝牧场","弯枝牧场","未知钓场",0,False,"制革匠","制革匠理符任务",0,"黑衣森林中央林区","ui/icon/080000/080012.tex","筹集委托：经过硬化处理的皮革",True,0,1,2230,170,"LeveRewardItem#106","ui/icon/080000/080034.tex","ui/icon/080000/080005.tex","Level#2119045","ui/icon/110000/110002.tex",True,,"music/ffxiv/BGM_Leves.scd"
96,"制作委托：骑手用的格斗服","在莫古力礼峰，训练陆行鸟的工作人员待遇也都很优厚，我们需要为担当训练责任的骑手们准备一些相应的装备。希望各位职业工匠们能够提供给我们格斗服的成品，我们会给出丰厚的报酬。","莫古力礼峰牧童 奥多莉",6,"制革匠","格里达尼亚",10,0,1,0,"弯枝牧场","弯枝牧场","未知钓场",0,False,"制革匠","制革匠理符任务",0,"黑衣森林中央林区","ui/icon/080000/080012.tex","制作委托：骑手用的格斗服",True,0,1,9990,170,"LeveRewardItem#107","ui/icon/080000/080033.tex","ui/icon/080000/080005.tex","Level#2119045","ui/icon/110000/110002.tex",True,,"music/ffxiv/BGM_Leves.scd"
97,"制作委托：骑手用的战靴","在莫古力礼峰，训练陆行鸟的工作人员待遇也都很优厚，我们需要为担当训练责任的骑手们准备一些相应的装备。希望各位职业工匠们能够提供给我们战靴的成品，我们会给出丰厚的报酬。","莫古力礼峰牧童 奥多莉",6,"制革匠","格里达尼亚",10,0,1,0,"弯枝牧场","弯枝牧场","未知钓场",0,False,"制革匠","制革匠理符任务",0,"黑衣森林中央林区","ui/icon/080000/080012.tex","制作委托：骑手用的战靴",True,0,1,8430,172,"LeveRewardItem#107","ui/icon/080000/080033.tex","ui/icon/080000/080005.tex","Level#2119045","ui/icon/110000/110002.tex",True,,"music/ffxiv/BGM_Leves.scd"
98,"筹集委托：提供给护卫的皮质盾牌","最近幻术皇放宽了一部分狩猎的限制，使得黑衣森林里又兴起了狩猎之风。于是现在护卫用的皮质盾牌非常畅销，我们急需向仓库里补货，希望能有工匠提供给我们加工好的成品。","黑兔堂采购部长 麦森塔",6,"制革匠","格里达尼亚",10,0,1,0,"格里达尼亚","格里达尼亚","未知钓场",0,False,"制革匠","制革匠理符任务",0,"格里达尼亚","ui/icon/080000/080012.tex","筹集委托：提供给护卫的皮质盾牌",True,0,1,9990,170,"LeveRewardItem#107","ui/icon/080000/080034.tex","ui/icon/080000/080005.tex","Level#2257767","ui/icon/110000/110007.tex",True,,"music/ffxiv/BGM_Leves.scd"
99,"制作委托：广受欢迎的项链","«黄昏»是一部描写失恋的少女不得不从活死人和狼人之间二选一的喜剧故事。自从米·凯特剧场上演了这部剧以来，主人公所佩戴的项链突然变得异常畅销。希望广大工匠不要错过此等赚钱良机。","黑兔堂采购部长 麦森塔",6,"制革匠","格里达尼亚",15,0,1,0,"格里达尼亚","格里达尼亚","未知钓场",0,False,"制革匠","制革匠理符任务",0,"格里达尼亚","ui/icon/080000/080012.tex","制作委托：广受欢迎的项链",True,0,1,10100,226,"LeveRewardItem#108","ui/icon/080000/080033.tex","ui/icon/080000/080005.tex","Level#2257767","ui/icon/110000/110007.tex",True,,"music/ffxiv/BGM_Leves.scd"
100,"制作委托：提供给园艺工的皮帽","在黑衣森林中进行作业的园艺工们都很中意皮帽这种能够保护视野的装备。现在我们的库存告急，急需补充新货，希望广大工匠不要错过此等赚钱良机。","黑兔堂采购部长 麦森塔",6,"制革匠","格里达尼亚",15,0,1,0,"格里达尼亚","格里达尼亚","未知钓场",0,False,"制革匠","制革匠理符任务",0,"格里达尼亚","ui/icon/080000/080012.tex","制作委托：提供给园艺工的皮帽",True,0,1,18910,174,"LeveRewardItem#108","ui/icon/080000/080033.tex","ui/icon/080000/080005.tex","Level#2257767","ui/icon/110000/110007.tex",True,,"music/ffxiv/BGM_Leves.scd"
101,"筹集委托：大山羊鞣皮","大山羊的鞣皮的用途非常广泛，从生活杂货到武器防具几乎都有用到这种材料。因此我们一定要保证其库存量。希望能有工匠能够提供加工过的鞣皮，我们会提供丰厚报酬。","酒保商人 艾蕾德",6,"制革匠","格里达尼亚",15,0,1,0,"霍桑山寨","霍桑山寨","未知钓场",0,False,"制革匠","制革匠理符任务",0,"黑衣森林东部林区","ui/icon/080000/080012.tex","筹集委托：大山羊鞣皮",True,0,1,6110,295,"LeveRewardItem#108","ui/icon/080000/080034.tex","ui/icon/080000/080005.tex","Level#2255476","ui/icon/110000/110004.tex",True,,"music/ffxiv/BGM_Leves.scd"
102,"制作委托：提供给鬼哭队的手环","鬼哭队准备为守护九藤地区的第四枪队队员提供新的手镯。由于训练过于严厉，手镯的损耗量很大。因此希望职业的工匠们能够热心提供已经制造完成的“硬革手环”成品。","酒保商人 艾蕾德",6,"制革匠","格里达尼亚",15,0,1,0,"霍桑山寨","霍桑山寨","未知钓场",0,False,"制革匠","制革匠理符任务",0,"黑衣森林东部林区","ui/icon/080000/080012.tex","制作委托：提供给鬼哭队的手环",True,0,1,16920,230,"LeveRewardItem#109","ui/icon/080000/080033.tex","ui/icon/080000/080005.tex","Level#2255476","ui/icon/110000/110004.tex",True,,"music/ffxiv/BGM_Leves.scd"
103,"制作委托：提供给工匠的皮靴","霍桑山寨的一部分居民向我们订购了一批工匠用的皮靴。由于森林中的环境不是很友好，因此皮靴的质量一定要过硬。对此有兴趣的工匠们请生产出订单要求的货品送到负责人艾蕾德手中。","酒保商人 艾蕾德",6,"制革匠","格里达尼亚",15,0,1,0,"霍桑山寨","霍桑山寨","未知钓场",0,False,"制革匠","制革匠理符任务",0,"黑衣森林东部林区","ui/icon/080000/080012.tex","制作委托：提供给工匠的皮靴",True,0,1,15980,343,"LeveRewardItem#109","ui/icon/080000/080033.tex","ui/icon/080000/080005.tex","Level#2255476","ui/icon/110000/110004.tex",True,,"music/ffxiv/BGM_Leves.scd"
104,"筹集委托：廉价的手箍","由于城中来了很多想要学习幻术的新人冒险者，飞·乌尔工作室所发售的廉价手箍现在非常畅销，甚至导致库存变得紧张。因此现在飞·乌尔工作室正在招募工匠加紧生产。有兴趣的工匠不妨关注一下。","黑兔堂采购部长 麦森塔",6,"制革匠","格里达尼亚",15,0,1,0,"格里达尼亚","格里达尼亚","未知钓场",0,False,"制革匠","制革匠理符任务",0,"格里达尼亚","ui/icon/080000/080012.tex","筹集委托：廉价的手箍",True,0,1,13040,230,"LeveRewardItem#109","ui/icon/080000/080034.tex","ui/icon/080000/080005.tex","Level#2257767","ui/icon/110000/110007.tex",True,,"music/ffxiv/BGM_Leves.scd"
105,"制作委托：演员用的护臂","格里达尼亚歌剧团即将上演他们的新歌剧«加尔提诺»。这场讲述5年前大战的新剧中有着很多动作性很强的表演，为了保护演员的安全，护臂之类的护具必不可少。希望有热心的工匠能够提供产品，剧团会提出丰厚的报酬。","黑兔堂采购部长 麦森塔",6,"制革匠","格里达尼亚",20,0,1,0,"格里达尼亚","格里达尼亚","未知钓场",0,False,"制革匠","制革匠理符任务",0,"格里达尼亚","ui/icon/080000/080012.tex","制作委托：演员用的护臂",True,0,1,21600,295,"LeveRewardItem#110","ui/icon/080000/080033.tex","ui/icon/080000/080005.tex","Level#2257767","ui/icon/110000/110007.tex",True,,"music/ffxiv/BGM_Leves.scd"
106,"批发委托：大山羊鞣皮","飞·乌尔工作室近日发生了一场意外，一把大火令他们损失了仓库中近1/3的大山羊鞣皮。为了补货，他们向黑兔堂提交了大量的订单。希望有热心的工匠能够来共同协力。","黑兔堂采购部长 麦森塔",6,"制革匠","格里达尼亚",20,0,1,0,"格里达尼亚","格里达尼亚","未知钓场",0,False,"制革匠","制革匠理符任务",0,"格里达尼亚","ui/icon/080000/080012.tex","批发委托：大山羊鞣皮",True,0,1,4440,107,"LeveRewardItem#110","ui/icon/080000/080041.tex","ui/icon/080000/080005.tex","Level#2257767","ui/icon/110000/110007.tex",True,,"music/ffxiv/BGM_Leves.scd"
107,"筹集委托：赠给义勇兵的鸭嘴靴","我等鬼哭队第五枪队为了表达对志愿成为义勇兵的年轻人们的谢意，准备赠送给他们一批结实的鸭嘴靴。希望擅长制作皮靴的制革匠师傅能够积极协助我们。","鬼哭队第五枪队队员 朱利昂贝尔",6,"制革匠","格里达尼亚",20,0,1,0,"石场水车","石场水车","未知钓场",0,False,"制革匠","制革匠理符任务",0,"黑衣森林南部林区","ui/icon/080000/080012.tex","筹集委托：赠给义勇兵的鸭嘴靴",True,0,1,21600,232,"LeveRewardItem#110","ui/icon/080000/080034.tex","ui/icon/080000/080005.tex","Level#2257677","ui/icon/110000/110006.tex",True,,"music/ffxiv/BGM_Leves.scd"
108,"制作委托：作业用的护手","我等鬼哭队第五枪队正在为提高辅城的防御设施做准备，其中也包括与当地居民一同修建防护壁。为了在作业中提高效率，我们需要一批结实的半指护手。希望擅长这方面的制革匠师傅能够积极协助我们。","鬼哭队第五枪队队员 朱利昂贝尔",6,"制革匠","格里达尼亚",20,0,1,0,"石场水车","石场水车","未知钓场",0,False,"制革匠","制革匠理符任务",0,"黑衣森林南部林区","ui/icon/080000/080012.tex","制作委托：作业用的护手",True,0,1,21600,295,"LeveRewardItem#111","ui/icon/080000/080033.tex","ui/icon/080000/080005.tex","Level#2257677","ui/icon/110000/110006.tex",True,,"music/ffxiv/BGM_Leves.scd"
109,"批发委托：提供给鬼哭队的钢拳","我等鬼哭队第五枪队正在筹备训练用的钢拳。为了将不法之徒绳之以法，日常的体术锻炼也是不可或缺的。因此需要相应的武器来进行训练。请有心人务必前来帮忙。","鬼哭队第五枪队队员 朱利昂贝尔",6,"制革匠","格里达尼亚",20,0,1,0,"石场水车","石场水车","未知钓场",0,False,"制革匠","制革匠理符任务",0,"黑衣森林南部林区","ui/icon/080000/080012.tex","批发委托：提供给鬼哭队的钢拳",True,0,1,10970,108,"LeveRewardItem#111","ui/icon/080000/080041.tex","ui/icon/080000/080005.tex","Level#2257677","ui/icon/110000/110006.tex",True,,"music/ffxiv/BGM_Leves.scd"
110,"制作委托：训练义勇兵用的上衣","为迎击鸟人族来袭，我等鬼哭队第五枪队正在教授辅城的年轻人枪术。为了给他们筹备装备，衷心希望有能力制作训练用上衣的工匠来协助我们。","鬼哭队第五枪队队员 朱利昂贝尔",6,"制革匠","格里达尼亚",20,0,1,0,"石场水车","石场水车","未知钓场",0,False,"制革匠","制革匠理符任务",0,"黑衣森林南部林区","ui/icon/080000/080012.tex","制作委托：训练义勇兵用的上衣",True,0,1,24710,248,"LeveRewardItem#111","ui/icon/080000/080033.tex","ui/icon/080000/080005.tex","Level#2257677","ui/icon/110000/110006.tex",True,,"music/ffxiv/BGM_Leves.scd"
111,"制作委托：大山羊革包覆的盾","上次灵灾对库尔札斯地区的畜牧业造成了相当大的打击，因此我们的大山羊革进口量也受到了很大的影响。这样下去我们会无法保证山羊革皮盾的供应。现急需能够提供成品的工匠们协助制作。","黑兔堂采购部长 麦森塔",6,"制革匠","格里达尼亚",25,0,1,0,"格里达尼亚","格里达尼亚","未知钓场",0,False,"制革匠","制革匠理符任务",0,"格里达尼亚","ui/icon/080000/080012.tex","制作委托：大山羊革包覆的盾",True,0,1,36390,317,"LeveRewardItem#112","ui/icon/080000/080033.tex","ui/icon/080000/080005.tex","Level#2257767","ui/icon/110000/110007.tex",True,,"music/ffxiv/BGM_Leves.scd"
112,"筹集委托：赠送给冒险者的手环","我等鬼哭队第五枪队为了表达对协助维持周边地区治安的冒险者们的谢意，准备赠送给他们一批手环。希望擅长制作手环的制革匠师傅能够积极协助我们。","鬼哭队第五枪队队员 朱利昂贝尔",6,"制革匠","格里达尼亚",25,0,1,0,"石场水车","石场水车","未知钓场",0,False,"制革匠","制革匠理符任务",0,"黑衣森林南部林区","ui/icon/080000/080012.tex","筹集委托：赠送给冒险者的手环",True,0,1,32460,290,"LeveRewardItem#112","ui/icon/080000/080034.tex","ui/icon/080000/080005.tex","Level#2257677","ui/icon/110000/110019.tex",True,,"music/ffxiv/BGM_Leves.scd"
113,"批发委托：领航员用的工作服","利姆萨·罗敏萨的布鲁盖尔商会向我们发来了面向领航员的工作服订单。而且特别强调需要受到海风也不会受潮的优质工作服。所以希望能有做事牢靠的工匠来参与制作。","黑兔堂采购部长 麦森塔",6,"制革匠","格里达尼亚",25,0,1,0,"格里达尼亚","格里达尼亚","未知钓场",0,False,"制革匠","制革匠理符任务",0,"格里达尼亚","ui/icon/080000/080012.tex","批发委托：领航员用的工作服",True,0,1,18490,172,"LeveRewardItem#112","ui/icon/080000/080041.tex","ui/icon/080000/080005.tex","Level#2257767","ui/icon/110000/110007.tex",True,,"music/ffxiv/BGM_Leves.scd"
114,"制作委托：赠给体术指导员的钢拳","我等鬼哭队第五枪队为了能够制服并逮捕不法之徒，相应的体术训练是不可少的。因此我们准备赠送给体术指导员一批钢拳以表达谢意。请有心的工匠师傅们务必前来协助。","鬼哭队第五枪队队员 朱利昂贝尔",6,"制革匠","格里达尼亚",25,0,1,0,"石场水车","石场水车","未知钓场",0,False,"制革匠","制革匠理符任务",0,"黑衣森林南部林区","ui/icon/080000/080012.tex","制作委托：赠给体术指导员的钢拳",True,0,1,30820,336,"LeveRewardItem#113","ui/icon/080000/080033.tex","ui/icon/080000/080005.tex","Level#2257677","ui/icon/110000/110019.tex",True,,"music/ffxiv/BGM_Leves.scd"
115,"制作委托：面向鬼哭队预备役的皮甲","我们鬼哭队第五枪队正在计划召集因情况退伍的老兵，建立为预备役。因此我们也相应地要为老兵们准备皮甲。但是现在库存的情况恐怕难以完全承受，希望能尽快有职业工匠来协助制作。","鬼哭队第五枪队队员 朱利昂贝尔",6,"制革匠","格里达尼亚",25,0,1,0,"石场水车","石场水车","未知钓场",0,False,"制革匠","制革匠理符任务",0,"黑衣森林南部林区","ui/icon/080000/080012.tex","制作委托：面向鬼哭队预备役的皮甲",True,0,1,41630,562,"LeveRewardItem#113","ui/icon/080000/080033.tex","ui/icon/080000/080005.tex","Level#2257677","ui/icon/110000/110019.tex",True,,"music/ffxiv/BGM_Leves.scd"
116,"批发委托：赠给义勇兵的鸭嘴靴","我等鬼哭队第五枪队为了表达对志愿成为义勇兵的年轻人们的谢意，准备赠送给他们一批结实的鸭嘴靴。希望擅长量产皮靴的制革匠师傅能够积极协助我们。","鬼哭队第五枪队队员 朱利昂贝尔",6,"制革匠","格里达尼亚",25,0,1,0,"石场水车","石场水车","未知钓场",0,False,"制革匠","制革匠理符任务",0,"黑衣森林南部林区","ui/icon/080000/080012.tex","批发委托：赠给义勇兵的鸭嘴靴",True,0,1,21830,107,"LeveRewardItem#113","ui/icon/080000/080041.tex","ui/icon/080000/080005.tex","Level#2257677","ui/icon/110000/110019.tex",True,,"music/ffxiv/BGM_Leves.scd"
117,"筹集委托：用作样品的眼罩","我的主人格格鲁玖发现利姆萨·罗敏萨缺乏优质皮革制品，因此想出了新的生意。我们想试验性地将皮质眼罩投入市场。希望手艺精湛的工匠能协助我们。","格格鲁玖商会管理员 利利佛恩",6,"制革匠","格里达尼亚",30,0,1,0,"太阳海岸","太阳海岸","未知钓场",0,False,"制革匠","制革匠理符任务",0,"东拉诺西亚","ui/icon/080000/080012.tex","筹集委托：用作样品的眼罩",True,0,1,52220,410,"LeveRewardItem#114","ui/icon/080000/080034.tex","ui/icon/080000/080005.tex","Level#3999030","ui/icon/110000/110031.tex",True,,"music/ffxiv/BGM_Leves.scd"
118,"品质指定：优质野猪护拳","我们之前接到了在黑檀商店街中开店的乌尔达哈商人的格斗武器订单，虽然按期缴纳了货物，却因为出现了品质问题而退了回来。因此这次我们希望缴纳让他们无话可说的最高品质货品，现招募技术力高超的熟练工匠，我们会准备丰厚的报酬。","黑兔堂采购部长 麦森塔",6,"制革匠","格里达尼亚",30,0,1,0,"格里达尼亚","格里达尼亚","未知钓场",0,False,"制革匠","制革匠理符任务",0,"格里达尼亚","ui/icon/080000/080012.tex","品质指定：优质野猪护拳",True,0,1,44230,460,"LeveRewardItem#114","ui/icon/080000/080033.tex","ui/icon/080000/080005.tex","Level#2257767","ui/icon/110000/110007.tex",True,,"music/ffxiv/BGM_Leves.scd"
119,"批发委托：巨蟾蜍革","利姆萨·罗敏萨的纳尔迪克＆威米利作坊向我们发来了巨蟾蜍革的大批量订单。看上去是打算用来给武器的把手加上防滑皮套。希望能够有擅长量产作业的熟练工匠前来协助。","黑兔堂采购部长 麦森塔",6,"制革匠","格里达尼亚",30,0,1,0,"格里达尼亚","格里达尼亚","未知钓场",0,False,"制革匠","制革匠理符任务",0,"格里达尼亚","ui/icon/080000/080012.tex","批发委托：巨蟾蜍革",True,0,1,10740,136,"LeveRewardItem#273","ui/icon/080000/080041.tex","ui/icon/080000/080005.tex","Level#2257767","ui/icon/110000/110007.tex",True,,"music/ffxiv/BGM_Leves.scd"
120,"制作委托：熟练佣兵用的皮手套","我的主人格格鲁玖想将皮手套送给护卫，用来感谢他们平时辛勤工作。希望有能力的工匠为我们制作适合佣兵使用的皮手套。","格格鲁玖商会管理员 利利佛恩",6,"制革匠","利姆萨·罗敏萨",30,0,1,0,"太阳海岸","太阳海岸","未知钓场",0,False,"制革匠","制革匠理符任务",0,"东拉诺西亚","ui/icon/080000/080011.tex","制作委托：熟练佣兵用的皮手套",True,0,1,67730,438,"LeveRewardItem#115","ui/icon/080000/080033.tex","ui/icon/080000/080005.tex","Level#3999030","ui/icon/110000/110031.tex",True,,"music/ffxiv/BGM_Leves.scd"
121,"制作委托：小猫咪的皮革项环","我的主人格格鲁玖想将革制的项环送给“一直以来和他很亲近的小猫咪”。请别想太多，使用上等的皮革，制作美丽的项环。","格格鲁玖商会管理员 利利佛恩",6,"制革匠","利姆萨·罗敏萨",30,0,1,0,"太阳海岸","太阳海岸","未知钓场",0,False,"制革匠","制革匠理符任务",0,"东拉诺西亚","ui/icon/080000/080011.tex","制作委托：小猫咪的皮革项环",True,0,1,28720,563,"LeveRewardItem#115","ui/icon/080000/080033.tex","ui/icon/080000/080005.tex","Level#3999030","ui/icon/110000/110031.tex",True,,"music/ffxiv/BGM_Leves.scd"
122,"批发委托：捐赠给黑涡团的项环","为向利姆萨·罗敏萨的政府表达协助之意，我的主人格格鲁玖想向黑涡团捐赠防具。为此需要数个项环。希望有能力的工匠协助我们。","格格鲁玖商会管理员 利利佛恩",6,"制革匠","利姆萨·罗敏萨",30,0,1,0,"太阳海岸","太阳海岸","未知钓场",0,False,"制革匠","制革匠理符任务",0,"东拉诺西亚","ui/icon/080000/080011.tex","批发委托：捐赠给黑涡团的项环",True,0,1,17230,193,"LeveRewardItem#274","ui/icon/080000/080041.tex","ui/icon/080000/080005.tex","Level#3999030","ui/icon/110000/110031.tex",True,,"music/ffxiv/BGM_Leves.scd"
123,"筹集委托：异端审问官用的鞣革手箍","领导伊修加德正教的教皇厅下了订单，说是需要面向异端审问官的鞣革手箍。想要抓捕异端者，需要有过人的魔法天赋。因此请为他们准备适合魔法高手使用的精品。","酒保商人 维温娜",6,"制革匠","格里达尼亚",35,0,1,0,"阿德内尔占星台","阿德内尔占星台","未知钓场",0,False,"制革匠","制革匠理符任务",0,"库尔札斯中央高地","ui/icon/080000/080012.tex","筹集委托：异端审问官用的鞣革手箍",True,0,1,50380,456,"LeveRewardItem#116","ui/icon/080000/080034.tex","ui/icon/080000/080005.tex","Level#3643002","ui/icon/110000/110062.tex",True,,"music/ffxiv/BGM_Leves.scd"
124,"制作委托：毒蜥蜴革皮靴","第七灵灾已经过去了5年，现在终于能够喘口气了。高价商品在格里达尼亚的销量也在逐日攀升。因此我们想推出一款用毒蜥蜴革制作的皮靴。希望干活细心的工匠来协助我们。","黑兔堂采购部长 麦森塔",6,"制革匠","格里达尼亚",35,0,1,0,"格里达尼亚","格里达尼亚","未知钓场",0,False,"制革匠","制革匠理符任务",0,"格里达尼亚","ui/icon/080000/080012.tex","制作委托：毒蜥蜴革皮靴",True,0,1,83050,407,"LeveRewardItem#116","ui/icon/080000/080033.tex","ui/icon/080000/080005.tex","Level#2257767","ui/icon/110000/110007.tex",True,,"music/ffxiv/BGM_Leves.scd"
125,"批发委托：防具用的野猪革","大国防联军双蛇党委托制革匠行会增产防具。但制造防具的重要材料不够用。请对大量制作有自信的工匠来帮我们做野猪革。","黑兔堂采购部长 麦森塔",6,"制革匠","格里达尼亚",35,0,1,0,"格里达尼亚","格里达尼亚","未知钓场",0,False,"制革匠","制革匠理符任务",0,"格里达尼亚","ui/icon/080000/080012.tex","批发委托：防具用的野猪革",True,0,1,14940,188,"LeveRewardItem#275","ui/icon/080000/080041.tex","ui/icon/080000/080005.tex","Level#2257767","ui/icon/110000/110007.tex",True,,"music/ffxiv/BGM_Leves.scd"
126,"制作委托：优质皮革格斗服","四大名门之一的福尔唐家向我们定了皮革格斗服。虽然不明白为什么要在寒冷的库尔札斯穿暴露的格斗服，但请按照订单，为我们提供精制的皮革格斗服。","酒保商人 维温娜",6,"制革匠","格里达尼亚",35,0,1,0,"阿德内尔占星台","阿德内尔占星台","未知钓场",0,False,"制革匠","制革匠理符任务",0,"库尔札斯中央高地","ui/icon/080000/080012.tex","制作委托：优质皮革格斗服",True,0,1,94160,490,"LeveRewardItem#117","ui/icon/080000/080033.tex","ui/icon/080000/080005.tex","Level#3643002","ui/icon/110000/110062.tex",True,,"music/ffxiv/BGM_Leves.scd"
127,"制作委托：望远镜技师用的护手","阿德内尔占星台下了订单，说是要为维修大型望远镜的技师准备护手。请为我们提供适合细致作业的半指护手。","酒保商人 维温娜",6,"制革匠","格里达尼亚",35,0,1,0,"阿德内尔占星台","阿德内尔占星台","未知钓场",0,False,"制革匠","制革匠理符任务",0,"库尔札斯中央高地","ui/icon/080000/080012.tex","制作委托：望远镜技师用的护手",True,0,1,94160,661,"LeveRewardItem#117","ui/icon/080000/080033.tex","ui/icon/080000/080005.tex","Level#3643002","ui/icon/110000/110062.tex",True,,"music/ffxiv/BGM_Leves.scd"
128,"批发委托：结实的皮革项环","教皇厅向我们订制了大量皮革项环。项环的具体用途不明，但从“和钢铁一样结实”这点要求分析，应该是用来束缚异端者的。不管他们用来做什么，请提供大量项环。","酒保商人 维温娜",6,"制革匠","格里达尼亚",35,0,1,0,"阿德内尔占星台","阿德内尔占星台","未知钓场",0,False,"制革匠","制革匠理符任务",0,"库尔札斯中央高地","ui/icon/080000/080012.tex","批发委托：结实的皮革项环",True,0,1,23950,147,"LeveRewardItem#276","ui/icon/080000/080041.tex","ui/icon/080000/080005.tex","Level#3643002","ui/icon/110000/110062.tex",True,,"music/ffxiv/BGM_Leves.scd"
129,"筹集委托：鸟栏管理员用的工装裤","狄兰达尔家向来注重培育陆行鸟，因此会给老练的鸟栏管理员提供丰厚的待遇。他们需要鸟栏管理员用的工作服。请为他们提供用高级野猪革缝制的工作服。","酒保商人 兰凯尔",6,"制革匠","格里达尼亚",40,0,1,0,"白云崖前哨","白云崖前哨","未知钓场",0,False,"制革匠","制革匠理符任务",0,"库尔札斯中央高地","ui/icon/080000/080012.tex","筹集委托：鸟栏管理员用的工装裤",True,0,1,102600,637,"LeveRewardItem#118","ui/icon/080000/080034.tex","ui/icon/080000/080005.tex","Level#3643494","ui/icon/110000/110063.tex",True,,"music/ffxiv/BGM_Leves.scd"
130,"制作委托：轻便短裙","不少冒险者都认为金属铠不适合在黑衣森林中活动，他们想要更轻便的衣装。请用野猪革为这些冒险者制作轻便的短裙。请对细致工作有自信的工匠前来帮忙。","黑兔堂采购部长 麦森塔",6,"制革匠","格里达尼亚",40,0,1,0,"格里达尼亚","格里达尼亚","未知钓场",0,False,"制革匠","制革匠理符任务",0,"格里达尼亚","ui/icon/080000/080012.tex","制作委托：轻便短裙",True,0,1,102600,478,"LeveRewardItem#118","ui/icon/080000/080033.tex","ui/icon/080000/080005.tex","Level#2257767","ui/icon/110000/110007.tex",True,,"music/ffxiv/BGM_Leves.scd"
131,"批发委托：拳斗士风格斗服","身着格斗服的半裸拳斗士很受斗技场的阔太太们欢迎，因此不少男士都想买此款格斗服。虽然是件很可笑的事，但不能放过此商机，请对大量制作有自信的工匠来协助我们。","黑兔堂采购部长 麦森塔",6,"制革匠","格里达尼亚",40,0,1,0,"格里达尼亚","格里达尼亚","未知钓场",0,False,"制革匠","制革匠理符任务",0,"格里达尼亚","ui/icon/080000/080012.tex","批发委托：拳斗士风格斗服",True,0,1,61560,233,"LeveRewardItem#277","ui/icon/080000/080041.tex","ui/icon/080000/080005.tex","Level#2257767","ui/icon/110000/110007.tex",True,,"music/ffxiv/BGM_Leves.scd"
132,"制作委托：受欢迎的狩猎靴","在白雪皑皑的库尔札斯，没有商品比优质的靴子更受欢迎。因此我们想保证经久不衰的长筒狩猎靴的库存。请为我们提供野猪革狩猎靴。","酒保商人 兰凯尔",6,"制革匠","格里达尼亚",40,0,1,0,"白云崖前哨","白云崖前哨","未知钓场",0,False,"制革匠","制革匠理符任务",0,"库尔札斯中央高地","ui/icon/080000/080012.tex","制作委托：受欢迎的狩猎靴",True,0,1,90590,518,"LeveRewardItem#119","ui/icon/080000/080033.tex","ui/icon/080000/080005.tex","Level#3643494","ui/icon/110000/110063.tex",True,,"music/ffxiv/BGM_Leves.scd"
133,"制作委托：鸟栏管理员用的工作服","狄兰达尔家向我们下了订单，说是需要为军用陆行鸟的鸟栏管理员订制工作服。请用高级野猪革缝制结实防寒的野猪革皮衣。","酒保商人 兰凯尔",6,"制革匠","格里达尼亚",40,0,1,0,"白云崖前哨","白云崖前哨","未知钓场",0,False,"制革匠","制革匠理符任务",0,"库尔札斯中央高地","ui/icon/080000/080012.tex","制作委托：鸟栏管理员用的工作服",True,0,1,125680,644,"LeveRewardItem#119","ui/icon/080000/080033.tex","ui/icon/080000/080005.tex","Level#3643494","ui/icon/110000/110063.tex",True,,"music/ffxiv/BGM_Leves.scd"
134,"批发委托：修补皮鞍用的毒蜥蜴革","狄兰达尔家军用陆行鸟的鸟栏管理员向我们下了订单。为修补陆行鸟的鸟鞍，他们需要毒蜥蜴革。请为我们提供乌尔达哈产高级毒蜥蜴革。","酒保商人 兰凯尔",6,"制革匠","格里达尼亚",40,0,1,0,"白云崖前哨","白云崖前哨","未知钓场",0,False,"制革匠","制革匠理符任务",0,"库尔札斯中央高地","ui/icon/080000/080012.tex","批发委托：修补皮鞍用的毒蜥蜴革",True,0,1,17230,173,"LeveRewardItem#278","ui/icon/080000/080041.tex","ui/icon/080000/080005.tex","Level#3643494","ui/icon/110000/110063.tex",True,,"music/ffxiv/BGM_Leves.scd"
135,"筹集委托：送给后勤人员的皮手套","古代亚拉戈人有这么一句话——饿着肚子无法调查。没有烹调师为我们做饭，我们就无法继续进行挖掘调查。请制作高级皮手套，送给后勤的烹调师们。","圣寇伊纳克财团 莎伊艾勒",6,"制革匠","格里达尼亚",45,0,1,0,"圣寇伊纳克调查地","圣寇伊纳克调查地","未知钓场",0,False,"制革匠","制革匠理符任务",0,"摩杜纳","ui/icon/080000/080012.tex","筹集委托：送给后勤人员的皮手套",True,0,1,137400,691,"LeveRewardItem#120","ui/icon/080000/080034.tex","ui/icon/080000/080005.tex","Level#4258823","ui/icon/110000/110064.tex",True,,"music/ffxiv/BGM_Leves.scd"
136,"制作委托：送给引退队员的手镯","神勇队向我们下了订单，说是要为引退队员制作纪念品。向常年保卫森林的老队员们表达敬意，请为他们提供高级盗龙革手镯。请对细致工作有自信的工匠来协助我们。","黑兔堂采购部长 麦森塔",6,"制革匠","格里达尼亚",45,0,1,0,"格里达尼亚","格里达尼亚","未知钓场",0,False,"制革匠","制革匠理符任务",0,"格里达尼亚","ui/icon/080000/080012.tex","制作委托：送给引退队员的手镯",True,0,1,95350,566,"LeveRewardItem#120","ui/icon/080000/080033.tex","ui/icon/080000/080005.tex","Level#2257767","ui/icon/110000/110007.tex",True,,"music/ffxiv/BGM_Leves.scd"
137,"批发委托：传说中的拳圣钢拳","乌尔达哈格斗家行会向我们下了个奇怪的订单。为了凑集活动资金，他们想贩卖传说中的拳圣武器。请提供大量的毒蜥蜴革钢拳，以供他们销售。","黑兔堂采购部长 麦森塔",6,"制革匠","格里达尼亚",45,0,1,0,"格里达尼亚","格里达尼亚","未知钓场",0,False,"制革匠","制革匠理符任务",0,"格里达尼亚","ui/icon/080000/080012.tex","批发委托：传说中的拳圣钢拳",True,0,1,54240,260,"LeveRewardItem#279","ui/icon/080000/080041.tex","ui/icon/080000/080005.tex","Level#2257767","ui/icon/110000/110007.tex",True,,"music/ffxiv/BGM_Leves.scd"
138,"制作委托：长靴","摩杜纳的结晶化地区散布着尖锐的水晶片，这些水晶片经常会划破靴子。为防止有人受伤，我们想提供长筒靴。请用盗龙革为我们制作长靴。","圣寇伊纳克财团 莎伊艾勒",6,"制革匠","乌尔达哈",45,0,1,0,"圣寇伊纳克调查地","圣寇伊纳克调查地","未知钓场",0,False,"制革匠","制革匠理符任务",0,"摩杜纳","ui/icon/080000/080013.tex","制作委托：长靴",True,0,1,137400,654,"LeveRewardItem#121","ui/icon/080000/080033.tex","ui/icon/080000/080005.tex","Level#4258823","ui/icon/110000/110064.tex",True,,"music/ffxiv/BGM_Leves.scd"
139,"制作委托：挖掘调查员用的狩猎靴","我们圣寇伊纳克财团正在挖掘调查古代亚拉戈文明的遗迹。因此需要为调查队成员准备工作靴。请为我们提供结实耐用的高级狩猎靴。","圣寇伊纳克财团 莎伊艾勒",6,"制革匠","乌尔达哈",45,0,1,0,"圣寇伊纳克调查地","圣寇伊纳克调查地","未知钓场",0,False,"制革匠","制革匠理符任务",0,"摩杜纳","ui/icon/080000/080013.tex","制作委托：挖掘调查员用的狩猎靴",True,0,1,121320,509,"LeveRewardItem#121","ui/icon/080000/080033.tex","ui/icon/080000/080005.tex","Level#4258823","ui/icon/110000/110064.tex",True,,"music/ffxiv/BGM_Leves.scd"
140,"批发委托：打包挖掘品用的皮革","有不少从遗迹里挖掘出的古代文物都处于轻轻一碰就会碎的状态。为把这些文物安全移送走，需要用高级皮革进行包装。请为我们提供大量的盗龙革。","圣寇伊纳克财团 莎伊艾勒",6,"制革匠","乌尔达哈",45,0,1,0,"圣寇伊纳克调查地","圣寇伊纳克调查地","未知钓场",0,False,"制革匠","制革匠理符任务",0,"摩杜纳","ui/icon/080000/080013.tex","批发委托：打包挖掘品用的皮革",True,0,1,23080,202,"LeveRewardItem#280","ui/icon/080000/080041.tex","ui/icon/080000/080005.tex","Level#4258823","ui/icon/110000/110064.tex",True,,"music/ffxiv/BGM_Leves.scd"
141,"制作委托：出口用的手斧","出口往格里达尼亚的农具不够了。希望能在我布鲁盖尔商会的商船出港之前制作出青铜手斧。这对踏实肯干的锻铁匠来说，应该是件不错的差事。","布鲁盖尔商会副会长 班戈·赞戈",6,"锻铁匠","利姆萨·罗敏萨",1,0,1,0,"利姆萨·罗敏萨","利姆萨·罗敏萨","未知钓场",0,False,"锻铁匠","锻铁匠理符任务",0,"利姆萨·罗敏萨","ui/icon/080000/080011.tex","制作委托：出口用的手斧",True,0,1,1160,113,"LeveRewardItem#22","ui/icon/080000/080033.tex","ui/icon/080000/080005.tex","Level#4143334","ui/icon/110000/110034.tex",True,,"music/ffxiv/BGM_Leves.scd"
142,"制作委托：库存用的铜铸锭（锻铁匠）","由于复兴的需要，各地对金属锭的需求攀高不下。为应对今后的金属价格上涨，我布鲁盖尔商会决定事先确保金属的库存。请为我们提供青铜锭。","布鲁盖尔商会副会长 班戈·赞戈",6,"锻铁匠","利姆萨·罗敏萨",1,0,1,0,"利姆萨·罗敏萨","利姆萨·罗敏萨","未知钓场",0,False,"锻铁匠","锻铁匠理符任务",0,"利姆萨·罗敏萨","ui/icon/080000/080011.tex","制作委托：库存用的铜铸锭（锻铁匠）",True,0,1,630,114,"LeveRewardItem#22","ui/icon/080000/080033.tex","ui/icon/080000/080005.tex","Level#4143334","ui/icon/110000/110034.tex",True,,"music/ffxiv/BGM_Leves.scd"
143,"筹集委托：青铜制大头铆钉（锻铁匠）","青铜铆钉可以用来制作栅栏、稳固风车，用途极广，是赤血雄鸡农场等地方村落所必需的物品。请为我们制作青铜铆钉。","赤血雄鸡农场 兹威恩威达",6,"锻铁匠","利姆萨·罗敏萨",1,0,1,0,"赤血雄鸡农场","赤血雄鸡农场","未知钓场",0,False,"锻铁匠","锻铁匠理符任务",0,"拉诺西亚低地","ui/icon/080000/080011.tex","筹集委托：青铜制大头铆钉（锻铁匠）",True,0,1,630,115,"LeveRewardItem#22","ui/icon/080000/080034.tex","ui/icon/080000/080005.tex","Level#3998970","ui/icon/110000/110030.tex",True,,"music/ffxiv/BGM_Leves.scd"
144,"制作委托：自卫用的斧头","由于地灵族最近十分活跃，因此我们农场也想配备一些自卫用的武器。斧头不光能当武器，还能作农具，因此再合适不过。请为我们制作青铜战斧。","赤血雄鸡农场 兹威恩威达",6,"锻铁匠","利姆萨·罗敏萨",1,0,1,0,"赤血雄鸡农场","赤血雄鸡农场","未知钓场",0,False,"锻铁匠","锻铁匠理符任务",0,"拉诺西亚低地","ui/icon/080000/080011.tex","制作委托：自卫用的斧头",True,0,1,1690,113,"LeveRewardItem#23","ui/icon/080000/080033.tex","ui/icon/080000/080005.tex","Level#3998970","ui/icon/110000/110030.tex",True,,"music/ffxiv/BGM_Leves.scd"
145,"制作委托：伐木用的手锯","用来做农具和栅栏的手锯已经钝了，该换个新的了。由于赤血雄鸡农场有不少人都对木匠活很生疏，所以请为我们制作易用的青铜手锯。","赤血雄鸡农场 兹威恩威达",6,"锻铁匠","利姆萨·罗敏萨",1,0,1,0,"赤血雄鸡农场","赤血雄鸡农场","未知钓场",0,False,"锻铁匠","锻铁匠理符任务",0,"拉诺西亚低地","ui/icon/080000/080011.tex","制作委托：伐木用的手锯",True,0,1,1690,113,"LeveRewardItem#23","ui/icon/080000/080033.tex","ui/icon/080000/080005.tex","Level#3998970","ui/icon/110000/110030.tex",True,,"music/ffxiv/BGM_Leves.scd"
146,"筹集委托：甲板员用的长剑","在船员集中的利姆萨·罗敏萨，用来对抗海盗的长剑很受欢迎。请提供我们商会的经典商品青铜手半剑。这对踏实肯干的锻铁匠来说，应该是件不错的差事。","布鲁盖尔商会副会长 班戈·赞戈",6,"锻铁匠","利姆萨·罗敏萨",1,0,1,0,"利姆萨·罗敏萨","利姆萨·罗敏萨","未知钓场",0,False,"锻铁匠","锻铁匠理符任务",0,"利姆萨·罗敏萨","ui/icon/080000/080011.tex","筹集委托：甲板员用的长剑",True,0,1,1330,113,"LeveRewardItem#23","ui/icon/080000/080034.tex","ui/icon/080000/080005.tex","Level#4143334","ui/icon/110000/110034.tex",True,,"music/ffxiv/BGM_Leves.scd"
147,"制作委托：面向初学者的菜刀","近来，有不少想习得一身好厨艺的冒险者来到利姆萨·罗敏萨，敲响烹调师行会的大门。以此现象为商机，为我们制作适合初学者用的厨刀。","布鲁盖尔商会副会长 班戈·赞戈",6,"锻铁匠","利姆萨·罗敏萨",5,0,1,0,"利姆萨·罗敏萨","利姆萨·罗敏萨","未知钓场",0,False,"锻铁匠","锻铁匠理符任务",0,"利姆萨·罗敏萨","ui/icon/080000/080011.tex","制作委托：面向初学者的菜刀",True,0,1,5220,140,"LeveRewardItem#24","ui/icon/080000/080033.tex","ui/icon/080000/080005.tex","Level#4143334","ui/icon/110000/110034.tex",True,,"music/ffxiv/BGM_Leves.scd"
148,"制作委托：北洋群岛风格的长剑","在利姆萨·罗敏萨有很多北洋群岛出身的北洋之民，因此，我们觉得北洋群岛的海盗所使用的长剑应该会很受欢迎。请为我们制作青铜维京剑。","布鲁盖尔商会副会长 班戈·赞戈",6,"锻铁匠","利姆萨·罗敏萨",5,0,1,0,"利姆萨·罗敏萨","利姆萨·罗敏萨","未知钓场",0,False,"锻铁匠","锻铁匠理符任务",0,"利姆萨·罗敏萨","ui/icon/080000/080011.tex","制作委托：北洋群岛风格的长剑",True,0,1,4110,168,"LeveRewardItem#24","ui/icon/080000/080033.tex","ui/icon/080000/080005.tex","Level#4143334","ui/icon/110000/110034.tex",True,,"music/ffxiv/BGM_Leves.scd"
149,"筹集委托：加工皮革用的裁皮刀","不光栽培农作物，赤血雄鸡农场还在饲养绵羊和渡渡鸟。由于现在需要加工这些家畜的皮毛，因此请为我们制作好用的青铜裁皮刀。","赤血雄鸡农场 兹威恩威达",6,"锻铁匠","利姆萨·罗敏萨",5,0,1,0,"赤血雄鸡农场","赤血雄鸡农场","未知钓场",0,False,"锻铁匠","锻铁匠理符任务",0,"拉诺西亚低地","ui/icon/080000/080011.tex","筹集委托：加工皮革用的裁皮刀",True,0,1,5220,140,"LeveRewardItem#24","ui/icon/080000/080034.tex","ui/icon/080000/080005.tex","Level#3998970","ui/icon/110000/110030.tex",True,,"music/ffxiv/BGM_Leves.scd"
150,"制作委托：调配农药用的研钵","不断导入新耕种法的赤血雄鸡农场正在试验各种农药。做农药需要用研钵。请为我们制作好用的业余研钵。","赤血雄鸡农场 兹威恩威达",6,"锻铁匠","利姆萨·罗敏萨",5,0,1,0,"赤血雄鸡农场","赤血雄鸡农场","未知钓场",0,False,"锻铁匠","锻铁匠理符任务",0,"拉诺西亚低地","ui/icon/080000/080011.tex","制作委托：调配农药用的研钵",True,0,1,5220,140,"LeveRewardItem#25","ui/icon/080000/080033.tex","ui/icon/080000/080005.tex","Level#3998970","ui/icon/110000/110030.tex",True,,"music/ffxiv/BGM_Leves.scd"
151,"制作委托：保养风车用的锤子","为了加工赤血雄鸡农场的小麦和羊毛，灰舰风车群每天都需正常运转。我们需要工具来检查、调整风车。请为我们制作用着顺手的青铜雕金锤。","赤血雄鸡农场 兹威恩威达",6,"锻铁匠","利姆萨·罗敏萨",5,0,1,0,"赤血雄鸡农场","赤血雄鸡农场","未知钓场",0,False,"锻铁匠","锻铁匠理符任务",0,"拉诺西亚低地","ui/icon/080000/080011.tex","制作委托：保养风车用的锤子",True,0,1,5220,168,"LeveRewardItem#25","ui/icon/080000/080033.tex","ui/icon/080000/080005.tex","Level#3998970","ui/icon/110000/110030.tex",True,,"music/ffxiv/BGM_Leves.scd"
152,"筹集委托：库存用的鹤嘴锄","为了制造新船，纳尔迪克＆威米利作坊需要大量矿石。因此，岛上多处地区都在进行采矿。抓住此商机，确保青铜鹤嘴锄的库存。","布鲁盖尔商会副会长 班戈·赞戈",6,"锻铁匠","利姆萨·罗敏萨",5,0,1,0,"利姆萨·罗敏萨","利姆萨·罗敏萨","未知钓场",0,False,"锻铁匠","锻铁匠理符任务",0,"利姆萨·罗敏萨","ui/icon/080000/080011.tex","筹集委托：库存用的鹤嘴锄",True,0,1,5220,168,"LeveRewardItem#25","ui/icon/080000/080034.tex","ui/icon/080000/080005.tex","Level#4143334","ui/icon/110000/110034.tex",True,,"music/ffxiv/BGM_Leves.scd"
153,"制作委托：面向初学者的锻铁工具","传言说纳尔迪克＆威米利作坊正严重缺人，因此有不少年轻人都赶来利姆萨·罗敏萨，希望能当一名工匠。以此为商机，为我们制作适合初学者用的锻铁工具。","布鲁盖尔商会副会长 班戈·赞戈",6,"锻铁匠","利姆萨·罗敏萨",10,0,1,0,"利姆萨·罗敏萨","利姆萨·罗敏萨","未知钓场",0,False,"锻铁匠","锻铁匠理符任务",0,"利姆萨·罗敏萨","ui/icon/080000/080011.tex","制作委托：面向初学者的锻铁工具",True,0,1,9990,172,"LeveRewardItem#26","ui/icon/080000/080033.tex","ui/icon/080000/080005.tex","Level#4143334","ui/icon/110000/110034.tex",True,,"music/ffxiv/BGM_Leves.scd"
154,"制作委托：出口用的骑兵剑","为了在支配着整个市场的乌尔达哈立足，我们大商会计划着进行一笔大买卖。因此我们考虑将最常见的骑兵剑作为我们的商品出售。请为我们制作青铜骑兵剑。","布鲁盖尔商会副会长 班戈·赞戈",6,"锻铁匠","利姆萨·罗敏萨",10,0,1,0,"利姆萨·罗敏萨","利姆萨·罗敏萨","未知钓场",0,False,"锻铁匠","锻铁匠理符任务",0,"利姆萨·罗敏萨","ui/icon/080000/080011.tex","制作委托：出口用的骑兵剑",True,0,1,8430,227,"LeveRewardItem#26","ui/icon/080000/080033.tex","ui/icon/080000/080005.tex","Level#4143334","ui/icon/110000/110034.tex",True,,"music/ffxiv/BGM_Leves.scd"
155,"筹集委托：用于在乌尔达哈卖的武器","由于利姆萨·罗敏萨的入港税太高，所以我把船停泊在了小麦酒港。虽然有点远，但请将能在乌尔达哈卖的武器送到小麦酒港附近的殖民地来。","个体贸易商人 弗奥恩·布里奥恩",6,"锻铁匠","利姆萨·罗敏萨",10,0,1,0,"雨燕塔殖民地","雨燕塔殖民地","未知钓场",0,False,"锻铁匠","锻铁匠理符任务",0,"西拉诺西亚","ui/icon/080000/080011.tex","筹集委托：用于在乌尔达哈卖的武器",True,0,1,9990,170,"LeveRewardItem#26","ui/icon/080000/080034.tex","ui/icon/080000/080005.tex","Level#4169749","ui/icon/110000/110032.tex",True,,"music/ffxiv/BGM_Leves.scd"
156,"制作委托：用于在乌尔达哈卖的工具","真正脑子好使的贸易商，会将经费支出节省到最少。因此我在寂寥的殖民地租便宜的房子，收集各种商品。如果有能在乌尔达哈卖的雕金工具，请送到我这里来。","个体贸易商人 弗奥恩·布里奥恩",6,"锻铁匠","利姆萨·罗敏萨",10,0,1,0,"雨燕塔殖民地","雨燕塔殖民地","未知钓场",0,False,"锻铁匠","锻铁匠理符任务",0,"西拉诺西亚","ui/icon/080000/080011.tex","制作委托：用于在乌尔达哈卖的工具",True,0,1,9990,172,"LeveRewardItem#27","ui/icon/080000/080033.tex","ui/icon/080000/080005.tex","Level#4169749","ui/icon/110000/110032.tex",True,,"music/ffxiv/BGM_Leves.scd"
157,"制作委托：用于在格里达尼亚卖的工具","利姆萨·罗敏萨的金属制品以质优闻名。虽说我的商行在地价低廉的郊区，但卖的东西都是货真价实的利姆萨·罗敏萨制品。总之，将出口用的制革工具交给我。","个体贸易商人 弗奥恩·布里奥恩",6,"锻铁匠","利姆萨·罗敏萨",10,0,1,0,"雨燕塔殖民地","雨燕塔殖民地","未知钓场",0,False,"锻铁匠","锻铁匠理符任务",0,"西拉诺西亚","ui/icon/080000/080011.tex","制作委托：用于在格里达尼亚卖的工具",True,0,1,9990,529,"LeveRewardItem#27","ui/icon/080000/080033.tex","ui/icon/080000/080005.tex","Level#4169749","ui/icon/110000/110032.tex",True,,"music/ffxiv/BGM_Leves.scd"
158,"筹集委托：受欢迎的双刃斧","双刃斧是一种很受船员欢迎的武器。对以利姆萨·罗敏萨为据点的我布鲁盖尔商会来说，它也是不可或缺的商品之一。请为我们提供精心制作的青铜双刃斧。","布鲁盖尔商会副会长 班戈·赞戈",6,"锻铁匠","利姆萨·罗敏萨",10,0,1,0,"利姆萨·罗敏萨","利姆萨·罗敏萨","未知钓场",0,False,"锻铁匠","锻铁匠理符任务",0,"利姆萨·罗敏萨","ui/icon/080000/080011.tex","筹集委托：受欢迎的双刃斧",True,0,1,13090,173,"LeveRewardItem#27","ui/icon/080000/080034.tex","ui/icon/080000/080005.tex","Level#4143334","ui/icon/110000/110034.tex",True,,"music/ffxiv/BGM_Leves.scd"
159,"制作委托：出口用的铁锭","以前都把大量的金属锭批发给纳尔迪克＆威米利作坊了，而我们商会决定将金属锭卖给乌尔达哈，以寻求更高的利润。在下一班商船出港前，将黑铁锭交给我们。","布鲁盖尔商会副会长 班戈·赞戈",6,"锻铁匠","利姆萨·罗敏萨",15,0,1,0,"利姆萨·罗敏萨","利姆萨·罗敏萨","未知钓场",0,False,"锻铁匠","锻铁匠理符任务",0,"利姆萨·罗敏萨","ui/icon/080000/080011.tex","制作委托：出口用的铁锭",True,0,1,7170,247,"LeveRewardItem#28","ui/icon/080000/080033.tex","ui/icon/080000/080005.tex","Level#4143334","ui/icon/110000/110034.tex",True,,"music/ffxiv/BGM_Leves.scd"
160,"制作委托：出口用的制革工具","即使是在排异的格里达尼亚，利姆萨·罗敏萨产的金属制品也大受好评。我们着眼格里达尼亚繁盛的皮革业，想将生产工具卖给他们。请为我们制作黑铁平斩。","布鲁盖尔商会副会长 班戈·赞戈",6,"锻铁匠","利姆萨·罗敏萨",15,0,1,0,"利姆萨·罗敏萨","利姆萨·罗敏萨","未知钓场",0,False,"锻铁匠","锻铁匠理符任务",0,"利姆萨·罗敏萨","ui/icon/080000/080011.tex","制作委托：出口用的制革工具",True,0,1,18910,236,"LeveRewardItem#28","ui/icon/080000/080033.tex","ui/icon/080000/080005.tex","Level#4143334","ui/icon/110000/110034.tex",True,,"music/ffxiv/BGM_Leves.scd"
161,"筹集委托：商船的零部件","在出港前，我必须为商船“冰灵公主号”集齐所有的航海必需品。为了未雨绸缪，还要集齐修船用的零部件。因此，请帮我筹集黑铁铆钉。","冰灵公主号商船船长 赫·兰博罗",6,"锻铁匠","利姆萨·罗敏萨",15,0,1,0,"小麦酒港","小麦酒港","未知钓场",0,False,"锻铁匠","锻铁匠理符任务",0,"西拉诺西亚","ui/icon/080000/080011.tex","筹集委托：商船的零部件",True,0,1,7170,173,"LeveRewardItem#28","ui/icon/080000/080034.tex","ui/icon/080000/080005.tex","Level#3999018","ui/icon/110000/110033.tex",True,,"music/ffxiv/BGM_Leves.scd"
162,"制作委托：用于贸易的格斗武器","我的商船“冰灵公主号”的下一个目的地是萨纳兰的黄昏湾。因此我需要能够使乌尔达哈商人满意的商品。请为我准备好用硬金属做的格斗武器。","冰灵公主号商船船长 赫·兰博罗",6,"锻铁匠","利姆萨·罗敏萨",15,0,1,0,"小麦酒港","小麦酒港","未知钓场",0,False,"锻铁匠","锻铁匠理符任务",0,"西拉诺西亚","ui/icon/080000/080011.tex","制作委托：用于贸易的格斗武器",True,0,1,13040,283,"LeveRewardItem#29","ui/icon/080000/080033.tex","ui/icon/080000/080005.tex","Level#3999018","ui/icon/110000/110033.tex",True,,"music/ffxiv/BGM_Leves.scd"
163,"制作委托：交易用制革工具","下次我想去黄昏湾和乌尔达哈的商人做买卖。他们利用陆路，与格里达尼亚也有生意往来。因此我想把适合森林之民用的制革工具卖给他们。帮我准备准备。","冰灵公主号商船船长 赫·兰博罗",6,"锻铁匠","利姆萨·罗敏萨",15,0,1,0,"小麦酒港","小麦酒港","未知钓场",0,False,"锻铁匠","锻铁匠理符任务",0,"西拉诺西亚","ui/icon/080000/080011.tex","制作委托：交易用制革工具",True,0,1,18910,235,"LeveRewardItem#29","ui/icon/080000/080033.tex","ui/icon/080000/080005.tex","Level#3999018","ui/icon/110000/110033.tex",True,,"music/ffxiv/BGM_Leves.scd"
164,"筹集委托：铸甲匠用的锤子","纳尔迪克＆威米利作坊向我们订了铸甲匠用的锤子。平时他们都是自己做锤子的，但最近因为造船导致人手不足。请为我们提供黑铁铸甲锤。","布鲁盖尔商会副会长 班戈·赞戈",6,"锻铁匠","利姆萨·罗敏萨",15,0,1,0,"利姆萨·罗敏萨","利姆萨·罗敏萨","未知钓场",0,False,"锻铁匠","锻铁匠理符任务",0,"利姆萨·罗敏萨","ui/icon/080000/080011.tex","筹集委托：铸甲匠用的锤子",True,0,1,13040,235,"LeveRewardItem#29","ui/icon/080000/080034.tex","ui/icon/080000/080005.tex","Level#4143334","ui/icon/110000/110034.tex",True,,"music/ffxiv/BGM_Leves.scd"
165,"制作委托：出口用的采矿工具","乌尔达哈的矿业十分繁盛，开发废矿山、发现新矿脉，这些事连利姆萨·罗敏萨都有所耳闻。这正是扩大乌尔达哈市场的好机会。请为我们提供用于出口推销的采矿工具。","布鲁盖尔商会副会长 班戈·赞戈",6,"锻铁匠","利姆萨·罗敏萨",20,0,1,0,"利姆萨·罗敏萨","利姆萨·罗敏萨","未知钓场",0,False,"锻铁匠","锻铁匠理符任务",0,"利姆萨·罗敏萨","ui/icon/080000/080011.tex","制作委托：出口用的采矿工具",True,0,1,21600,292,"LeveRewardItem#30","ui/icon/080000/080033.tex","ui/icon/080000/080005.tex","Level#4143334","ui/icon/110000/110034.tex",True,,"music/ffxiv/BGM_Leves.scd"
166,"批发委托：面向刻木匠行会的锤子","以前我们就和格里达尼亚的刻木匠行会有生意往来，这次和他们谈成了一笔批发工具的生意。请为当地的老手刻木匠提供大量的黑铁羊角锤。","布鲁盖尔商会副会长 班戈·赞戈",6,"锻铁匠","利姆萨·罗敏萨",20,0,1,0,"利姆萨·罗敏萨","利姆萨·罗敏萨","未知钓场",0,False,"锻铁匠","锻铁匠理符任务",0,"利姆萨·罗敏萨","ui/icon/080000/080011.tex","批发委托：面向刻木匠行会的锤子",True,0,1,12960,192,"LeveRewardItem#30","ui/icon/080000/080041.tex","ui/icon/080000/080005.tex","Level#4143334","ui/icon/110000/110034.tex",True,,"music/ffxiv/BGM_Leves.scd"
167,"筹集委托：用于调集石材的碎石锤","我等鬼哭队第五枪队为强化石场水车的防御，计划建造一圈石垣。我们需要调集石材，因此衷心希望有能力制作黑铁碎石锤的工匠来协助我们。","鬼哭队第五枪队队员 朱利昂贝尔",6,"锻铁匠","利姆萨·罗敏萨",20,0,1,0,"石场水车","石场水车","未知钓场",0,False,"锻铁匠","锻铁匠理符任务",0,"黑衣森林南部林区","ui/icon/080000/080012.tex","筹集委托：用于调集石材的碎石锤",True,0,1,21600,294,"LeveRewardItem#30","ui/icon/080000/080034.tex","ui/icon/080000/080005.tex","Level#2257677","ui/icon/110000/110006.tex",True,,"music/ffxiv/BGM_Leves.scd"
168,"制作委托：用于木工活的手锯","我等鬼哭队第五枪队为扩建石场水车的防御墙，需要加工一些木材。因此衷心希望有能力制作木工手锯的工匠来协助我们。","鬼哭队第五枪队队员 朱利昂贝尔",6,"锻铁匠","格里达尼亚",20,0,1,0,"石场水车","石场水车","未知钓场",0,False,"锻铁匠","锻铁匠理符任务",0,"黑衣森林南部林区","ui/icon/080000/080012.tex","制作委托：用于木工活的手锯",True,0,1,21600,289,"LeveRewardItem#31","ui/icon/080000/080033.tex","ui/icon/080000/080005.tex","Level#2257677","ui/icon/110000/110006.tex",True,,"music/ffxiv/BGM_Leves.scd"
169,"批发委托：义勇兵用的单手剑","石场水车出身的义勇兵中有几人对战斗很在行，他们需要用着顺手的单手剑。因此衷心希望有能力制作单手剑的工匠来协助我们。","鬼哭队第五枪队队员 朱利昂贝尔",6,"锻铁匠","格里达尼亚",20,0,1,0,"石场水车","石场水车","未知钓场",0,False,"锻铁匠","锻铁匠理符任务",0,"黑衣森林南部林区","ui/icon/080000/080012.tex","批发委托：义勇兵用的单手剑",True,0,1,12960,125,"LeveRewardItem#31","ui/icon/080000/080041.tex","ui/icon/080000/080005.tex","Level#2257677","ui/icon/110000/110006.tex",True,,"music/ffxiv/BGM_Leves.scd"
170,"制作委托：阿拉米格义勇军用的武器","移居至石场水车的阿拉米格人以义勇兵的身份向我们提供了帮助。我们想为他们提供适合格斗家使用的武器。请有心人务必前来帮忙。","鬼哭队第五枪队队员 朱利昂贝尔",6,"锻铁匠","格里达尼亚",20,0,1,0,"石场水车","石场水车","未知钓场",0,False,"锻铁匠","锻铁匠理符任务",0,"黑衣森林南部林区","ui/icon/080000/080011.tex","制作委托：阿拉米格义勇军用的武器",True,0,1,21600,252,"LeveRewardItem#31","ui/icon/080000/080033.tex","ui/icon/080000/080005.tex","Level#2257677","ui/icon/110000/110006.tex",True,,"music/ffxiv/BGM_Leves.scd"
171,"制作委托：面向中级工匠的雕金工具","经过不断努力，我们出口往乌尔达哈的商品量有所增加。为维持这一状况，我们需证明自己的商品既价廉又物美。请为我们制作乌尔达哈工匠使用的雕金工具。","布鲁盖尔商会副会长 班戈·赞戈",6,"锻铁匠","利姆萨·罗敏萨",25,0,1,0,"利姆萨·罗敏萨","利姆萨·罗敏萨","未知钓场",0,False,"锻铁匠","锻铁匠理符任务",0,"利姆萨·罗敏萨","ui/icon/080000/080011.tex","制作委托：面向中级工匠的雕金工具",True,0,1,36390,384,"LeveRewardItem#32","ui/icon/080000/080033.tex","ui/icon/080000/080005.tex","Level#4143334","ui/icon/110000/110034.tex",True,,"music/ffxiv/BGM_Leves.scd"
172,"筹集委托：训练用的长剑","我等鬼哭队第五枪队为防御鸟人族，想将战斗技术教给石场水车的猎人们。因此衷心希望有能力制作训练用的长剑的工匠来协助我们。","鬼哭队第五枪队队员 朱利昂贝尔",6,"锻铁匠","利姆萨·罗敏萨",25,0,1,0,"石场水车","石场水车","未知钓场",0,False,"锻铁匠","锻铁匠理符任务",0,"黑衣森林南部林区","ui/icon/080000/080011.tex","筹集委托：训练用的长剑",True,0,1,30820,336,"LeveRewardItem#32","ui/icon/080000/080034.tex","ui/icon/080000/080005.tex","Level#2257677","ui/icon/110000/110019.tex",True,,"music/ffxiv/BGM_Leves.scd"
173,"批发委托：面向制革匠行会的裁皮刀","在和刻木匠行会的交易成功之后，我们又与制革匠行会谈成了批发生意。因此希望能为我们提供大量锋利无比的黑铁圆革刀。","布鲁盖尔商会副会长 班戈·赞戈",6,"锻铁匠","利姆萨·罗敏萨",25,0,1,0,"利姆萨·罗敏萨","利姆萨·罗敏萨","未知钓场",0,False,"锻铁匠","锻铁匠理符任务",0,"利姆萨·罗敏萨","ui/icon/080000/080011.tex","批发委托：面向制革匠行会的裁皮刀",True,0,1,21830,114,"LeveRewardItem#32","ui/icon/080000/080041.tex","ui/icon/080000/080005.tex","Level#4143334","ui/icon/110000/110034.tex",True,,"music/ffxiv/BGM_Leves.scd"
174,"制作委托：整备武具用的工具","防卫时用的武具都是由我等鬼哭队第五枪队自己保养的。因此衷心希望有能力制作整备工具的工匠来协助我们。","鬼哭队第五枪队队员 朱利昂贝尔",6,"锻铁匠","格里达尼亚",25,0,1,0,"石场水车","石场水车","未知钓场",0,False,"锻铁匠","锻铁匠理符任务",0,"黑衣森林南部林区","ui/icon/080000/080012.tex","制作委托：整备武具用的工具",True,0,1,47200,310,"LeveRewardItem#33","ui/icon/080000/080033.tex","ui/icon/080000/080005.tex","Level#2257677","ui/icon/110000/110019.tex",True,,"music/ffxiv/BGM_Leves.scd"
175,"制作委托：作业用的手锯","我等鬼哭队第五枪队正在为迎击鸟人族来袭进行筹备，目前想要修复防御墙。但修墙所需的手锯却不够用了。因此衷心希望有能力制作木工手锯的工匠来协助我们。","鬼哭队第五枪队队员 朱利昂贝尔",6,"锻铁匠","格里达尼亚",25,0,1,0,"石场水车","石场水车","未知钓场",0,False,"锻铁匠","锻铁匠理符任务",0,"黑衣森林南部林区","ui/icon/080000/080012.tex","制作委托：作业用的手锯",True,0,1,47200,534,"LeveRewardItem#33","ui/icon/080000/080033.tex","ui/icon/080000/080005.tex","Level#2257677","ui/icon/110000/110019.tex",True,,"music/ffxiv/BGM_Leves.scd"
176,"批发委托：调配药物用的研钵","为以防万一，我等鬼哭队第五枪队想提前调配好治疗用药。因此衷心希望有能力制作大量制药用研钵的工匠来协助我们。","鬼哭队第五枪队队员 朱利昂贝尔",6,"锻铁匠","格里达尼亚",25,0,1,0,"石场水车","石场水车","未知钓场",0,False,"锻铁匠","锻铁匠理符任务",0,"黑衣森林南部林区","ui/icon/080000/080012.tex","批发委托：调配药物用的研钵",True,0,1,21830,137,"LeveRewardItem#33","ui/icon/080000/080041.tex","ui/icon/080000/080005.tex","Level#2257677","ui/icon/110000/110019.tex",True,,"music/ffxiv/BGM_Leves.scd"
177,"筹集委托：剑舞用的弯刃刀","我的主人格格鲁玖想看穿着性感的舞者为他舞剑。请制作出与舞者曼妙身姿相配、尖锐美丽的白钢弯刃刀。","格格鲁玖商会管理员 利利佛恩",6,"锻铁匠","利姆萨·罗敏萨",30,0,1,0,"太阳海岸","太阳海岸","未知钓场",0,False,"锻铁匠","锻铁匠理符任务",0,"东拉诺西亚","ui/icon/080000/080011.tex","筹集委托：剑舞用的弯刃刀",True,0,1,67730,416,"LeveRewardItem#34","ui/icon/080000/080034.tex","ui/icon/080000/080005.tex","Level#3999030","ui/icon/110000/110031.tex",True,,"music/ffxiv/BGM_Leves.scd"
178,"制作委托：刻木品评会的奖品","我布鲁盖尔商会接到了一份十分光荣的工作。在刻木匠行会主办的品评会上，需要给获奖者颁发手锯作为奖品。制作出能令获奖者倍感荣耀的有花纹的手锯。","布鲁盖尔商会副会长 班戈·赞戈",6,"锻铁匠","利姆萨·罗敏萨",30,0,1,0,"利姆萨·罗敏萨","利姆萨·罗敏萨","未知钓场",0,False,"锻铁匠","锻铁匠理符任务",0,"利姆萨·罗敏萨","ui/icon/080000/080011.tex","制作委托：刻木品评会的奖品",True,0,1,52220,389,"LeveRewardItem#34","ui/icon/080000/080033.tex","ui/icon/080000/080005.tex","Level#4143334","ui/icon/110000/110034.tex",True,,"music/ffxiv/BGM_Leves.scd"
179,"批发委托：面向矿山公司的采矿工具","乌尔达哈最著名的矿业企业艾玛吉娜矿山公司向我们预订了采矿工具。如果这笔交易能够成功，我们商会将在乌尔达哈打开市场。请为我们提供大量的白钢鹤嘴镐。","布鲁盖尔商会副会长 班戈·赞戈",6,"锻铁匠","利姆萨·罗敏萨",30,0,1,0,"利姆萨·罗敏萨","利姆萨·罗敏萨","未知钓场",0,False,"锻铁匠","锻铁匠理符任务",0,"利姆萨·罗敏萨","ui/icon/080000/080011.tex","批发委托：面向矿山公司的采矿工具",True,0,1,40640,265,"LeveRewardItem#241","ui/icon/080000/080041.tex","ui/icon/080000/080005.tex","Level#4143334","ui/icon/110000/110034.tex",True,,"music/ffxiv/BGM_Leves.scd"
180,"制作委托：小猫咪的平斩","我的主人格格鲁玖想对敏感的小猫咪做各种各样的事，因此需要平斩。请别想太多，制作轻巧便利的白钢平斩。","格格鲁玖商会管理员 利利佛恩",6,"锻铁匠","利姆萨·罗敏萨",30,0,1,0,"太阳海岸","太阳海岸","未知钓场",0,False,"锻铁匠","锻铁匠理符任务",0,"东拉诺西亚","ui/icon/080000/080011.tex","制作委托：小猫咪的平斩",True,0,1,52220,388,"LeveRewardItem#35","ui/icon/080000/080033.tex","ui/icon/080000/080005.tex","Level#3999030","ui/icon/110000/110031.tex",True,,"music/ffxiv/BGM_Leves.scd"
181,"制作委托：取椰子用的锤子","我的主人格格鲁玖最喜欢喝椰汁。请为我们制作个重量级的锤子，让长得再结实的椰子也能用力一敲就震落下来。","格格鲁玖商会管理员 利利佛恩",6,"锻铁匠","利姆萨·罗敏萨",30,0,1,0,"太阳海岸","太阳海岸","未知钓场",0,False,"锻铁匠","锻铁匠理符任务",0,"东拉诺西亚","ui/icon/080000/080011.tex","制作委托：取椰子用的锤子",True,0,1,52220,328,"LeveRewardItem#35","ui/icon/080000/080033.tex","ui/icon/080000/080005.tex","Level#3999030","ui/icon/110000/110031.tex",True,,"music/ffxiv/BGM_Leves.scd"
182,"批发委托：用于园艺的割草镰刀","我的主人格格鲁玖喜欢南洋岛屿的异国风情。虽种了产自南洋的艳丽植物，但必须精心照料才能使之茁壮成长。请为我们提供照料植物用的割草镰刀。","格格鲁玖商会管理员 利利佛恩",6,"锻铁匠","利姆萨·罗敏萨",30,0,1,0,"太阳海岸","太阳海岸","未知钓场",0,False,"锻铁匠","锻铁匠理符任务",0,"东拉诺西亚","ui/icon/080000/080011.tex","批发委托：用于园艺的割草镰刀",True,0,1,31330,181,"LeveRewardItem#242","ui/icon/080000/080041.tex","ui/icon/080000/080005.tex","Level#3999030","ui/icon/110000/110031.tex",True,,"music/ffxiv/BGM_Leves.scd"
183,"筹集委托：护身用的秘银宽刃剑","虽说阿德内尔占星台处于边境地区，远离战争前线，但也不能放松对异端者的警惕。为此，需要让阿德内尔占星台的工作人员也配备武器。请为我们准备用于防身的秘银宽刃剑。","酒保商人 维温娜",6,"锻铁匠","利姆萨·罗敏萨",35,0,1,0,"阿德内尔占星台","阿德内尔占星台","未知钓场",0,False,"锻铁匠","锻铁匠理符任务",0,"库尔札斯中央高地","ui/icon/080000/080011.tex","筹集委托：护身用的秘银宽刃剑",True,0,1,61490,497,"LeveRewardItem#36","ui/icon/080000/080034.tex","ui/icon/080000/080005.tex","Level#3643002","ui/icon/110000/110062.tex",True,,"music/ffxiv/BGM_Leves.scd"
184,"制作委托：老练制革匠用的平斩","我们与格里达尼亚制革匠行会的交易进行得很顺利。前些日子，该行会的老练制革匠向我们下了平斩的订单，不要辜负他们的期望，为他们提供钢铁制平斩。","布鲁盖尔商会副会长 班戈·赞戈",6,"锻铁匠","利姆萨·罗敏萨",35,0,1,0,"利姆萨·罗敏萨","利姆萨·罗敏萨","未知钓场",0,False,"锻铁匠","锻铁匠理符任务",0,"利姆萨·罗敏萨","ui/icon/080000/080011.tex","制作委托：老练制革匠用的平斩",True,0,1,72600,808,"LeveRewardItem#36","ui/icon/080000/080033.tex","ui/icon/080000/080005.tex","Level#4143334","ui/icon/110000/110034.tex",True,,"music/ffxiv/BGM_Leves.scd"
185,"批发委托：面向七贤堂的研钵","七贤堂向我们下了研钵的订单。他们想用从东方交易中获得的香料研制新商品，因此需要大量研钵。请提供钢铁制的优质研钵。","布鲁盖尔商会副会长 班戈·赞戈",6,"锻铁匠","利姆萨·罗敏萨",35,0,1,0,"利姆萨·罗敏萨","利姆萨·罗敏萨","未知钓场",0,False,"锻铁匠","锻铁匠理符任务",0,"利姆萨·罗敏萨","ui/icon/080000/080011.tex","批发委托：面向七贤堂的研钵",True,0,1,30230,298,"LeveRewardItem#243","ui/icon/080000/080041.tex","ui/icon/080000/080005.tex","Level#4143334","ui/icon/110000/110034.tex",True,,"music/ffxiv/BGM_Leves.scd"
186,"制作委托：望远镜技师用的工具","阿德内尔占星台下了订单，说是要为维修大型望远镜的技师准备工具。他们需要除去附着在望远镜上的冰柱，这些全是力气活，因此请为他们提供结实的工具。","酒保商人 维温娜",6,"锻铁匠","格里达尼亚",35,0,1,0,"阿德内尔占星台","阿德内尔占星台","未知钓场",0,False,"锻铁匠","锻铁匠理符任务",0,"库尔札斯中央高地","ui/icon/080000/080012.tex","制作委托：望远镜技师用的工具",True,0,1,72600,520,"LeveRewardItem#37","ui/icon/080000/080033.tex","ui/icon/080000/080005.tex","Level#3643002","ui/icon/110000/110062.tex",True,,"music/ffxiv/BGM_Leves.scd"
187,"制作委托：加工毛皮用的圆革刀","最近有不少人都狩猎魔物、野兽，用它们的皮毛御寒。为此制革时不可或缺的圆革刀卖得很火。请为我们提供尖锐的钢铁制圆革刀。 ","酒保商人 维温娜",6,"锻铁匠","格里达尼亚",35,0,1,0,"阿德内尔占星台","阿德内尔占星台","未知钓场",0,False,"锻铁匠","锻铁匠理符任务",0,"库尔札斯中央高地","ui/icon/080000/080012.tex","制作委托：加工毛皮用的圆革刀",True,0,1,72600,415,"LeveRewardItem#37","ui/icon/080000/080033.tex","ui/icon/080000/080005.tex","Level#3643002","ui/icon/110000/110062.tex",True,,"music/ffxiv/BGM_Leves.scd"
188,"批发委托：库存用的菜刀","寒流袭来后，山麓地区通往格里达尼亚的道路就会被截断，库尔札斯也会被孤立。为此要保证日常生活用品库存充足。请为我们提供一定数量的菜刀。","酒保商人 维温娜",6,"锻铁匠","格里达尼亚",35,0,1,0,"阿德内尔占星台","阿德内尔占星台","未知钓场",0,False,"锻铁匠","锻铁匠理符任务",0,"库尔札斯中央高地","ui/icon/080000/080012.tex","批发委托：库存用的菜刀",True,0,1,43560,239,"LeveRewardItem#244","ui/icon/080000/080041.tex","ui/icon/080000/080005.tex","Level#3643002","ui/icon/110000/110062.tex",True,,"music/ffxiv/BGM_Leves.scd"
189,"筹集委托：破碎用的碎石锤","狄兰达尔家的骑兵团向我们下了订单，他们需要秘银制的碎石锤。想攻打石卫塔，需要先砸碎残墙碎瓦和坏掉的门。总之，为他们提供秘银制碎石锤。","酒保商人 兰凯尔",6,"锻铁匠","利姆萨·罗敏萨",40,0,1,0,"白云崖前哨","白云崖前哨","未知钓场",0,False,"锻铁匠","锻铁匠理符任务",0,"库尔札斯中央高地","ui/icon/080000/080011.tex","筹集委托：破碎用的碎石锤",True,0,1,79510,574,"LeveRewardItem#38","ui/icon/080000/080034.tex","ui/icon/080000/080005.tex","Level#3643494","ui/icon/110000/110063.tex",True,,"music/ffxiv/BGM_Leves.scd"
190,"制作委托：出口用的手钳","制作粗糙的手钳很容易坏，反过来说，制作精良的手钳就会持久耐用。请为我们提供制作精良的秘银手钳，以供在下次贸易时贩卖。","布鲁盖尔商会副会长 班戈·赞戈",6,"锻铁匠","利姆萨·罗敏萨",40,0,1,0,"利姆萨·罗敏萨","利姆萨·罗敏萨","未知钓场",0,False,"锻铁匠","锻铁匠理符任务",0,"利姆萨·罗敏萨","ui/icon/080000/080011.tex","制作委托：出口用的手钳",True,0,1,79510,491,"LeveRewardItem#38","ui/icon/080000/080033.tex","ui/icon/080000/080005.tex","Level#4143334","ui/icon/110000/110034.tex",True,,"music/ffxiv/BGM_Leves.scd"
191,"批发委托：制造舰载炮的工具","由于帝国军的活动愈发频繁，商船的武装化也随之加速进行。纳尔迪克＆威米利作坊也开始加速增产舰载炮，但造炮的工具不够了。请提供大量的锉刀。","布鲁盖尔商会副会长 班戈·赞戈",6,"锻铁匠","利姆萨·罗敏萨",40,0,1,0,"利姆萨·罗敏萨","利姆萨·罗敏萨","未知钓场",0,False,"锻铁匠","锻铁匠理符任务",0,"利姆萨·罗敏萨","ui/icon/080000/080011.tex","批发委托：制造舰载炮的工具",True,0,1,47700,263,"LeveRewardItem#245","ui/icon/080000/080041.tex","ui/icon/080000/080005.tex","Level#4143334","ui/icon/110000/110034.tex",True,,"music/ffxiv/BGM_Leves.scd"
192,"制作委托：秘银厨刀","侍奉于狄兰达尔家的烹调师向我们订购了厨刀。在寒冷地区，食材经常会被冻住，为了能够迅速料理食材，他们需要锋利的厨刀。请为我们提供优质厨刀。","酒保商人 兰凯尔",6,"锻铁匠","格里达尼亚",40,0,1,0,"白云崖前哨","白云崖前哨","未知钓场",0,False,"锻铁匠","锻铁匠理符任务",0,"库尔札斯中央高地","ui/icon/080000/080012.tex","制作委托：秘银厨刀",True,0,1,79510,574,"LeveRewardItem#39","ui/icon/080000/080033.tex","ui/icon/080000/080005.tex","Level#3643494","ui/icon/110000/110063.tex",True,,"music/ffxiv/BGM_Leves.scd"
193,"制作委托：铸甲工匠用的锤子","白云崖前哨的铸甲工匠向我们下了锤子的订单。他每日忙于修理与龙族战斗的骑兵们的铠甲，连锤子都给磨坏了。请为他提供优质的锤子。","酒保商人 兰凯尔",6,"锻铁匠","格里达尼亚",40,0,1,0,"白云崖前哨","白云崖前哨","未知钓场",0,False,"锻铁匠","锻铁匠理符任务",0,"库尔札斯中央高地","ui/icon/080000/080012.tex","制作委托：铸甲工匠用的锤子",True,0,1,79510,484,"LeveRewardItem#39","ui/icon/080000/080033.tex","ui/icon/080000/080005.tex","Level#3643494","ui/icon/110000/110063.tex",True,,"music/ffxiv/BGM_Leves.scd"
194,"批发委托：组装攻城兵器的工具","为夺回石卫塔，狄兰达尔家的骑兵团正在准备攻城兵器。因此他们向我们下了订单，需要刻木匠用的锤子来组装攻城兵器。请为他们提供一定数量的秘银制锤子。","酒保商人 兰凯尔",6,"锻铁匠","格里达尼亚",40,0,1,0,"白云崖前哨","白云崖前哨","未知钓场",0,False,"锻铁匠","锻铁匠理符任务",0,"库尔札斯中央高地","ui/icon/080000/080012.tex","批发委托：组装攻城兵器的工具",True,0,1,47700,273,"LeveRewardItem#246","ui/icon/080000/080041.tex","ui/icon/080000/080005.tex","Level#3643494","ui/icon/110000/110063.tex",True,,"music/ffxiv/BGM_Leves.scd"
195,"筹集委托：挖掘用的裁皮刀","为了给古代亚拉戈文明的出土文物除灰，需要用上圆刃的裁皮刀。为保证今后的挖掘工作能够顺利进行，请为我们制作绿金裁皮刀。","圣寇伊纳克财团 莎伊艾勒",6,"锻铁匠","利姆萨·罗敏萨",45,0,1,0,"圣寇伊纳克调查地","圣寇伊纳克调查地","未知钓场",0,False,"锻铁匠","锻铁匠理符任务",0,"摩杜纳","ui/icon/080000/080011.tex","筹集委托：挖掘用的裁皮刀",True,0,1,137400,739,"LeveRewardItem#40","ui/icon/080000/080034.tex","ui/icon/080000/080005.tex","Level#4258823","ui/icon/110000/110064.tex",True,,"music/ffxiv/BGM_Leves.scd"
196,"制作委托：面向老练冒险者的金属锉刀","武器就是冒险者的命根子。因此有不少人都亲自护理自己的武器。我们想将高级金属锉刀卖给这类冒险者。请为我们提供优质钴铁锉刀。","布鲁盖尔商会副会长 班戈·赞戈",6,"锻铁匠","利姆萨·罗敏萨",45,0,1,0,"利姆萨·罗敏萨","利姆萨·罗敏萨","未知钓场",0,False,"锻铁匠","锻铁匠理符任务",0,"利姆萨·罗敏萨","ui/icon/080000/080011.tex","制作委托：面向老练冒险者的金属锉刀",True,0,1,106480,720,"LeveRewardItem#40","ui/icon/080000/080033.tex","ui/icon/080000/080005.tex","Level#4143334","ui/icon/110000/110034.tex",True,,"music/ffxiv/BGM_Leves.scd"
197,"批发委托：面向库尔札斯的手钳","由于与龙族的战争愈演愈烈，库尔札斯急需武具。与此同时，对制造武器的工具的需求也在日渐增多。请为我们提供大量手钳以供出口。","布鲁盖尔商会副会长 班戈·赞戈",6,"锻铁匠","利姆萨·罗敏萨",45,0,1,0,"利姆萨·罗敏萨","利姆萨·罗敏萨","未知钓场",0,False,"锻铁匠","锻铁匠理符任务",0,"利姆萨·罗敏萨","ui/icon/080000/080011.tex","批发委托：面向库尔札斯的手钳",True,0,1,63890,294,"LeveRewardItem#247","ui/icon/080000/080041.tex","ui/icon/080000/080005.tex","Level#4143334","ui/icon/110000/110034.tex",True,,"music/ffxiv/BGM_Leves.scd"
198,"制作委托：去除水晶用的工具","摩杜纳地区经常能挖掘出粘带有水晶的遗物。想要从遗物上去除水晶，需要用坚实的锤子。请为我们提供优质的钴铁圆头锤。","圣寇伊纳克财团 莎伊艾勒",6,"锻铁匠","乌尔达哈",45,0,1,0,"圣寇伊纳克调查地","圣寇伊纳克调查地","未知钓场",0,False,"锻铁匠","锻铁匠理符任务",0,"摩杜纳","ui/icon/080000/080013.tex","制作委托：去除水晶用的工具",True,0,1,137400,847,"LeveRewardItem#41","ui/icon/080000/080033.tex","ui/icon/080000/080005.tex","Level#4258823","ui/icon/110000/110064.tex",True,,"music/ffxiv/BGM_Leves.scd"
199,"制作委托：面向挖掘调查队的木匠工具","由于需要在挖掘调查队滞留的营地中搭建帐篷，因此锤子等木匠活所需工具是必不可少的。请制作优质的钴铁羊角锤。","圣寇伊纳克财团 莎伊艾勒",6,"锻铁匠","乌尔达哈",45,0,1,0,"圣寇伊纳克调查地","圣寇伊纳克调查地","未知钓场",0,False,"锻铁匠","锻铁匠理符任务",0,"摩杜纳","ui/icon/080000/080013.tex","制作委托：面向挖掘调查队的木匠工具",True,0,1,106480,599,"LeveRewardItem#41","ui/icon/080000/080033.tex","ui/icon/080000/080005.tex","Level#4258823","ui/icon/110000/110064.tex",True,,"music/ffxiv/BGM_Leves.scd"
200,"批发委托：碎水晶用的碎石锤","我们圣寇伊纳克财团所挖掘的遗迹处于结晶化地区，因此需要一边击碎坚硬的水晶一边挖掘。为此碎石锤会受到很严重的磨损。请为我们提供大量优质的碎石锤。","圣寇伊纳克财团 莎伊艾勒",6,"锻铁匠","乌尔达哈",45,0,1,0,"圣寇伊纳克调查地","圣寇伊纳克调查地","未知钓场",0,False,"锻铁匠","锻铁匠理符任务",0,"摩杜纳","ui/icon/080000/080013.tex","批发委托：碎水晶用的碎石锤",True,0,1,63890,313,"LeveRewardItem#248","ui/icon/080000/080041.tex","ui/icon/080000/080005.tex","Level#4258823","ui/icon/110000/110064.tex",True,,"music/ffxiv/BGM_Leves.scd"
201,"制作委托：库存用的铜铸锭（铸甲匠）","由于复兴的需要，各地对金属锭的需求攀高不下。为应对今后的金属价格上涨，我布鲁盖尔商会决定事先确保金属的库存。请为我们提供青铜锭。","布鲁盖尔商会副会长 班戈·赞戈",6,"铸甲匠","利姆萨·罗敏萨",1,0,1,0,"利姆萨·罗敏萨","利姆萨·罗敏萨","未知钓场",0,False,"铸甲匠","铸甲匠理符任务",0,"利姆萨·罗敏萨","ui/icon/080000/080011.tex","制作委托：库存用的铜铸锭（铸甲匠）",True,0,1,630,113,"LeveRewardItem#42","ui/icon/080000/080033.tex","ui/icon/080000/080005.tex","Level#4143334","ui/icon/110000/110034.tex",True,,"music/ffxiv/BGM_Leves.scd"
202,"制作委托：面对初学者的平底锅","近来，有不少想习得一身好厨艺的冒险者来到利姆萨·罗敏萨，敲响烹调师行会的大门。我们想向初学者贩卖适合他们的烹调工具，请为我们制作青铜平底锅。","布鲁盖尔商会副会长 班戈·赞戈",6,"铸甲匠","利姆萨·罗敏萨",1,0,1,0,"利姆萨·罗敏萨","利姆萨·罗敏萨","未知钓场",0,False,"铸甲匠","铸甲匠理符任务",0,"利姆萨·罗敏萨","ui/icon/080000/080011.tex","制作委托：面对初学者的平底锅",True,0,1,1160,115,"LeveRewardItem#42","ui/icon/080000/080033.tex","ui/icon/080000/080005.tex","Level#4143334","ui/icon/110000/110034.tex",True,,"music/ffxiv/BGM_Leves.scd"
203,"筹集委托：重锄之刃","为了更有效率地开垦土地，我们想让陆行鸟拉更重一点的犁。因此需要能够锄开坚硬土壤的金属锄刃。请制作大小适中的青铜板。","赤血雄鸡农场 兹威恩威达",6,"铸甲匠","利姆萨·罗敏萨",1,0,1,0,"赤血雄鸡农场","赤血雄鸡农场","未知钓场",0,False,"铸甲匠","铸甲匠理符任务",0,"拉诺西亚低地","ui/icon/080000/080011.tex","筹集委托：重锄之刃",True,0,1,1160,116,"LeveRewardItem#42","ui/icon/080000/080034.tex","ui/icon/080000/080005.tex","Level#3998970","ui/icon/110000/110030.tex",True,,"music/ffxiv/BGM_Leves.scd"
204,"制作委托：青铜铆钉（铸甲匠）","青铜铆钉可以用来制作栅栏、稳固风车，用途极广，是赤血雄鸡农场等地方村落所必需的物品。请为我们制作青铜铆钉。","赤血雄鸡农场 兹威恩威达",6,"铸甲匠","利姆萨·罗敏萨",1,0,1,0,"赤血雄鸡农场","赤血雄鸡农场","未知钓场",0,False,"铸甲匠","铸甲匠理符任务",0,"拉诺西亚低地","ui/icon/080000/080011.tex","制作委托：青铜铆钉（铸甲匠）",True,0,1,630,112,"LeveRewardItem#43","ui/icon/080000/080033.tex","ui/icon/080000/080005.tex","Level#3998970","ui/icon/110000/110030.tex",True,,"music/ffxiv/BGM_Leves.scd"
205,"制作委托：自卫用的盾","由于地灵族最近十分活跃，因此我们农场也想配备一些自卫用的武器。可我们在战斗方面都是门外汉，请先为我们制作自卫用的青铜重盾。","赤血雄鸡农场 兹威恩威达",6,"铸甲匠","利姆萨·罗敏萨",1,0,1,0,"赤血雄鸡农场","赤血雄鸡农场","未知钓场",0,False,"铸甲匠","铸甲匠理符任务",0,"拉诺西亚低地","ui/icon/080000/080011.tex","制作委托：自卫用的盾",True,0,1,1690,173,"LeveRewardItem#43","ui/icon/080000/080033.tex","ui/icon/080000/080005.tex","Level#3998970","ui/icon/110000/110030.tex",True,,"music/ffxiv/BGM_Leves.scd"
206,"筹集委托：出口用的蒸馏器","为了在支配着整个市场的乌尔达哈立足，我们大商会计划着进行一笔大买卖。因此，我们想卖广受乌尔达哈欢迎的蒸馏器。请为我们提供青铜蒸馏器。","布鲁盖尔商会副会长 班戈·赞戈",6,"铸甲匠","利姆萨·罗敏萨",1,0,1,0,"利姆萨·罗敏萨","利姆萨·罗敏萨","未知钓场",0,False,"铸甲匠","铸甲匠理符任务",0,"利姆萨·罗敏萨","ui/icon/080000/080011.tex","筹集委托：出口用的蒸馏器",True,0,1,1160,114,"LeveRewardItem#43","ui/icon/080000/080034.tex","ui/icon/080000/080005.tex","Level#4143334","ui/icon/110000/110034.tex",True,,"music/ffxiv/BGM_Leves.scd"
207,"制作委托：出口用的链甲","出口往格里达尼亚的武具不够了。希望能在我布鲁盖尔商会的商船出港之前调配来青铜锁子铠。这对踏实肯干的铸甲匠来说，应该是件不错的差事。","布鲁盖尔商会副会长 班戈·赞戈",6,"铸甲匠","利姆萨·罗敏萨",5,0,1,0,"利姆萨·罗敏萨","利姆萨·罗敏萨","未知钓场",0,False,"铸甲匠","铸甲匠理符任务",0,"利姆萨·罗敏萨","ui/icon/080000/080011.tex","制作委托：出口用的链甲",True,0,1,6840,144,"LeveRewardItem#44","ui/icon/080000/080033.tex","ui/icon/080000/080005.tex","Level#4143334","ui/icon/110000/110034.tex",True,,"music/ffxiv/BGM_Leves.scd"
208,"制作委托：面向斧术师行会的头盔","为了谨防在训练中意外受伤，斧术师行会向我们订了头盔。他们想要能够将头完全包裹住的结实头盔，红铜开面盔应该符合他们的要求。请为我们制作红铜开面盔。","布鲁盖尔商会副会长 班戈·赞戈",6,"铸甲匠","利姆萨·罗敏萨",5,0,1,0,"利姆萨·罗敏萨","利姆萨·罗敏萨","未知钓场",0,False,"铸甲匠","铸甲匠理符任务",0,"利姆萨·罗敏萨","ui/icon/080000/080011.tex","制作委托：面向斧术师行会的头盔",True,0,1,5220,170,"LeveRewardItem#44","ui/icon/080000/080033.tex","ui/icon/080000/080005.tex","Level#4143334","ui/icon/110000/110034.tex",True,,"music/ffxiv/BGM_Leves.scd"
209,"筹集委托：自卫用的头盔","我们需要自卫用的防具，以防地灵族的攻击。农场里能够保护头部的防具就只有锅而已，因此我们需要结实的青铜角盔。","赤血雄鸡农场 兹威恩威达",6,"铸甲匠","利姆萨·罗敏萨",5,0,1,0,"赤血雄鸡农场","赤血雄鸡农场","未知钓场",0,False,"铸甲匠","铸甲匠理符任务",0,"拉诺西亚低地","ui/icon/080000/080011.tex","筹集委托：自卫用的头盔",True,0,1,5220,170,"LeveRewardItem#44","ui/icon/080000/080034.tex","ui/icon/080000/080005.tex","Level#3998970","ui/icon/110000/110030.tex",True,,"music/ffxiv/BGM_Leves.scd"
210,"制作委托：自卫用的锁甲靴","我们需要自卫用的防具，以防地灵族的攻击。平日我们干农活，对自己的腿脚很有自信。为了给地灵族一点颜色看看，请为我们制作结实的青铜锁甲靴。","赤血雄鸡农场 兹威恩威达",6,"铸甲匠","利姆萨·罗敏萨",5,0,1,0,"赤血雄鸡农场","赤血雄鸡农场","未知钓场",0,False,"铸甲匠","铸甲匠理符任务",0,"拉诺西亚低地","ui/icon/080000/080011.tex","制作委托：自卫用的锁甲靴",True,0,1,5220,144,"LeveRewardItem#45","ui/icon/080000/080033.tex","ui/icon/080000/080005.tex","Level#3998970","ui/icon/110000/110030.tex",True,,"music/ffxiv/BGM_Leves.scd"
211,"制作委托：路障盾","虽说谁都不愿意让这种事发生，但农场遭受地灵族袭击的可能性在日益增大。为在遭到攻击时守住农场、等待救援，我们需要能将农场的门堵住的巨大方型盾。","赤血雄鸡农场 兹威恩威达",6,"铸甲匠","利姆萨·罗敏萨",5,0,1,0,"赤血雄鸡农场","赤血雄鸡农场","未知钓场",0,False,"铸甲匠","铸甲匠理符任务",0,"拉诺西亚低地","ui/icon/080000/080011.tex","制作委托：路障盾",True,0,1,8460,173,"LeveRewardItem#45","ui/icon/080000/080033.tex","ui/icon/080000/080005.tex","Level#3998970","ui/icon/110000/110030.tex",True,,"music/ffxiv/BGM_Leves.scd"
212,"筹集委托：面向骑兵的兜帽","我们想往库尔札斯地区的宗教城市伊修加德出口武具。因此需要契合当地骑兵的喜好，收购既轻便又坚固的防具。请为我们提供青铜锁甲头罩。","布鲁盖尔商会副会长 班戈·赞戈",6,"铸甲匠","利姆萨·罗敏萨",5,0,1,0,"利姆萨·罗敏萨","利姆萨·罗敏萨","未知钓场",0,False,"铸甲匠","铸甲匠理符任务",0,"利姆萨·罗敏萨","ui/icon/080000/080011.tex","筹集委托：面向骑兵的兜帽",True,0,1,5220,144,"LeveRewardItem#45","ui/icon/080000/080034.tex","ui/icon/080000/080005.tex","Level#4143334","ui/icon/110000/110034.tex",True,,"music/ffxiv/BGM_Leves.scd"
213,"制作委托：面向骑兵的头盔","我们想往库尔札斯地区的宗教城市伊修加德出口武具。据说当地骑兵喜欢不妨碍他们骑陆行鸟的青铜护腰带。在商船出港之前制作好青铜头盔。","布鲁盖尔商会副会长 班戈·赞戈",6,"铸甲匠","利姆萨·罗敏萨",10,0,1,0,"利姆萨·罗敏萨","利姆萨·罗敏萨","未知钓场",0,False,"铸甲匠","铸甲匠理符任务",0,"利姆萨·罗敏萨","ui/icon/080000/080011.tex","制作委托：面向骑兵的头盔",True,0,1,9990,175,"LeveRewardItem#46","ui/icon/080000/080033.tex","ui/icon/080000/080005.tex","Level#4143334","ui/icon/110000/110034.tex",True,,"music/ffxiv/BGM_Leves.scd"
214,"制作委托：煎蛋用的平底锅","众所周知，卢恩人族喜欢闪闪发光的东西和美味的蛋。他们的商人向我们订了煎蛋用的平底锅。请为我们制作黑铁平底锅。","布鲁盖尔商会副会长 班戈·赞戈",6,"铸甲匠","利姆萨·罗敏萨",10,0,1,0,"利姆萨·罗敏萨","利姆萨·罗敏萨","未知钓场",0,False,"铸甲匠","铸甲匠理符任务",0,"利姆萨·罗敏萨","ui/icon/080000/080011.tex","制作委托：煎蛋用的平底锅",True,0,1,6880,350,"LeveRewardItem#46","ui/icon/080000/080033.tex","ui/icon/080000/080005.tex","Level#4143334","ui/icon/110000/110034.tex",True,,"music/ffxiv/BGM_Leves.scd"
215,"筹集委托：用于在乌尔达哈卖的锁甲靴","由于利姆萨·罗敏萨的入港税太高，所以我把船停泊在了小麦酒港。虽然有点远，但请将能在乌尔达哈卖的金属的锁甲靴送到小麦酒港附近的殖民地来。","个体贸易商人 弗奥恩·布里奥恩",6,"铸甲匠","利姆萨·罗敏萨",10,0,1,0,"雨燕塔殖民地","雨燕塔殖民地","未知钓场",0,False,"铸甲匠","铸甲匠理符任务",0,"西拉诺西亚","ui/icon/080000/080011.tex","筹集委托：用于在乌尔达哈卖的锁甲靴",True,0,1,13090,287,"LeveRewardItem#46","ui/icon/080000/080034.tex","ui/icon/080000/080005.tex","Level#4169749","ui/icon/110000/110032.tex",True,,"music/ffxiv/BGM_Leves.scd"
216,"制作委托：用于在乌尔达哈卖的烹调工具","真正脑子好使的贸易商，会将经费支出节省到最少。因此我在寂寥的殖民地租便宜的房子，收集各种商品。如果有能在乌尔达哈卖的烹调工具，请送到我这里来。","个体贸易商人 弗奥恩·布里奥恩",6,"铸甲匠","利姆萨·罗敏萨",10,0,1,0,"雨燕塔殖民地","雨燕塔殖民地","未知钓场",0,False,"铸甲匠","铸甲匠理符任务",0,"西拉诺西亚","ui/icon/080000/080011.tex","制作委托：用于在乌尔达哈卖的烹调工具",True,0,1,6880,173,"LeveRewardItem#47","ui/icon/080000/080033.tex","ui/icon/080000/080005.tex","Level#4169749","ui/icon/110000/110032.tex",True,,"music/ffxiv/BGM_Leves.scd"
217,"制作委托：用于在乌尔达哈卖的蒸馏器","利姆萨·罗敏萨的金属制品以质优闻名。虽说我的商行在地价低廉的郊区，但卖的东西都是货真价实的利姆萨·罗敏萨制品。总之，将出口用的蒸馏器交给我。","个体贸易商人 弗奥恩·布里奥恩",6,"铸甲匠","利姆萨·罗敏萨",10,0,1,0,"雨燕塔殖民地","雨燕塔殖民地","未知钓场",0,False,"铸甲匠","铸甲匠理符任务",0,"西拉诺西亚","ui/icon/080000/080011.tex","制作委托：用于在乌尔达哈卖的蒸馏器",True,0,1,9990,322,"LeveRewardItem#47","ui/icon/080000/080033.tex","ui/icon/080000/080005.tex","Level#4169749","ui/icon/110000/110032.tex",True,,"music/ffxiv/BGM_Leves.scd"
218,"筹集委托：拳斗比赛用的手铠","乌尔达哈的斗技场财团向我们下了订单，需要金属制的手铠。他们在筹划举办一场用青铜手铠肉搏的拳斗比赛。请为我们提供青铜手铠。","布鲁盖尔商会副会长 班戈·赞戈",6,"铸甲匠","利姆萨·罗敏萨",10,0,1,0,"利姆萨·罗敏萨","利姆萨·罗敏萨","未知钓场",0,False,"铸甲匠","铸甲匠理符任务",0,"利姆萨·罗敏萨","ui/icon/080000/080011.tex","筹集委托：拳斗比赛用的手铠",True,0,1,9990,229,"LeveRewardItem#47","ui/icon/080000/080034.tex","ui/icon/080000/080005.tex","Level#4143334","ui/icon/110000/110034.tex",True,,"music/ffxiv/BGM_Leves.scd"
219,"制作委托：面向斧术师的头盔","我想以在利姆萨·罗敏萨学斧术的冒险者为对象做生意。我需要便宜又新奇的头盔。请为我制作黄铜开面盔。","布鲁盖尔商会副会长 班戈·赞戈",6,"铸甲匠","利姆萨·罗敏萨",15,0,1,0,"利姆萨·罗敏萨","利姆萨·罗敏萨","未知钓场",0,False,"铸甲匠","铸甲匠理符任务",0,"利姆萨·罗敏萨","ui/icon/080000/080011.tex","制作委托：面向斧术师的头盔",True,0,1,18910,270,"LeveRewardItem#48","ui/icon/080000/080033.tex","ui/icon/080000/080005.tex","Level#4143334","ui/icon/110000/110034.tex",True,,"music/ffxiv/BGM_Leves.scd"
220,"制作委托：出口用的板金铠","由于最近蜥蜴人族的攻势强劲，乌尔达哈急需佣兵，对板金铠等防具的需求也将增大。请为我们制作在乌尔达哈受欢迎的黑铁胸甲。","布鲁盖尔商会副会长 班戈·赞戈",6,"铸甲匠","利姆萨·罗敏萨",15,0,1,0,"利姆萨·罗敏萨","利姆萨·罗敏萨","未知钓场",0,False,"铸甲匠","铸甲匠理符任务",0,"利姆萨·罗敏萨","ui/icon/080000/080011.tex","制作委托：出口用的板金铠",True,0,1,18910,374,"LeveRewardItem#48","ui/icon/080000/080033.tex","ui/icon/080000/080005.tex","Level#4143334","ui/icon/110000/110034.tex",True,,"music/ffxiv/BGM_Leves.scd"
221,"筹集委托：面向船员的烹调工具","我的商船“冰灵公主号”将准备出航，但我们的烹调师说，他的平底锅生锈了，需要换一个。请为我们准备一个崭新的平底锅。","冰灵公主号商船船长 赫·兰博罗",6,"铸甲匠","利姆萨·罗敏萨",15,0,1,0,"小麦酒港","小麦酒港","未知钓场",0,False,"铸甲匠","铸甲匠理符任务",0,"西拉诺西亚","ui/icon/080000/080011.tex","筹集委托：面向船员的烹调工具",True,0,1,13040,299,"LeveRewardItem#48","ui/icon/080000/080034.tex","ui/icon/080000/080005.tex","Level#3999018","ui/icon/110000/110033.tex",True,,"music/ffxiv/BGM_Leves.scd"
222,"制作委托：船上战斗用的圆盾","我的商船“冰灵公主号”可不是一般的船，而是装备了加农炮的武装商船。为了能打败袭击我船的海盗，为我准备能用于船上战斗的圆盾。","冰灵公主号商船船长 赫·兰博罗",6,"铸甲匠","利姆萨·罗敏萨",15,0,1,0,"小麦酒港","小麦酒港","未知钓场",0,False,"铸甲匠","铸甲匠理符任务",0,"西拉诺西亚","ui/icon/080000/080011.tex","制作委托：船上战斗用的圆盾",True,0,1,18910,259,"LeveRewardItem#49","ui/icon/080000/080033.tex","ui/icon/080000/080005.tex","Level#3999018","ui/icon/110000/110033.tex",True,,"music/ffxiv/BGM_Leves.scd"
223,"制作委托：船上战斗用的手铠","海上贸易时刻与危险为伴。不光要注意暴风雨，还要小心海盗。虽说我的商船“冰灵公主号”上有加农炮，但也不能怠慢了船上战斗的准备。为我制作结实的手铠。","冰灵公主号商船船长 赫·兰博罗",6,"铸甲匠","利姆萨·罗敏萨",15,0,1,0,"小麦酒港","小麦酒港","未知钓场",0,False,"铸甲匠","铸甲匠理符任务",0,"西拉诺西亚","ui/icon/080000/080011.tex","制作委托：船上战斗用的手铠",True,0,1,18910,374,"LeveRewardItem#49","ui/icon/080000/080033.tex","ui/icon/080000/080005.tex","Level#3999018","ui/icon/110000/110033.tex",True,,"music/ffxiv/BGM_Leves.scd"
224,"筹集委托：面向酿酒师的蒸馏器","听说，在炼金术发达的乌尔达哈，可以制造一种叫蒸馏酒的酒。得知此消息后，葡萄酒港的酿酒师对蒸馏技术有了浓厚的兴趣，并向我们下了订单。请为我们提供合适的蒸馏器。","布鲁盖尔商会副会长 班戈·赞戈",6,"铸甲匠","利姆萨·罗敏萨",15,0,1,0,"利姆萨·罗敏萨","利姆萨·罗敏萨","未知钓场",0,False,"铸甲匠","铸甲匠理符任务",0,"利姆萨·罗敏萨","ui/icon/080000/080011.tex","筹集委托：面向酿酒师的蒸馏器",True,0,1,13040,402,"LeveRewardItem#49","ui/icon/080000/080034.tex","ui/icon/080000/080005.tex","Level#4143334","ui/icon/110000/110034.tex",True,,"music/ffxiv/BGM_Leves.scd"
225,"制作委托：巡夜用的机关盾","我们与乌尔达哈的生意进行得很顺利。当地的警备队铜刃团向我们下了订单，说需要适合巡夜用的带灯盾。请为我们制作黑铁机关盾。","布鲁盖尔商会副会长 班戈·赞戈",6,"铸甲匠","利姆萨·罗敏萨",20,0,1,0,"利姆萨·罗敏萨","利姆萨·罗敏萨","未知钓场",0,False,"铸甲匠","铸甲匠理符任务",0,"利姆萨·罗敏萨","ui/icon/080000/080011.tex","制作委托：巡夜用的机关盾",True,0,1,17120,330,"LeveRewardItem#50","ui/icon/080000/080033.tex","ui/icon/080000/080005.tex","Level#4143334","ui/icon/110000/110034.tex",True,,"music/ffxiv/BGM_Leves.scd"
226,"批发委托：面向角斗士武器百货的圆盾","我们与角斗士武器百货谈成了批发生意。他们需要大量能在当地热卖的金属圆盾。请为我们提供大量的镶铁小圆盾。","布鲁盖尔商会副会长 班戈·赞戈",6,"铸甲匠","利姆萨·罗敏萨",20,0,1,0,"利姆萨·罗敏萨","利姆萨·罗敏萨","未知钓场",0,False,"铸甲匠","铸甲匠理符任务",0,"利姆萨·罗敏萨","ui/icon/080000/080011.tex","批发委托：面向角斗士武器百货的圆盾",True,0,1,12960,184,"LeveRewardItem#50","ui/icon/080000/080041.tex","ui/icon/080000/080005.tex","Level#4143334","ui/icon/110000/110034.tex",True,,"music/ffxiv/BGM_Leves.scd"
227,"筹集委托：替换用的煎锅","前几天，一名鬼哭队队员在森林中巡逻时遭到了鸟人族的袭击。当时他正在做饭，因此拿起煎锅应战。虽成功击退了鸟人族，但煎锅却坏掉了。请为他准备一只替代品。","鬼哭队第五枪队队员 朱利昂贝尔",6,"铸甲匠","利姆萨·罗敏萨",20,0,1,0,"石场水车","石场水车","未知钓场",0,False,"铸甲匠","铸甲匠理符任务",0,"黑衣森林南部林区","ui/icon/080000/080012.tex","筹集委托：替换用的煎锅",True,0,1,14990,192,"LeveRewardItem#50","ui/icon/080000/080034.tex","ui/icon/080000/080005.tex","Level#2257677","ui/icon/110000/110006.tex",True,,"music/ffxiv/BGM_Leves.scd"
228,"制作委托：面向义勇兵的手铠","我等鬼哭队第五枪队正在为迎击鸟人族来袭进行筹备，需要训练辅城的年轻人们。现招募能够制作出符合他们义勇兵身份的手铠的工匠师傅。请有心人务必前来帮忙。","鬼哭队第五枪队队员 朱利昂贝尔",6,"铸甲匠","格里达尼亚",20,0,1,0,"石场水车","石场水车","未知钓场",0,False,"铸甲匠","铸甲匠理符任务",0,"黑衣森林南部林区","ui/icon/080000/080012.tex","制作委托：面向义勇兵的手铠",True,0,1,21600,308,"LeveRewardItem#51","ui/icon/080000/080033.tex","ui/icon/080000/080005.tex","Level#2257677","ui/icon/110000/110006.tex",True,,"music/ffxiv/BGM_Leves.scd"
229,"批发委托：面向义勇兵的金属头盔","我等鬼哭队第五枪队和有志成为义勇兵的居民一同保卫辅城。由于义勇兵并不是专业的士兵，为以防他们受重伤，请为我们提供结实的头盔。","鬼哭队第五枪队队员 朱利昂贝尔",6,"铸甲匠","格里达尼亚",20,0,1,0,"石场水车","石场水车","未知钓场",0,False,"铸甲匠","铸甲匠理符任务",0,"黑衣森林南部林区","ui/icon/080000/080012.tex","批发委托：面向义勇兵的金属头盔",True,0,1,12960,150,"LeveRewardItem#51","ui/icon/080000/080041.tex","ui/icon/080000/080005.tex","Level#2257677","ui/icon/110000/110006.tex",True,,"music/ffxiv/BGM_Leves.scd"
230,"制作委托：练习调配用的蒸馏器","为以防万一，我等鬼哭队第五枪队考虑自己调配治疗用药。虽想教队员调配药物，但蒸馏器却不够用。请有心人务必前来帮忙。","鬼哭队第五枪队队员 朱利昂贝尔",6,"铸甲匠","格里达尼亚",20,0,1,0,"石场水车","石场水车","未知钓场",0,False,"铸甲匠","铸甲匠理符任务",0,"黑衣森林南部林区","ui/icon/080000/080011.tex","制作委托：练习调配用的蒸馏器",True,0,1,14990,294,"LeveRewardItem#51","ui/icon/080000/080033.tex","ui/icon/080000/080005.tex","Level#2257677","ui/icon/110000/110006.tex",True,,"music/ffxiv/BGM_Leves.scd"
231,"制作委托：出口用的白钢铸锭","金属锭是销往宗教城市伊修加德的重要出口品。为对付龙，白钢铸锭的价格在当地飞涨。请为我们提供白钢锭。","布鲁盖尔商会副会长 班戈·赞戈",6,"铸甲匠","利姆萨·罗敏萨",25,0,1,0,"利姆萨·罗敏萨","利姆萨·罗敏萨","未知钓场",0,False,"铸甲匠","铸甲匠理符任务",0,"利姆萨·罗敏萨","ui/icon/080000/080011.tex","制作委托：出口用的白钢铸锭",True,0,1,16080,287,"LeveRewardItem#52","ui/icon/080000/080033.tex","ui/icon/080000/080005.tex","Level#4143334","ui/icon/110000/110034.tex",True,,"music/ffxiv/BGM_Leves.scd"
232,"筹集委托：面向义勇兵的锁甲靴","我等鬼哭队第五枪队要为奋起保卫辅城的年轻人发放锁甲靴，以防他们在与鸟人族的战斗中负伤。因此衷心希望有能力的工匠来协助我们。","鬼哭队第五枪队队员 朱利昂贝尔",6,"铸甲匠","利姆萨·罗敏萨",25,0,1,0,"石场水车","石场水车","未知钓场",0,False,"铸甲匠","铸甲匠理符任务",0,"黑衣森林南部林区","ui/icon/080000/080011.tex","筹集委托：面向义勇兵的锁甲靴",True,0,1,69150,329,"LeveRewardItem#52","ui/icon/080000/080034.tex","ui/icon/080000/080005.tex","Level#2257677","ui/icon/110000/110019.tex",True,,"music/ffxiv/BGM_Leves.scd"
233,"批发委托：面向福尔唐家族的头盔","伊修加德的四大名门之一，福尔唐家向我们下了白钢头盔的订单。由于要发放给家族的骑兵团，因此需要的数量很多。请为我们提供大量的白钢角盔。","布鲁盖尔商会副会长 班戈·赞戈",6,"铸甲匠","利姆萨·罗敏萨",25,0,1,0,"利姆萨·罗敏萨","利姆萨·罗敏萨","未知钓场",0,False,"铸甲匠","铸甲匠理符任务",0,"利姆萨·罗敏萨","ui/icon/080000/080011.tex","批发委托：面向福尔唐家族的头盔",True,0,1,21830,271,"LeveRewardItem#52","ui/icon/080000/080041.tex","ui/icon/080000/080005.tex","Level#4143334","ui/icon/110000/110034.tex",True,,"music/ffxiv/BGM_Leves.scd"
234,"制作委托：调配药物用的蒸馏器","为以防万一，我等鬼哭队第五枪队想提前调配好治疗用药。因此衷心希望有能力制作抽取药液的蒸馏器的工匠来协助我们。","鬼哭队第五枪队队员 朱利昂贝尔",6,"铸甲匠","格里达尼亚",25,0,1,0,"石场水车","石场水车","未知钓场",0,False,"铸甲匠","铸甲匠理符任务",0,"黑衣森林南部林区","ui/icon/080000/080012.tex","制作委托：调配药物用的蒸馏器",True,0,1,36390,406,"LeveRewardItem#53","ui/icon/080000/080033.tex","ui/icon/080000/080005.tex","Level#2257677","ui/icon/110000/110019.tex",True,,"music/ffxiv/BGM_Leves.scd"
235,"制作委托：面向教官的板金铠","我等鬼哭队第五枪队正在教授义勇兵们枪术。为防止扮演敌人的教官受伤，我们需要板金铠。衷心希望有能力制作厚重板金铠的工匠来协助我们。","鬼哭队第五枪队队员 朱利昂贝尔",6,"铸甲匠","格里达尼亚",25,0,1,0,"石场水车","石场水车","未知钓场",0,False,"铸甲匠","铸甲匠理符任务",0,"黑衣森林南部林区","ui/icon/080000/080012.tex","制作委托：面向教官的板金铠",True,0,1,58010,346,"LeveRewardItem#53","ui/icon/080000/080033.tex","ui/icon/080000/080005.tex","Level#2257677","ui/icon/110000/110019.tex",True,,"music/ffxiv/BGM_Leves.scd"
236,"批发委托：面向义勇兵的链甲","我等鬼哭队第五枪队要为奋起成为义勇兵的年轻人发放链甲，以防他们在与鸟人族的战斗中负伤。因此衷心希望有能力的工匠来协助我们。","鬼哭队第五枪队队员 朱利昂贝尔",6,"铸甲匠","格里达尼亚",25,0,1,0,"石场水车","石场水车","未知钓场",0,False,"铸甲匠","铸甲匠理符任务",0,"黑衣森林南部林区","ui/icon/080000/080012.tex","批发委托：面向义勇兵的链甲",True,0,1,28320,273,"LeveRewardItem#53","ui/icon/080000/080041.tex","ui/icon/080000/080005.tex","Level#2257677","ui/icon/110000/110019.tex",True,,"music/ffxiv/BGM_Leves.scd"
237,"筹集委托：赠给剑斗士的装饰盾","我的主人格格鲁玖是在乌尔达哈发家致富的，因此至今他都着迷于乌尔达哈的剑斗士。请为我们提供美丽的装饰盾，以用来赠给独立门户的剑斗士。","格格鲁玖商会管理员 利利佛恩",6,"铸甲匠","利姆萨·罗敏萨",30,0,1,0,"太阳海岸","太阳海岸","未知钓场",0,False,"铸甲匠","铸甲匠理符任务",0,"东拉诺西亚","ui/icon/080000/080011.tex","筹集委托：赠给剑斗士的装饰盾",True,0,1,52220,467,"LeveRewardItem#54","ui/icon/080000/080034.tex","ui/icon/080000/080005.tex","Level#3999030","ui/icon/110000/110031.tex",True,,"music/ffxiv/BGM_Leves.scd"
238,"制作委托：猛牛花纹的圆盾","劳班局长以前被称为阿拉米格猛牛，是位十分有人气的剑斗士。因此直到现在，与劳班局长有关的武具仍在乌尔达哈热销。请为我们制作雕有猛牛花纹的圆盾，以作为我们的招牌商品。","布鲁盖尔商会副会长 班戈·赞戈",6,"铸甲匠","利姆萨·罗敏萨",30,0,1,0,"利姆萨·罗敏萨","利姆萨·罗敏萨","未知钓场",0,False,"铸甲匠","铸甲匠理符任务",0,"利姆萨·罗敏萨","ui/icon/080000/080011.tex","制作委托：猛牛花纹的圆盾",True,0,1,67730,520,"LeveRewardItem#54","ui/icon/080000/080033.tex","ui/icon/080000/080005.tex","Level#4143334","ui/icon/110000/110034.tex",True,,"music/ffxiv/BGM_Leves.scd"
239,"批发委托：大量的长筒靴","经过不断努力，我们出口往乌尔达哈的商品量有所增加。尤其是金属制防具，物美价廉，极受欢迎。为了更进一步降低商品价格，请为我们提供大量白钢长筒靴。","布鲁盖尔商会副会长 班戈·赞戈",6,"铸甲匠","利姆萨·罗敏萨",30,0,1,0,"利姆萨·罗敏萨","利姆萨·罗敏萨","未知钓场",0,False,"铸甲匠","铸甲匠理符任务",0,"利姆萨·罗敏萨","ui/icon/080000/080011.tex","批发委托：大量的长筒靴",True,0,1,26530,176,"LeveRewardItem#249","ui/icon/080000/080041.tex","ui/icon/080000/080005.tex","Level#4143334","ui/icon/110000/110034.tex",True,,"music/ffxiv/BGM_Leves.scd"
240,"制作委托：专属烹调师用的平底锅","我的主人格格鲁玖是个美食家。因此，他从利姆萨·罗敏萨的烹调师行会雇用来了专属烹调师。请为他的专属烹调师制作平底锅。","格格鲁玖商会管理员 利利佛恩",6,"铸甲匠","利姆萨·罗敏萨",30,0,1,0,"太阳海岸","太阳海岸","未知钓场",0,False,"铸甲匠","铸甲匠理符任务",0,"东拉诺西亚","ui/icon/080000/080011.tex","制作委托：专属烹调师用的平底锅",True,0,1,36240,414,"LeveRewardItem#55","ui/icon/080000/080033.tex","ui/icon/080000/080005.tex","Level#3999030","ui/icon/110000/110031.tex",True,,"music/ffxiv/BGM_Leves.scd"
241,"制作委托：小猫咪的头盔","我的主人格格鲁玖的品味很绅士，他想让他“喜欢的小猫咪”戴上金属头盔。请别想太多，为我们制作白钢头盔。","格格鲁玖商会管理员 利利佛恩",6,"铸甲匠","利姆萨·罗敏萨",30,0,1,0,"太阳海岸","太阳海岸","未知钓场",0,False,"铸甲匠","铸甲匠理符任务",0,"东拉诺西亚","ui/icon/080000/080011.tex","制作委托：小猫咪的头盔",True,0,1,67730,486,"LeveRewardItem#55","ui/icon/080000/080033.tex","ui/icon/080000/080005.tex","Level#3999030","ui/icon/110000/110031.tex",True,,"music/ffxiv/BGM_Leves.scd"
242,"批发委托：老手佣兵用的锁甲靴","我的主人格格鲁玖想改善护卫的装备。请为我们大量提供适合老手佣兵使用的锁甲靴，有能力的工匠，请务必协助我们。","格格鲁玖商会管理员 利利佛恩",6,"铸甲匠","利姆萨·罗敏萨",30,0,1,0,"太阳海岸","太阳海岸","未知钓场",0,False,"铸甲匠","铸甲匠理符任务",0,"东拉诺西亚","ui/icon/080000/080011.tex","批发委托：老手佣兵用的锁甲靴",True,0,1,49940,313,"LeveRewardItem#250","ui/icon/080000/080041.tex","ui/icon/080000/080005.tex","Level#3999030","ui/icon/110000/110031.tex",True,,"music/ffxiv/BGM_Leves.scd"
243,"筹集委托：大型望远镜的零件","阿德内尔占星台的技师向我们下了订单，希望我们提供秘银板作为备用零部件。为艾欧泽亚最大的望远镜提供纯度极高的秘银板。","酒保商人 维温娜",6,"铸甲匠","利姆萨·罗敏萨",35,0,1,0,"阿德内尔占星台","阿德内尔占星台","未知钓场",0,False,"铸甲匠","铸甲匠理符任务",0,"库尔札斯中央高地","ui/icon/080000/080011.tex","筹集委托：大型望远镜的零件",True,0,1,50380,488,"LeveRewardItem#56","ui/icon/080000/080034.tex","ui/icon/080000/080005.tex","Level#3643002","ui/icon/110000/110062.tex",True,,"music/ffxiv/BGM_Leves.scd"
244,"制作委托：面向雕金匠的秘银锭","现在，秘银在乌尔达哈十分流行。当地的雕金匠行会向我们订了秘银锭。请提供散发着银光的高纯度秘银锭。","布鲁盖尔商会副会长 班戈·赞戈",6,"铸甲匠","利姆萨·罗敏萨",35,0,1,0,"利姆萨·罗敏萨","利姆萨·罗敏萨","未知钓场",0,False,"铸甲匠","铸甲匠理符任务",0,"利姆萨·罗敏萨","ui/icon/080000/080011.tex","制作委托：面向雕金匠的秘银锭",True,0,1,28820,377,"LeveRewardItem#56","ui/icon/080000/080033.tex","ui/icon/080000/080005.tex","Level#4143334","ui/icon/110000/110034.tex",True,,"music/ffxiv/BGM_Leves.scd"
245,"批发委托：面向佣兵的板金铠","现在，适合肉搏战时使用的板金铠在乌尔达哈十分流行。由于蜥蜴人族愈发猖獗，佣兵们扎堆购买防护性能高的板金铠。请为我们提供大量板金铠。","布鲁盖尔商会副会长 班戈·赞戈",6,"铸甲匠","利姆萨·罗敏萨",35,0,1,0,"利姆萨·罗敏萨","利姆萨·罗敏萨","未知钓场",0,False,"铸甲匠","铸甲匠理符任务",0,"利姆萨·罗敏萨","ui/icon/080000/080011.tex","批发委托：面向佣兵的板金铠",True,0,1,82760,319,"LeveRewardItem#251","ui/icon/080000/080041.tex","ui/icon/080000/080005.tex","Level#4143334","ui/icon/110000/110034.tex",True,,"music/ffxiv/BGM_Leves.scd"
246,"制作委托：面向骑兵团的手铠","狄兰达尔家的骑兵团向我们订了骑兵用的防具。其中大部分我们都有库存，但只有手铠的库存不够了。请为我们提供可以保护整个手部的兽角鳞指套。","酒保商人 维温娜",6,"铸甲匠","格里达尼亚",35,0,1,0,"阿德内尔占星台","阿德内尔占星台","未知钓场",0,False,"铸甲匠","铸甲匠理符任务",0,"库尔札斯中央高地","ui/icon/080000/080012.tex","制作委托：面向骑兵团的手铠",True,0,1,72600,725,"LeveRewardItem#57","ui/icon/080000/080033.tex","ui/icon/080000/080005.tex","Level#3643002","ui/icon/110000/110062.tex",True,,"music/ffxiv/BGM_Leves.scd"
247,"制作委托：顺手的平底锅","阿德内尔占星台中不光有占星学家、技师和警备骑兵，还住着工作人员的家属。为此，我们酒保商人也要经营生活用品。请为我们提供用着顺手的白钢煎锅。","酒保商人 维温娜",6,"铸甲匠","格里达尼亚",35,0,1,0,"阿德内尔占星台","阿德内尔占星台","未知钓场",0,False,"铸甲匠","铸甲匠理符任务",0,"库尔札斯中央高地","ui/icon/080000/080012.tex","制作委托：顺手的平底锅",True,0,1,50380,384,"LeveRewardItem#57","ui/icon/080000/080033.tex","ui/icon/080000/080005.tex","Level#3643002","ui/icon/110000/110062.tex",True,,"music/ffxiv/BGM_Leves.scd"
248,"批发委托：面向骑兵团的战靴","狄兰达尔家的骑兵团向我们下了批发订单，他们需要一定数量的战靴。但以我们的库存无法应对，因此寻求冒险者工匠的帮助。请提供大量白钢战靴。","酒保商人 维温娜",6,"铸甲匠","格里达尼亚",35,0,1,0,"阿德内尔占星台","阿德内尔占星台","未知钓场",0,False,"铸甲匠","铸甲匠理符任务",0,"库尔札斯中央高地","ui/icon/080000/080012.tex","批发委托：面向骑兵团的战靴",True,0,1,49830,260,"LeveRewardItem#252","ui/icon/080000/080041.tex","ui/icon/080000/080005.tex","Level#3643002","ui/icon/110000/110062.tex",True,,"music/ffxiv/BGM_Leves.scd"
249,"筹集委托：面向骑兵团的锁甲头罩","由于在与龙族的战争中损失了不小兵力，狄兰达尔家的骑兵团正在重整旗鼓。在防具稀缺的情况下，他们想借助铸甲匠的力量。请为他们提供精致的秘银锁甲头罩。","酒保商人 兰凯尔",6,"铸甲匠","利姆萨·罗敏萨",40,0,1,0,"白云崖前哨","白云崖前哨","未知钓场",0,False,"铸甲匠","铸甲匠理符任务",0,"库尔札斯中央高地","ui/icon/080000/080011.tex","筹集委托：面向骑兵团的锁甲头罩",True,0,1,102600,714,"LeveRewardItem#58","ui/icon/080000/080034.tex","ui/icon/080000/080005.tex","Level#3643494","ui/icon/110000/110063.tex",True,,"music/ffxiv/BGM_Leves.scd"
250,"制作委托：面向剑术师的战靴","乌尔达哈的斗技场财团向我们下了订单，说是需要用金属板加固的战靴，因为此种战靴会让剑术师看起来更有魅力。请为我们提供经过精心打磨的秘银长筒靴。","布鲁盖尔商会副会长 班戈·赞戈",6,"铸甲匠","利姆萨·罗敏萨",40,0,1,0,"利姆萨·罗敏萨","利姆萨·罗敏萨","未知钓场",0,False,"铸甲匠","铸甲匠理符任务",0,"利姆萨·罗敏萨","ui/icon/080000/080011.tex","制作委托：面向剑术师的战靴",True,0,1,90590,756,"LeveRewardItem#58","ui/icon/080000/080033.tex","ui/icon/080000/080005.tex","Level#4143334","ui/icon/110000/110034.tex",True,,"music/ffxiv/BGM_Leves.scd"
251,"批发委托：面向炼金术士行会的高级蒸馏器","为战争做准备，乌尔达哈炼金术士行会计划增产药品。因此对蒸馏器的需求量也大大增加。请提供大量能让炼金术士满意的高级蒸馏器。","布鲁盖尔商会副会长 班戈·赞戈",6,"铸甲匠","利姆萨·罗敏萨",40,0,1,0,"利姆萨·罗敏萨","利姆萨·罗敏萨","未知钓场",0,False,"铸甲匠","铸甲匠理符任务",0,"利姆萨·罗敏萨","ui/icon/080000/080011.tex","批发委托：面向炼金术士行会的高级蒸馏器",True,0,1,61560,318,"LeveRewardItem#253","ui/icon/080000/080041.tex","ui/icon/080000/080005.tex","Level#4143334","ui/icon/110000/110034.tex",True,,"music/ffxiv/BGM_Leves.scd"
252,"制作委托：重装骑兵用的板金手铠","狄兰达尔家的骑兵团向我们下了订单，他们需要重装骑兵用的板金手铠。考虑到龙族的吐息，他们需要配有秘银装甲的结实手铠。请为我们提供秘银臂甲。","酒保商人 兰凯尔",6,"铸甲匠","格里达尼亚",40,0,1,0,"白云崖前哨","白云崖前哨","未知钓场",0,False,"铸甲匠","铸甲匠理符任务",0,"库尔札斯中央高地","ui/icon/080000/080012.tex","制作委托：重装骑兵用的板金手铠",True,0,1,79510,682,"LeveRewardItem#59","ui/icon/080000/080033.tex","ui/icon/080000/080005.tex","Level#3643494","ui/icon/110000/110063.tex",True,,"music/ffxiv/BGM_Leves.scd"
253,"制作委托：神殿骑士的板金头盔","教皇厅直属神殿骑士目前正在白云崖前哨视察。由于他们此前在和骑兵团比试时弄坏了头盔，因此向我们订了替代品。请提供秘银开面盔。","酒保商人 兰凯尔",6,"铸甲匠","格里达尼亚",40,0,1,0,"白云崖前哨","白云崖前哨","未知钓场",0,False,"铸甲匠","铸甲匠理符任务",0,"库尔札斯中央高地","ui/icon/080000/080012.tex","制作委托：神殿骑士的板金头盔",True,0,1,102600,769,"LeveRewardItem#59","ui/icon/080000/080033.tex","ui/icon/080000/080005.tex","Level#3643494","ui/icon/110000/110063.tex",True,,"music/ffxiv/BGM_Leves.scd"
254,"批发委托：重装骑兵用的板金头盔","狄兰达尔家的骑兵团向我们下了订单，需要适合重装骑兵用的板金头盔。他们使用的头盔必须能够耐打击，坚固到连龙族的利爪也无法破坏。请为他们提供大量秘银骑兵头盔。","酒保商人 兰凯尔",6,"铸甲匠","格里达尼亚",40,0,1,0,"白云崖前哨","白云崖前哨","未知钓场",0,False,"铸甲匠","铸甲匠理符任务",0,"库尔札斯中央高地","ui/icon/080000/080012.tex","批发委托：重装骑兵用的板金头盔",True,0,1,61560,315,"LeveRewardItem#254","ui/icon/080000/080041.tex","ui/icon/080000/080005.tex","Level#3643494","ui/icon/110000/110063.tex",True,,"music/ffxiv/BGM_Leves.scd"
255,"筹集委托：调查队员用的平底锅","我们圣寇伊纳克财团正在银泪湖沿岸挖掘遗迹。可营地生活令我们身心俱疲。要是能吃上美味菜肴就好了，请为我们提供地狱厨锅。","圣寇伊纳克财团 莎伊艾勒",6,"铸甲匠","利姆萨·罗敏萨",45,0,1,0,"圣寇伊纳克调查地","圣寇伊纳克调查地","未知钓场",0,False,"铸甲匠","铸甲匠理符任务",0,"摩杜纳","ui/icon/080000/080011.tex","筹集委托：调查队员用的平底锅",True,0,1,75570,742,"LeveRewardItem#60","ui/icon/080000/080034.tex","ui/icon/080000/080005.tex","Level#4258823","ui/icon/110000/110064.tex",True,,"music/ffxiv/BGM_Leves.scd"
256,"制作委托：前桅塔的建材","前桅塔是新建的黄衫队驻地。虽然已经开始使用，但内部还有几处没有完工。该驻地向我们下了订单，希望我们能提供钴铁板这种建材。","布鲁盖尔商会副会长 班戈·赞戈",6,"铸甲匠","利姆萨·罗敏萨",45,0,1,0,"利姆萨·罗敏萨","利姆萨·罗敏萨","未知钓场",0,False,"铸甲匠","铸甲匠理符任务",0,"利姆萨·罗敏萨","ui/icon/080000/080011.tex","制作委托：前桅塔的建材",True,0,1,75570,484,"LeveRewardItem#60","ui/icon/080000/080033.tex","ui/icon/080000/080005.tex","Level#4143334","ui/icon/110000/110034.tex",True,,"music/ffxiv/BGM_Leves.scd"
257,"批发委托：对龙用的板金铠","由于与龙族的战争愈演愈烈，库尔札斯急需防具。我们想把板金铠卖给他们。请提供大量的秘银重甲，以抵御龙族的吐息。","布鲁盖尔商会副会长 班戈·赞戈",6,"铸甲匠","利姆萨·罗敏萨",45,0,1,0,"利姆萨·罗敏萨","利姆萨·罗敏萨","未知钓场",0,False,"铸甲匠","铸甲匠理符任务",0,"利姆萨·罗敏萨","ui/icon/080000/080011.tex","批发委托：对龙用的板金铠",True,0,1,100980,430,"LeveRewardItem#255","ui/icon/080000/080041.tex","ui/icon/080000/080005.tex","Level#4143334","ui/icon/110000/110034.tex",True,,"music/ffxiv/BGM_Leves.scd"
258,"制作委托：配有保护板的战靴","去结晶化地区当护卫的佣兵被水晶割伤了脚，受了很重的伤。为防止类似事故再次发生，我们想给他们配备装有金属保护板的战靴。请为我们提供结实的战靴。","圣寇伊纳克财团 莎伊艾勒",6,"铸甲匠","乌尔达哈",45,0,1,0,"圣寇伊纳克调查地","圣寇伊纳克调查地","未知钓场",0,False,"铸甲匠","铸甲匠理符任务",0,"摩杜纳","ui/icon/080000/080013.tex","制作委托：配有保护板的战靴",True,0,1,152230,804,"LeveRewardItem#61","ui/icon/080000/080033.tex","ui/icon/080000/080005.tex","Level#4258823","ui/icon/110000/110064.tex",True,,"music/ffxiv/BGM_Leves.scd"
259,"制作委托：调查队员用的长筒靴","在挖掘古代亚拉戈文明的遗迹时，有时会被崩落的石材等重物困住。为防止重物砸到脚上受伤，请为我们提供结实的钴铁长筒靴。","圣寇伊纳克财团 莎伊艾勒",6,"铸甲匠","乌尔达哈",45,0,1,0,"圣寇伊纳克调查地","圣寇伊纳克调查地","未知钓场",0,False,"铸甲匠","铸甲匠理符任务",0,"摩杜纳","ui/icon/080000/080013.tex","制作委托：调查队员用的长筒靴",True,0,1,121320,733,"LeveRewardItem#61","ui/icon/080000/080033.tex","ui/icon/080000/080005.tex","Level#4258823","ui/icon/110000/110064.tex",True,,"music/ffxiv/BGM_Leves.scd"
260,"批发委托：修缮文物用的钴铁锭","在我们圣寇伊纳克财团挖掘出的古代亚拉戈文明文物中，有不少都因受到常年风化一碰就碎。为保护这些文物，请为我们制作钴铁锭。","圣寇伊纳克财团 莎伊艾勒",6,"铸甲匠","乌尔达哈",45,0,1,0,"圣寇伊纳克调查地","圣寇伊纳克调查地","未知钓场",0,False,"铸甲匠","铸甲匠理符任务",0,"摩杜纳","ui/icon/080000/080013.tex","批发委托：修缮文物用的钴铁锭",True,0,1,26790,212,"LeveRewardItem#256","ui/icon/080000/080041.tex","ui/icon/080000/080005.tex","Level#4258823","ui/icon/110000/110064.tex",True,,"music/ffxiv/BGM_Leves.scd"
261,"制作委托：用于储备的食盐","在利用远洋船进行海上贸易时，必须要为船员准备好可以长期保存的食材。请为我们提供做腌肉所必需的食盐。这对踏实肯干的烹调师来说，应该是件不错的差事。","布鲁盖尔商会副会长 班戈·赞戈",6,"烹调师","利姆萨·罗敏萨",1,0,1,0,"利姆萨·罗敏萨","利姆萨·罗敏萨","未知钓场",0,False,"烹调师","烹调师理符任务",0,"利姆萨·罗敏萨","ui/icon/080000/080011.tex","制作委托：用于储备的食盐",True,0,1,1420,113,"LeveRewardItem#142","ui/icon/080000/080033.tex","ui/icon/080000/080005.tex","Level#4143334","ui/icon/110000/110034.tex",True,,"music/ffxiv/BGM_Leves.scd"
262,"制作委托：运货人的午餐","请为我布鲁盖尔商会的运货人提供便宜味美的营养午餐。撒盐烤制的公主鳟鱼一类的就不错。请为我们提供盐烤公主鳟。","布鲁盖尔商会副会长 班戈·赞戈",6,"烹调师","利姆萨·罗敏萨",1,0,1,0,"利姆萨·罗敏萨","利姆萨·罗敏萨","未知钓场",0,False,"烹调师","烹调师理符任务",0,"利姆萨·罗敏萨","ui/icon/080000/080011.tex","制作委托：运货人的午餐",True,0,1,540,112,"LeveRewardItem#142","ui/icon/080000/080033.tex","ui/icon/080000/080005.tex","Level#4143334","ui/icon/110000/110034.tex",True,,"music/ffxiv/BGM_Leves.scd"
263,"筹集委托：样品水煮蛋","赤血雄鸡农场不光饲养家禽，还想贩卖各种加工品。因此，我们想试吃烹调师制作的水煮蛋。","赤血雄鸡农场 兹威恩威达",6,"烹调师","利姆萨·罗敏萨",1,0,1,0,"赤血雄鸡农场","赤血雄鸡农场","未知钓场",0,False,"烹调师","烹调师理符任务",0,"拉诺西亚低地","ui/icon/080000/080011.tex","筹集委托：样品水煮蛋",True,0,1,630,112,"LeveRewardItem#142","ui/icon/080000/080034.tex","ui/icon/080000/080005.tex","Level#3998970","ui/icon/110000/110030.tex",True,,"music/ffxiv/BGM_Leves.scd"
264,"制作委托：用于饼干的甜调味料","我本想用我们农场的小麦做饼干的，但甜调味料却不够了。请为我制作微甜的枫糖浆。","赤血雄鸡农场 兹威恩威达",6,"烹调师","利姆萨·罗敏萨",1,0,1,0,"赤血雄鸡农场","赤血雄鸡农场","未知钓场",0,False,"烹调师","烹调师理符任务",0,"拉诺西亚低地","ui/icon/080000/080011.tex","制作委托：用于饼干的甜调味料",True,0,1,370,112,"LeveRewardItem#143","ui/icon/080000/080033.tex","ui/icon/080000/080005.tex","Level#3998970","ui/icon/110000/110030.tex",True,,"music/ffxiv/BGM_Leves.scd"
265,"制作委托：解恨的肉排","啃食农作物的小动物无疑是农夫们的天敌。请为我烹调出多汁味美的栗鼠肉排。用美食来解我平日的心头之恨。","赤血雄鸡农场 兹威恩威达",6,"烹调师","利姆萨·罗敏萨",1,0,1,0,"赤血雄鸡农场","赤血雄鸡农场","未知钓场",0,False,"烹调师","烹调师理符任务",0,"拉诺西亚低地","ui/icon/080000/080011.tex","制作委托：解恨的肉排",True,0,1,900,113,"LeveRewardItem#143","ui/icon/080000/080033.tex","ui/icon/080000/080005.tex","Level#3998970","ui/icon/110000/110030.tex",True,,"music/ffxiv/BGM_Leves.scd"
266,"筹集委托：用于储备的葡萄干","葡萄干是由晒干的低地葡萄制成的，由于它的保质期很长，因此很适合作为贸易船的储备粮。为了提高船员们的士气，请为我们提供葡萄干。","布鲁盖尔商会副会长 班戈·赞戈",6,"烹调师","利姆萨·罗敏萨",1,0,1,0,"利姆萨·罗敏萨","利姆萨·罗敏萨","未知钓场",0,False,"烹调师","烹调师理符任务",0,"利姆萨·罗敏萨","ui/icon/080000/080011.tex","筹集委托：用于储备的葡萄干",True,0,1,370,112,"LeveRewardItem#143","ui/icon/080000/080034.tex","ui/icon/080000/080005.tex","Level#4143334","ui/icon/110000/110034.tex",True,,"music/ffxiv/BGM_Leves.scd"
267,"制作委托：人气商品奶油","对我布鲁盖尔商会来说，食材也是重要的商品之一。特别是热销的奶油，由于不能长期储存，所以要定期向外订货。请为我们提供香滑的奶油。","布鲁盖尔商会副会长 班戈·赞戈",6,"烹调师","利姆萨·罗敏萨",5,0,1,0,"利姆萨·罗敏萨","利姆萨·罗敏萨","未知钓场",0,False,"烹调师","烹调师理符任务",0,"利姆萨·罗敏萨","ui/icon/080000/080011.tex","制作委托：人气商品奶油",True,0,1,1170,139,"LeveRewardItem#144","ui/icon/080000/080033.tex","ui/icon/080000/080005.tex","Level#4143334","ui/icon/110000/110034.tex",True,,"music/ffxiv/BGM_Leves.scd"
268,"制作委托：孤儿们的梦想","我布鲁盖尔商会在资助灵灾孤儿。在问孩子们想吃什么的时候，他们竟然答杰克南瓜灯。请为孩子们烹调出此菜品。","布鲁盖尔商会副会长 班戈·赞戈",6,"烹调师","利姆萨·罗敏萨",5,0,1,0,"利姆萨·罗敏萨","利姆萨·罗敏萨","未知钓场",0,False,"烹调师","烹调师理符任务",0,"利姆萨·罗敏萨","ui/icon/080000/080011.tex","制作委托：孤儿们的梦想",True,0,1,6280,224,"LeveRewardItem#144","ui/icon/080000/080033.tex","ui/icon/080000/080005.tex","Level#4143334","ui/icon/110000/110034.tex",True,,"music/ffxiv/BGM_Leves.scd"
269,"筹集委托：美味的煎鸡油菌","赤血雄鸡农场想开始种植菌类，但农场主却总是不同意。我们想让他先品尝美味的煎鸡油菌，随后再试着说服他。请助我们一臂之力。","赤血雄鸡农场 兹威恩威达",6,"烹调师","利姆萨·罗敏萨",5,0,1,0,"赤血雄鸡农场","赤血雄鸡农场","未知钓场",0,False,"烹调师","烹调师理符任务",0,"拉诺西亚低地","ui/icon/080000/080011.tex","筹集委托：美味的煎鸡油菌",True,0,1,1810,139,"LeveRewardItem#144","ui/icon/080000/080034.tex","ui/icon/080000/080005.tex","Level#3998970","ui/icon/110000/110030.tex",True,,"music/ffxiv/BGM_Leves.scd"
270,"制作委托：不够的橙汁","用拉诺西亚香橙制作的橙汁是我们农场的主力商品。但由于订单太多，因此有些供不应求。为了能满足客人的需求，请为我们提供橙汁。","赤血雄鸡农场 兹威恩威达",6,"烹调师","利姆萨·罗敏萨",5,0,1,0,"赤血雄鸡农场","赤血雄鸡农场","未知钓场",0,False,"烹调师","烹调师理符任务",0,"拉诺西亚低地","ui/icon/080000/080011.tex","制作委托：不够的橙汁",True,0,1,2790,140,"LeveRewardItem#145","ui/icon/080000/080033.tex","ui/icon/080000/080005.tex","Level#3998970","ui/icon/110000/110030.tex",True,,"music/ffxiv/BGM_Leves.scd"
271,"制作委托：庆生巧克力的原料","我们农场一对夫妇的独生子要过生日了。我想为他们制作庆生宴席上分发的巧克力。请为我提供巧克力的原料可可油。","赤血雄鸡农场 兹威恩威达",6,"烹调师","利姆萨·罗敏萨",5,0,1,0,"赤血雄鸡农场","赤血雄鸡农场","未知钓场",0,False,"烹调师","烹调师理符任务",0,"拉诺西亚低地","ui/icon/080000/080011.tex","制作委托：庆生巧克力的原料",True,0,1,1980,173,"LeveRewardItem#145","ui/icon/080000/080033.tex","ui/icon/080000/080005.tex","Level#3998970","ui/icon/110000/110030.tex",True,,"music/ffxiv/BGM_Leves.scd"
272,"筹集委托：用于市场调查的鱼","在下回交易时，我们想从格里达尼亚引进些商品。黑衣森林特产一种叫皮皮拉鱼的淡水鱼，为调查利姆萨·罗敏萨人民是否喜欢它，请为我们提供用于市场调查的红焖皮皮拉鱼。","布鲁盖尔商会副会长 班戈·赞戈",6,"烹调师","利姆萨·罗敏萨",5,0,1,0,"利姆萨·罗敏萨","利姆萨·罗敏萨","未知钓场",0,False,"烹调师","烹调师理符任务",0,"利姆萨·罗敏萨","ui/icon/080000/080011.tex","筹集委托：用于市场调查的鱼",True,0,1,3140,168,"LeveRewardItem#145","ui/icon/080000/080034.tex","ui/icon/080000/080005.tex","Level#4143334","ui/icon/110000/110034.tex",True,,"music/ffxiv/BGM_Leves.scd"
273,"制作委托：面向烹调师行会的可可粉","烹调师行会想要巧克力的原料。不过他们并不想要可可豆，而是想要经过加工的可可粉。请为我们提供可可粉。","布鲁盖尔商会副会长 班戈·赞戈",6,"烹调师","利姆萨·罗敏萨",10,0,1,0,"利姆萨·罗敏萨","利姆萨·罗敏萨","未知钓场",0,False,"烹调师","烹调师理符任务",0,"利姆萨·罗敏萨","ui/icon/080000/080011.tex","制作委托：面向烹调师行会的可可粉",True,0,1,3780,173,"LeveRewardItem#146","ui/icon/080000/080033.tex","ui/icon/080000/080005.tex","Level#4143334","ui/icon/110000/110034.tex",True,,"music/ffxiv/BGM_Leves.scd"
274,"制作委托：酒宴用的烧鱼","我布鲁盖尔商会的商船在经历了长期的贸易之旅后，终于结束了它的旅途，回到了利姆萨·罗敏萨。为了犒劳船员，我们准备办一场酒宴，请为我们提供酒宴上的盐烤鲤鱼。","布鲁盖尔商会副会长 班戈·赞戈",6,"烹调师","利姆萨·罗敏萨",10,0,1,0,"利姆萨·罗敏萨","利姆萨·罗敏萨","未知钓场",0,False,"烹调师","烹调师理符任务",0,"利姆萨·罗敏萨","ui/icon/080000/080011.tex","制作委托：酒宴用的烧鱼",True,0,1,3220,140,"LeveRewardItem#146","ui/icon/080000/080033.tex","ui/icon/080000/080005.tex","Level#4143334","ui/icon/110000/110034.tex",True,,"music/ffxiv/BGM_Leves.scd"
275,"筹集委托：未来的人气商品","鼹鼠在田地里打洞，因此殖民地的人厌恶它们，将它们当做害兽捕杀，但我认为它们的肉可以用来做买卖。我想尝尝它们的肉的味道，请为我提供鼹鼠肉糕。","个体贸易商人 弗奥恩·布里奥恩",6,"烹调师","利姆萨·罗敏萨",10,0,1,0,"雨燕塔殖民地","雨燕塔殖民地","未知钓场",0,False,"烹调师","烹调师理符任务",0,"西拉诺西亚","ui/icon/080000/080011.tex","筹集委托：未来的人气商品",True,0,1,9990,173,"LeveRewardItem#146","ui/icon/080000/080034.tex","ui/icon/080000/080005.tex","Level#4169749","ui/icon/110000/110032.tex",True,,"music/ffxiv/BGM_Leves.scd"
276,"制作委托：谈判时的菜肴","雨燕塔殖民地从前便在饲养渡渡鸟。趁他们还在进行复兴，现在去支援，必能按我们开的价买下渡渡鸟肉。因此我想一边吃渡渡鸟肉做的菜一边谈生意。","个体贸易商人 弗奥恩·布里奥恩",6,"烹调师","利姆萨·罗敏萨",10,0,1,0,"雨燕塔殖民地","雨燕塔殖民地","未知钓场",0,False,"烹调师","烹调师理符任务",0,"西拉诺西亚","ui/icon/080000/080011.tex","制作委托：谈判时的菜肴",True,0,1,4770,169,"LeveRewardItem#147","ui/icon/080000/080033.tex","ui/icon/080000/080005.tex","Level#4169749","ui/icon/110000/110032.tex",True,,"music/ffxiv/BGM_Leves.scd"
277,"制作委托：面向贸易船的盐渍鳕鱼","经常有贸易船来小麦酒港储备酒，以在长期航海中代替饮用水。我想将能保存很久的食物卖给这些贸易船。请为我提供盐渍鳕鱼。","个体贸易商人 弗奥恩·布里奥恩",6,"烹调师","利姆萨·罗敏萨",10,0,1,0,"雨燕塔殖民地","雨燕塔殖民地","未知钓场",0,False,"烹调师","烹调师理符任务",0,"西拉诺西亚","ui/icon/080000/080011.tex","制作委托：面向贸易船的盐渍鳕鱼",True,0,1,3220,169,"LeveRewardItem#147","ui/icon/080000/080033.tex","ui/icon/080000/080005.tex","Level#4169749","ui/icon/110000/110032.tex",True,,"music/ffxiv/BGM_Leves.scd"
278,"筹集委托：面向船员的根菜","在进行远洋贸易时，最怕船员造反。为了不让船员产生不满情绪，需要为他们提供可口的饭菜。如果有用易于保存的根菜制作的菜品，请告诉我们。","布鲁盖尔商会副会长 班戈·赞戈",6,"烹调师","利姆萨·罗敏萨",10,0,1,0,"利姆萨·罗敏萨","利姆萨·罗敏萨","未知钓场",0,False,"烹调师","烹调师理符任务",0,"利姆萨·罗敏萨","ui/icon/080000/080011.tex","筹集委托：面向船员的根菜",True,0,1,10480,174,"LeveRewardItem#147","ui/icon/080000/080034.tex","ui/icon/080000/080005.tex","Level#4143334","ui/icon/110000/110034.tex",True,,"music/ffxiv/BGM_Leves.scd"
279,"制作委托：用于招待的蛋卷","我商会的重要合作伙伴，乌尔达哈的某位商人来到了利姆萨·罗敏萨。我们想用拉诺西亚的特产，渡渡鸟的蛋来招待商人。请为我们提供松软的渡渡鸟蛋煎蛋卷。","布鲁盖尔商会副会长 班戈·赞戈",6,"烹调师","利姆萨·罗敏萨",15,0,1,0,"利姆萨·罗敏萨","利姆萨·罗敏萨","未知钓场",0,False,"烹调师","烹调师理符任务",0,"利姆萨·罗敏萨","ui/icon/080000/080011.tex","制作委托：用于招待的蛋卷",True,0,1,17740,227,"LeveRewardItem#148","ui/icon/080000/080033.tex","ui/icon/080000/080005.tex","Level#4143334","ui/icon/110000/110034.tex",True,,"music/ffxiv/BGM_Leves.scd"
280,"制作委托：犒劳船长的美食","我布鲁盖尔商会的商船在经历了长期的贸易之旅后，终于结束了它的旅途，回到了利姆萨·罗敏萨。为了犒劳给我们带来巨大利益的船长，我们准备办一场晚宴。请为我们提供好吃的生鲜牡蛎。","布鲁盖尔商会副会长 班戈·赞戈",6,"烹调师","利姆萨·罗敏萨",15,0,1,0,"利姆萨·罗敏萨","利姆萨·罗敏萨","未知钓场",0,False,"烹调师","烹调师理符任务",0,"利姆萨·罗敏萨","ui/icon/080000/080011.tex","制作委托：犒劳船长的美食",True,0,1,7170,173,"LeveRewardItem#148","ui/icon/080000/080033.tex","ui/icon/080000/080005.tex","Level#4143334","ui/icon/110000/110034.tex",True,,"music/ffxiv/BGM_Leves.scd"
281,"筹集委托：储备在商船里的食品","在出港前，我必须为商船“冰灵公主号”集齐所有的航海必需品。这之中当然不能少了储备粮。因此，请帮我筹集胡桃面包。","冰灵公主号商船船长 赫·兰博罗",6,"烹调师","利姆萨·罗敏萨",15,0,1,0,"小麦酒港","小麦酒港","未知钓场",0,False,"烹调师","烹调师理符任务",0,"西拉诺西亚","ui/icon/080000/080011.tex","筹集委托：储备在商船里的食品",True,0,1,19270,169,"LeveRewardItem#148","ui/icon/080000/080034.tex","ui/icon/080000/080005.tex","Level#3999018","ui/icon/110000/110033.tex",True,,"music/ffxiv/BGM_Leves.scd"
282,"制作委托：出口用的精油","在出港前，我必须为商船“冰灵公主号”筹集贸易商品。拉诺西亚的薰衣草还算小有名气。请为我准备商品价值高、芳香沁人的薰衣草油。","冰灵公主号商船船长 赫·兰博罗",6,"烹调师","利姆萨·罗敏萨",15,0,1,0,"小麦酒港","小麦酒港","未知钓场",0,False,"烹调师","烹调师理符任务",0,"西拉诺西亚","ui/icon/080000/080011.tex","制作委托：出口用的精油",True,0,1,13040,235,"LeveRewardItem#149","ui/icon/080000/080033.tex","ui/icon/080000/080005.tex","Level#3999018","ui/icon/110000/110033.tex",True,,"music/ffxiv/BGM_Leves.scd"
283,"制作委托：赫·兰博罗船长的最爱","我的商船“冰灵公主号”正在准备出港。在航海过程中别指望吃到什么好吃的。因此至少在出港前，我想饱餐一顿。请为我准备我最喜欢的金钱蘑炒鸡肉。","冰灵公主号商船船长 赫·兰博罗",6,"烹调师","利姆萨·罗敏萨",15,0,1,0,"小麦酒港","小麦酒港","未知钓场",0,False,"烹调师","烹调师理符任务",0,"西拉诺西亚","ui/icon/080000/080011.tex","制作委托：赫·兰博罗船长的最爱",True,0,1,11390,230,"LeveRewardItem#149","ui/icon/080000/080033.tex","ui/icon/080000/080005.tex","Level#3999018","ui/icon/110000/110033.tex",True,,"music/ffxiv/BGM_Leves.scd"
284,"筹集委托：给工匠的慰劳品","维持和贸易伙伴的良好关系，这也是商人的职责。因此，我们想为重要的伙伴，纳尔迪克＆威米利作坊的工匠准备慰劳品。请为我们提供香脆的苹果挞。","布鲁盖尔商会副会长 班戈·赞戈",6,"烹调师","利姆萨·罗敏萨",15,0,1,0,"利姆萨·罗敏萨","利姆萨·罗敏萨","未知钓场",0,False,"烹调师","烹调师理符任务",0,"利姆萨·罗敏萨","ui/icon/080000/080011.tex","筹集委托：给工匠的慰劳品",True,0,1,18330,169,"LeveRewardItem#149","ui/icon/080000/080034.tex","ui/icon/080000/080005.tex","Level#4143334","ui/icon/110000/110034.tex",True,,"music/ffxiv/BGM_Leves.scd"
285,"制作委托：兑酒用的果汁","我试尝了一下作为商品买进的红酒，实在是太烈了。于是我想往里兑点东西。当然不能兑水，所以请为我提供葡萄汁。","布鲁盖尔商会副会长 班戈·赞戈",6,"烹调师","利姆萨·罗敏萨",20,0,1,0,"利姆萨·罗敏萨","利姆萨·罗敏萨","未知钓场",0,False,"烹调师","烹调师理符任务",0,"利姆萨·罗敏萨","ui/icon/080000/080011.tex","制作委托：兑酒用的果汁",True,0,1,11880,288,"LeveRewardItem#150","ui/icon/080000/080033.tex","ui/icon/080000/080005.tex","Level#4143334","ui/icon/110000/110034.tex",True,,"music/ffxiv/BGM_Leves.scd"
286,"批发委托：运货人的早餐","运货人往船上搬货物，这是贸易船做出港准备时十分重要的一环。为了让运货人能开心工作，我们想为他们提供美味的早餐。请为我们提供大量的胡桃面包。","布鲁盖尔商会副会长 班戈·赞戈",6,"烹调师","利姆萨·罗敏萨",20,0,1,0,"利姆萨·罗敏萨","利姆萨·罗敏萨","未知钓场",0,False,"烹调师","烹调师理符任务",0,"利姆萨·罗敏萨","ui/icon/080000/080011.tex","批发委托：运货人的早餐",True,0,1,13190,102,"LeveRewardItem#150","ui/icon/080000/080041.tex","ui/icon/080000/080005.tex","Level#4143334","ui/icon/110000/110034.tex",True,,"music/ffxiv/BGM_Leves.scd"
287,"筹集委托：提供给义勇兵的宴席","我等鬼哭队第五枪队为表扬志愿成为义勇兵的年轻人，将为他们举办一场宴席。衷心希望有能力制作鲑鱼排的工匠来协助我们。","鬼哭队第五枪队队员 朱利昂贝尔",6,"烹调师","利姆萨·罗敏萨",20,0,1,0,"石场水车","石场水车","未知钓场",0,False,"烹调师","烹调师理符任务",0,"黑衣森林南部林区","ui/icon/080000/080012.tex","筹集委托：提供给义勇兵的宴席",True,0,1,18680,232,"LeveRewardItem#150","ui/icon/080000/080034.tex","ui/icon/080000/080005.tex","Level#2257677","ui/icon/110000/110006.tex",True,,"music/ffxiv/BGM_Leves.scd"
288,"制作委托：队员的粮草","要守护辅城，决不能忽视了警备。为了保持警备时的集中力，我们想为队员分发微甜的蜂蜜松饼。因此衷心希望有能力烹调的工匠来协助我们。","鬼哭队第五枪队队员 朱利昂贝尔",6,"烹调师","格里达尼亚",20,0,1,0,"石场水车","石场水车","未知钓场",0,False,"烹调师","烹调师理符任务",0,"黑衣森林南部林区","ui/icon/080000/080012.tex","制作委托：队员的粮草",True,0,1,22960,277,"LeveRewardItem#151","ui/icon/080000/080033.tex","ui/icon/080000/080005.tex","Level#2257677","ui/icon/110000/110006.tex",True,,"music/ffxiv/BGM_Leves.scd"
289,"批发委托：赠给孩子们的点心","前些日子，我等鬼哭队第五枪队收到了孩子们的感谢信，这令我们很自豪。为了回应他们这无邪的信，我们想准备孩子们最喜欢的苹果挞。请助我们一臂之力。","鬼哭队第五枪队队员 朱利昂贝尔",6,"烹调师","格里达尼亚",20,0,1,0,"石场水车","石场水车","未知钓场",0,False,"烹调师","烹调师理符任务",0,"黑衣森林南部林区","ui/icon/080000/080012.tex","批发委托：赠给孩子们的点心",True,0,1,12490,102,"LeveRewardItem#151","ui/icon/080000/080041.tex","ui/icon/080000/080005.tex","Level#2257677","ui/icon/110000/110006.tex",True,,"music/ffxiv/BGM_Leves.scd"
290,"制作委托：羚羊肉派","我等鬼哭队第五枪队想为义勇兵准备能够强化体力的食物。因此衷心希望有能力用羚羊肉制作牧羊人派的工匠来协助我们。","鬼哭队第五枪队队员 朱利昂贝尔",6,"烹调师","格里达尼亚",20,0,1,0,"石场水车","石场水车","未知钓场",0,False,"烹调师","烹调师理符任务",0,"黑衣森林南部林区","ui/icon/080000/080011.tex","制作委托：羚羊肉派",True,0,1,22570,288,"LeveRewardItem#151","ui/icon/080000/080033.tex","ui/icon/080000/080005.tex","Level#2257677","ui/icon/110000/110006.tex",True,,"music/ffxiv/BGM_Leves.scd"
291,"制作委托：面向贸易船的饼干","在利用远洋船进行海上贸易时，必须要为船员准备好可以长期保存的食材。请为我们提供不易腐烂的生姜饼干。这对踏实肯干的烹调师来说，应该是件不错的差事。","布鲁盖尔商会副会长 班戈·赞戈",6,"烹调师","利姆萨·罗敏萨",25,0,1,0,"利姆萨·罗敏萨","利姆萨·罗敏萨","未知钓场",0,False,"烹调师","烹调师理符任务",0,"利姆萨·罗敏萨","ui/icon/080000/080011.tex","制作委托：面向贸易船的饼干",True,0,1,55060,283,"LeveRewardItem#152","ui/icon/080000/080033.tex","ui/icon/080000/080005.tex","Level#4143334","ui/icon/110000/110034.tex",True,,"music/ffxiv/BGM_Leves.scd"
292,"筹集委托：炖肉的材料","我等鬼哭队第五枪队要与义勇兵进行共同军演。虽说是演习，但饿着肚子可是无法战斗的。请为我们提供款待参加演习人员的炖肉材料。","鬼哭队第五枪队队员 朱利昂贝尔",6,"烹调师","利姆萨·罗敏萨",25,0,1,0,"石场水车","石场水车","未知钓场",0,False,"烹调师","烹调师理符任务",0,"黑衣森林南部林区","ui/icon/080000/080011.tex","筹集委托：炖肉的材料",True,0,1,20010,283,"LeveRewardItem#152","ui/icon/080000/080034.tex","ui/icon/080000/080005.tex","Level#2257677","ui/icon/110000/110019.tex",True,,"music/ffxiv/BGM_Leves.scd"
293,"批发委托：促销用的花茶","在与格里达尼亚的贸易中，我们进口了大量的甘菊。我们将它做成茶贩卖，但销量很不尽人意。为了促销，请为我们提供甘菊茶。","布鲁盖尔商会副会长 班戈·赞戈",6,"烹调师","利姆萨·罗敏萨",25,0,1,0,"利姆萨·罗敏萨","利姆萨·罗敏萨","未知钓场",0,False,"烹调师","烹调师理符任务",0,"利姆萨·罗敏萨","ui/icon/080000/080011.tex","批发委托：促销用的花茶",True,0,1,12990,84,"LeveRewardItem#152","ui/icon/080000/080041.tex","ui/icon/080000/080005.tex","Level#4143334","ui/icon/110000/110034.tex",True,,"music/ffxiv/BGM_Leves.scd"
294,"制作委托：面向斥候的汤","我等鬼哭队第五枪队为监视鸟人族的动向，经常派遣斥候。由于他们要在森林里度过很长一段时间，所以必须要带上食品才行。请为我们提供暖和的翡翠豆汤。","鬼哭队第五枪队队员 朱利昂贝尔",6,"烹调师","格里达尼亚",25,0,1,0,"石场水车","石场水车","未知钓场",0,False,"烹调师","烹调师理符任务",0,"黑衣森林南部林区","ui/icon/080000/080012.tex","制作委托：面向斥候的汤",True,0,1,31800,288,"LeveRewardItem#153","ui/icon/080000/080033.tex","ui/icon/080000/080005.tex","Level#2257677","ui/icon/110000/110019.tex",True,,"music/ffxiv/BGM_Leves.scd"
295,"制作委托：送给妇女们的小圆饼","为感谢平日协助我们工作的当地妇女，我等鬼哭队第五枪队想请她们吃小圆饼。衷心希望有能力制作乌尔达哈风味小圆饼的工匠来协助我们。","鬼哭队第五枪队队员 朱利昂贝尔",6,"烹调师","格里达尼亚",25,0,1,0,"石场水车","石场水车","未知钓场",0,False,"烹调师","烹调师理符任务",0,"黑衣森林南部林区","ui/icon/080000/080012.tex","制作委托：送给妇女们的小圆饼",True,0,1,53430,169,"LeveRewardItem#153","ui/icon/080000/080033.tex","ui/icon/080000/080005.tex","Level#2257677","ui/icon/110000/110019.tex",True,,"music/ffxiv/BGM_Leves.scd"
296,"批发委托：宴会上的派","我们鬼哭队很看重在辅城举办的宴会上和居民们交流。请为我们提供放入了黑鳗的鳗鱼派，以供在下次宴会上使用。","鬼哭队第五枪队队员 朱利昂贝尔",6,"烹调师","格里达尼亚",25,0,1,0,"石场水车","石场水车","未知钓场",0,False,"烹调师","烹调师理符任务",0,"黑衣森林南部林区","ui/icon/080000/080012.tex","批发委托：宴会上的派",True,0,1,20060,112,"LeveRewardItem#153","ui/icon/080000/080041.tex","ui/icon/080000/080005.tex","Level#2257677","ui/icon/110000/110019.tex",True,,"music/ffxiv/BGM_Leves.scd"
297,"筹集委托：最高级的醋","我的主人格格鲁玖是个美食家。因此，他平日里吃的菜肴也必须用最高级的调味料烹调。请为我们提供高级的黑果醋。","格格鲁玖商会管理员 利利佛恩",6,"烹调师","利姆萨·罗敏萨",30,0,1,0,"太阳海岸","太阳海岸","未知钓场",0,False,"烹调师","烹调师理符任务",0,"东拉诺西亚","ui/icon/080000/080011.tex","筹集委托：最高级的醋",True,0,1,36240,347,"LeveRewardItem#154","ui/icon/080000/080034.tex","ui/icon/080000/080005.tex","Level#3999030","ui/icon/110000/110031.tex",True,,"music/ffxiv/BGM_Leves.scd"
298,"制作委托：促销用的果挞","我们想进一步扩展血红奇异果的销路，因此要举办一场促销会。在会上将用血红奇异果做成的点心招待买主。请为我们提供血红奇异果挞。","布鲁盖尔商会副会长 班戈·赞戈",6,"烹调师","利姆萨·罗敏萨",30,0,1,0,"利姆萨·罗敏萨","利姆萨·罗敏萨","未知钓场",0,False,"烹调师","烹调师理符任务",0,"利姆萨·罗敏萨","ui/icon/080000/080011.tex","制作委托：促销用的果挞",True,0,1,72430,294,"LeveRewardItem#154","ui/icon/080000/080033.tex","ui/icon/080000/080005.tex","Level#4143334","ui/icon/110000/110034.tex",True,,"music/ffxiv/BGM_Leves.scd"
299,"批发委托：替代用的玉米粉","由于浸水，从乌尔达哈进口的玉米粉全泡汤了。可我们已经签下了买卖合约，因此无论如何也要用替代品补上。请为我们提供大量的玉米粉。","布鲁盖尔商会副会长 班戈·赞戈",6,"烹调师","利姆萨·罗敏萨",30,0,1,0,"利姆萨·罗敏萨","利姆萨·罗敏萨","未知钓场",0,False,"烹调师","烹调师理符任务",0,"利姆萨·罗敏萨","ui/icon/080000/080011.tex","批发委托：替代用的玉米粉",True,0,1,17230,69,"LeveRewardItem#289","ui/icon/080000/080041.tex","ui/icon/080000/080005.tex","Level#4143334","ui/icon/110000/110034.tex",True,,"music/ffxiv/BGM_Leves.scd"
300,"制作委托：沉溺海豚亭的名产","我的主人格格鲁玖想吃沉溺海豚亭的名产玉米面包。但怎么能把他带到那种大众酒馆去吃饭呢。请为我的主人制作玉米面包。","格格鲁玖商会管理员 利利佛恩",6,"烹调师","利姆萨·罗敏萨",30,0,1,0,"太阳海岸","太阳海岸","未知钓场",0,False,"烹调师","烹调师理符任务",0,"东拉诺西亚","ui/icon/080000/080011.tex","制作委托：沉溺海豚亭的名产",True,0,1,57390,338,"LeveRewardItem#155","ui/icon/080000/080033.tex","ui/icon/080000/080005.tex","Level#3999030","ui/icon/110000/110031.tex",True,,"music/ffxiv/BGM_Leves.scd"
301,"制作委托：小猫咪的最爱","我的主人格格鲁玖想和他“中意的小猫咪”一起去吃小猫咪最喜欢的食物。请谨防食物中毒，细心烹调出猫魅风味海产烤串。","格格鲁玖商会管理员 利利佛恩",6,"烹调师","利姆萨·罗敏萨",30,0,1,0,"太阳海岸","太阳海岸","未知钓场",0,False,"烹调师","烹调师理符任务",0,"东拉诺西亚","ui/icon/080000/080011.tex","制作委托：小猫咪的最爱",True,0,1,52220,534,"LeveRewardItem#155","ui/icon/080000/080033.tex","ui/icon/080000/080005.tex","Level#3999030","ui/icon/110000/110031.tex",True,,"music/ffxiv/BGM_Leves.scd"
302,"批发委托：为客人提供的美食","我的主人格格鲁玖想招待友人、举办宴会。但客人实在是太多了，光凭专属厨师应付不过来。请为我们提供大量的烤黑鳎。","格格鲁玖商会管理员 利利佛恩",6,"烹调师","利姆萨·罗敏萨",30,0,1,0,"太阳海岸","太阳海岸","未知钓场",0,False,"烹调师","烹调师理符任务",0,"东拉诺西亚","ui/icon/080000/080011.tex","批发委托：为客人提供的美食",True,0,1,20330,114,"LeveRewardItem#290","ui/icon/080000/080041.tex","ui/icon/080000/080005.tex","Level#3999030","ui/icon/110000/110031.tex",True,,"music/ffxiv/BGM_Leves.scd"
303,"筹集委托：面向占星台的面包","阿德内尔占星台向我们下了食品订单。大多占星学家的性格都很保守，在饮食方面也喜欢吃传统食品。请为我们提供用黑麦制成的伊修加德传统面包——骑士面包。","酒保商人 维温娜",6,"烹调师","利姆萨·罗敏萨",35,0,1,0,"阿德内尔占星台","阿德内尔占星台","未知钓场",0,False,"烹调师","烹调师理符任务",0,"库尔札斯中央高地","ui/icon/080000/080011.tex","筹集委托：面向占星台的面包",True,0,1,68670,398,"LeveRewardItem#156","ui/icon/080000/080034.tex","ui/icon/080000/080005.tex","Level#3643002","ui/icon/110000/110062.tex",True,,"music/ffxiv/BGM_Leves.scd"
304,"制作委托：长期航海用的酸泡菜","酸泡菜是将甘蓝切丝再腌制而成的，因此可以长期保存。不仅如此，它还能预防坏血病，是长期航海的必备品。请为我们提供酸泡菜这种热卖商品。","布鲁盖尔商会副会长 班戈·赞戈",6,"烹调师","利姆萨·罗敏萨",35,0,1,0,"利姆萨·罗敏萨","利姆萨·罗敏萨","未知钓场",0,False,"烹调师","烹调师理符任务",0,"利姆萨·罗敏萨","ui/icon/080000/080011.tex","制作委托：长期航海用的酸泡菜",True,0,1,57570,532,"LeveRewardItem#156","ui/icon/080000/080033.tex","ui/icon/080000/080005.tex","Level#4143334","ui/icon/110000/110034.tex",True,,"music/ffxiv/BGM_Leves.scd"
305,"批发委托：长期航海用的饼干","橡果饼干在卢恩族船员中大受好评。由于饼干的保质期比面包更长，因此很适合做长期航海的储备粮。我们商会也一直在卖这种饼干，请多为我们提供一些。","布鲁盖尔商会副会长 班戈·赞戈",6,"烹调师","利姆萨·罗敏萨",35,0,1,0,"利姆萨·罗敏萨","利姆萨·罗敏萨","未知钓场",0,False,"烹调师","烹调师理符任务",0,"利姆萨·罗敏萨","ui/icon/080000/080011.tex","批发委托：长期航海用的饼干",True,0,1,30230,91,"LeveRewardItem#291","ui/icon/080000/080041.tex","ui/icon/080000/080005.tex","Level#4143334","ui/icon/110000/110034.tex",True,,"music/ffxiv/BGM_Leves.scd"
306,"制作委托：受骑兵欢迎的烤鱼","听说最近骑兵团的伙食质量下降了。因此有不少骑兵都来向我们酒保商人购买美味佳肴。请为我们提供饱受欢迎的艾蒿烤鲤鱼。","酒保商人 维温娜",6,"烹调师","格里达尼亚",35,0,1,0,"阿德内尔占星台","阿德内尔占星台","未知钓场",0,False,"烹调师","烹调师理符任务",0,"库尔札斯中央高地","ui/icon/080000/080012.tex","制作委托：受骑兵欢迎的烤鱼",True,0,1,36000,431,"LeveRewardItem#157","ui/icon/080000/080033.tex","ui/icon/080000/080005.tex","Level#3643002","ui/icon/110000/110062.tex",True,,"music/ffxiv/BGM_Leves.scd"
307,"制作委托：宴会上的蛋奶酥","阿德内尔占星台要举办宴会招待教皇厅的圣职者，因此向我们下了点心的订单。请厨艺过人的工匠来协助我们，制作精灵族的传统点心奶酪蛋奶酥。","酒保商人 维温娜",6,"烹调师","格里达尼亚",35,0,1,0,"阿德内尔占星台","阿德内尔占星台","未知钓场",0,False,"烹调师","烹调师理符任务",0,"库尔札斯中央高地","ui/icon/080000/080012.tex","制作委托：宴会上的蛋奶酥",True,0,1,79780,250,"LeveRewardItem#157","ui/icon/080000/080033.tex","ui/icon/080000/080005.tex","Level#3643002","ui/icon/110000/110062.tex",True,,"music/ffxiv/BGM_Leves.scd"
308,"批发委托：暖身汤","我们酒保商人长期为守卫阿德内尔占星台的狄兰达尔家骑兵团提供食材。其中，暖身汤最受欢迎。骑兵人数不少，请准备大量的盐韭洋葱汤。","酒保商人 维温娜",6,"烹调师","格里达尼亚",35,0,1,0,"阿德内尔占星台","阿德内尔占星台","未知钓场",0,False,"烹调师","烹调师理符任务",0,"库尔札斯中央高地","ui/icon/080000/080012.tex","批发委托：暖身汤",True,0,1,41990,156,"LeveRewardItem#292","ui/icon/080000/080041.tex","ui/icon/080000/080005.tex","Level#3643002","ui/icon/110000/110062.tex",True,,"music/ffxiv/BGM_Leves.scd"
309,"筹集委托：为神殿骑士提供的奶酪","教皇厅直属神殿骑士要来白云崖前哨视察。请帮我们准备食物招待他。他最爱吃口感细腻的罗兰莓奶酪，请提供这种食物。","酒保商人 兰凯尔",6,"烹调师","利姆萨·罗敏萨",40,0,1,0,"白云崖前哨","白云崖前哨","未知钓场",0,False,"烹调师","烹调师理符任务",0,"库尔札斯中央高地","ui/icon/080000/080011.tex","筹集委托：为神殿骑士提供的奶酪",True,0,1,56430,481,"LeveRewardItem#158","ui/icon/080000/080034.tex","ui/icon/080000/080005.tex","Level#3643494","ui/icon/110000/110063.tex",True,,"music/ffxiv/BGM_Leves.scd"
310,"制作委托：长期航海用的肉干","在航海时，如果长期吃难吃的食物，有些船员就会惹是生非。为维持船员们的好心情，肉干是航海时的必需品。请为我们提供加入香料的牛肉干。","布鲁盖尔商会副会长 班戈·赞戈",6,"烹调师","利姆萨·罗敏萨",40,0,1,0,"利姆萨·罗敏萨","利姆萨·罗敏萨","未知钓场",0,False,"烹调师","烹调师理符任务",0,"利姆萨·罗敏萨","ui/icon/080000/080011.tex","制作委托：长期航海用的肉干",True,0,1,69350,460,"LeveRewardItem#158","ui/icon/080000/080033.tex","ui/icon/080000/080005.tex","Level#4143334","ui/icon/110000/110034.tex",True,,"music/ffxiv/BGM_Leves.scd"
311,"批发委托：晶亮苹果汁","我们想让利姆萨·罗敏萨的人也尝尝用产自库尔札斯的晶亮苹果做的果汁。请为我们提供大量美味的苹果汁，让对食物挑剔的人也能交口称赞。","布鲁盖尔商会副会长 班戈·赞戈",6,"烹调师","利姆萨·罗敏萨",40,0,1,0,"利姆萨·罗敏萨","利姆萨·罗敏萨","未知钓场",0,False,"烹调师","烹调师理符任务",0,"利姆萨·罗敏萨","ui/icon/080000/080011.tex","批发委托：晶亮苹果汁",True,0,1,47700,266,"LeveRewardItem#293","ui/icon/080000/080041.tex","ui/icon/080000/080005.tex","Level#4143334","ui/icon/110000/110034.tex",True,,"music/ffxiv/BGM_Leves.scd"
312,"制作委托：送去野战医院的奶酪","奶油奶酪柔软易食又有营养，即使是伤兵也能吃。最近，野战医院向我们订了大批此种奶酪。请为我们提供酸酸甜甜的奶油奶酪。","酒保商人 兰凯尔",6,"烹调师","格里达尼亚",40,0,1,0,"白云崖前哨","白云崖前哨","未知钓场",0,False,"烹调师","烹调师理符任务",0,"库尔札斯中央高地","ui/icon/080000/080012.tex","制作委托：送去野战医院的奶酪",True,0,1,56430,481,"LeveRewardItem#159","ui/icon/080000/080033.tex","ui/icon/080000/080005.tex","Level#3643494","ui/icon/110000/110063.tex",True,,"music/ffxiv/BGM_Leves.scd"
313,"制作委托：面向骑兵团的便携食品","狄兰达尔家的骑兵向我们下了订单，说是需要些既有营养，又能随时吃的便携食品。请为他们提供加入了盐渍鳕鱼的油炸盐渍鳕鱼丸。","酒保商人 兰凯尔",6,"烹调师","格里达尼亚",40,0,1,0,"白云崖前哨","白云崖前哨","未知钓场",0,False,"烹调师","烹调师理符任务",0,"库尔札斯中央高地","ui/icon/080000/080012.tex","制作委托：面向骑兵团的便携食品",True,0,1,96130,559,"LeveRewardItem#159","ui/icon/080000/080033.tex","ui/icon/080000/080005.tex","Level#3643494","ui/icon/110000/110063.tex",True,,"music/ffxiv/BGM_Leves.scd"
314,"批发委托：庆祝用的点心","祭奠伊修加德圣人达奈芬的节日马上就要到来了。鱼糕是此节日中不可或缺的点心。请为我们提供大量翻车鱼造型的鱼糕。","酒保商人 兰凯尔",6,"烹调师","格里达尼亚",40,0,1,0,"白云崖前哨","白云崖前哨","未知钓场",0,False,"烹调师","烹调师理符任务",0,"库尔札斯中央高地","ui/icon/080000/080012.tex","批发委托：庆祝用的点心",True,0,1,44930,177,"LeveRewardItem#294","ui/icon/080000/080041.tex","ui/icon/080000/080005.tex","Level#3643494","ui/icon/110000/110063.tex",True,,"music/ffxiv/BGM_Leves.scd"
315,"筹集委托：伊修加德风味庆祝用蛋糕","在我们圣寇伊纳克财团工作的人，出身、民族、部族都各不相同。为增进大家的友谊，我们规定大家一起庆祝各地的节日。请为我们制作伊修加德风味庆祝用蛋糕。","圣寇伊纳克财团 莎伊艾勒",6,"烹调师","利姆萨·罗敏萨",45,0,1,0,"圣寇伊纳克调查地","圣寇伊纳克调查地","未知钓场",0,False,"烹调师","烹调师理符任务",0,"摩杜纳","ui/icon/080000/080011.tex","筹集委托：伊修加德风味庆祝用蛋糕",True,0,1,106480,530,"LeveRewardItem#160","ui/icon/080000/080034.tex","ui/icon/080000/080005.tex","Level#4258823","ui/icon/110000/110064.tex",True,,"music/ffxiv/BGM_Leves.scd"
316,"制作委托：招待梅梅卢恩用的菜肴","最近，我们商会和卢恩族的梅梅卢恩交易站开始做生意了。卢恩族喜欢吃蛋，为了能使谈判顺利进行，请为我们提供用碧企鹅蛋做的辛辣蛋。","布鲁盖尔商会副会长 班戈·赞戈",6,"烹调师","利姆萨·罗敏萨",45,0,1,0,"利姆萨·罗敏萨","利姆萨·罗敏萨","未知钓场",0,False,"烹调师","烹调师理符任务",0,"利姆萨·罗敏萨","ui/icon/080000/080011.tex","制作委托：招待梅梅卢恩用的菜肴",True,0,1,113900,559,"LeveRewardItem#160","ui/icon/080000/080033.tex","ui/icon/080000/080005.tex","Level#4143334","ui/icon/110000/110034.tex",True,,"music/ffxiv/BGM_Leves.scd"
317,"批发委托：招待吉吉卢恩用的菜肴","在和卢恩族谈生意时，只要摆上用蛋做的菜肴，他们就会很高兴。我们过几天将和吉吉卢恩交易站谈生意，因此需要些菜肴招待他们。请为我们提供大量使用鲜蛋制成的拉诺西亚吐司。","布鲁盖尔商会副会长 班戈·赞戈",6,"烹调师","利姆萨·罗敏萨",45,0,1,0,"利姆萨·罗敏萨","利姆萨·罗敏萨","未知钓场",0,False,"烹调师","烹调师理符任务",0,"利姆萨·罗敏萨","ui/icon/080000/080011.tex","批发委托：招待吉吉卢恩用的菜肴",True,0,1,75760,128,"LeveRewardItem#295","ui/icon/080000/080041.tex","ui/icon/080000/080005.tex","Level#4143334","ui/icon/110000/110034.tex",True,,"music/ffxiv/BGM_Leves.scd"
318,"制作委托：庆祝新发现的蘑菇菜肴","前几天，某位调查员挖掘出了十分稀有的遗物。为了庆祝此伟大的发现，我们想举办一场晚餐会。请为那位调查员制作他最爱吃的蘑菇菜肴。","圣寇伊纳克财团 莎伊艾勒",6,"烹调师","乌尔达哈",45,0,1,0,"圣寇伊纳克调查地","圣寇伊纳克调查地","未知钓场",0,False,"烹调师","烹调师理符任务",0,"摩杜纳","ui/icon/080000/080013.tex","制作委托：庆祝新发现的蘑菇菜肴",True,0,1,126270,540,"LeveRewardItem#161","ui/icon/080000/080033.tex","ui/icon/080000/080005.tex","Level#4258823","ui/icon/110000/110064.tex",True,,"music/ffxiv/BGM_Leves.scd"
319,"制作委托：休息时供给的健康茶","由于挖掘遗迹时会引起扬尘，因此在休息的时候会为调查队员提供饮料润润喉咙。请制作加入了香料和草药等材料的香草茶，调查队员们最喜欢喝这个。                 ","圣寇伊纳克财团 莎伊艾勒",6,"烹调师","乌尔达哈",45,0,1,0,"圣寇伊纳克调查地","圣寇伊纳克调查地","未知钓场",0,False,"烹调师","烹调师理符任务",0,"摩杜纳","ui/icon/080000/080013.tex","制作委托：休息时供给的健康茶",True,0,1,90400,251,"LeveRewardItem#161","ui/icon/080000/080033.tex","ui/icon/080000/080005.tex","Level#4258823","ui/icon/110000/110064.tex",True,,"music/ffxiv/BGM_Leves.scd"
320,"批发委托：拉姆布鲁斯喜欢的食物","拉姆布鲁斯率领调查队挖掘遗迹，我们想将他最喜欢的食物送给他，以表谢意。拉姆布鲁斯平日里最喜欢罗兰莓，请为我们提供大量美味的罗兰莓酸奶昔。","圣寇伊纳克财团 莎伊艾勒",6,"烹调师","乌尔达哈",45,0,1,0,"圣寇伊纳克调查地","圣寇伊纳克调查地","未知钓场",0,False,"烹调师","烹调师理符任务",0,"摩杜纳","ui/icon/080000/080013.tex","批发委托：拉姆布鲁斯喜欢的食物",True,0,1,54240,215,"LeveRewardItem#296","ui/icon/080000/080041.tex","ui/icon/080000/080005.tex","Level#4258823","ui/icon/110000/110064.tex",True,,"music/ffxiv/BGM_Leves.scd"
321,"制作委托：毒药的材料","某位被称作制毒名人的炼金术士向我们订了水银。由于毒药卖得太好，因此他没有时间自己制作毒药的材料了。世道真是不太平，请为我们提供大量的水银。","阿修加纳贸易公司经理 劳力士",6,"炼金术士","乌尔达哈",1,0,1,0,"乌尔达哈","乌尔达哈","未知钓场",0,False,"炼金术士","炼金术士理符任务",0,"乌尔达哈","ui/icon/080000/080013.tex","制作委托：毒药的材料",True,0,1,800,113,"LeveRewardItem#122","ui/icon/080000/080033.tex","ui/icon/080000/080005.tex","Level#4067692","ui/icon/110000/110038.tex",True,,"music/ffxiv/BGM_Leves.scd"
322,"制作委托：流行的魔导书","最近秘术师在冒险者之间很受欢迎，魔导书也因此疯卖。为了抓住此商机，我们要先确保魔导书的库存。请有能力的炼金术士协助我们。","阿修加纳贸易公司经理 劳力士",6,"炼金术士","乌尔达哈",1,0,1,0,"乌尔达哈","乌尔达哈","未知钓场",0,False,"炼金术士","炼金术士理符任务",0,"乌尔达哈","ui/icon/080000/080013.tex","制作委托：流行的魔导书",True,0,1,2040,114,"LeveRewardItem#122","ui/icon/080000/080033.tex","ui/icon/080000/080005.tex","Level#4067692","ui/icon/110000/110038.tex",True,,"music/ffxiv/BGM_Leves.scd"
323,"筹集委托：植物成长促进剂","为了使在灵灾时受伤的森林复苏，格里达尼亚的刻木匠行会向我们订了植物成长剂1型。请擅长炼金术的工匠助我们一臂之力。","商队互助会 吉吉尤恩",6,"炼金术士","乌尔达哈",1,0,1,0,"毒蝎交易所","毒蝎交易所","未知钓场",0,False,"炼金术士","炼金术士理符任务",0,"西萨纳兰","ui/icon/080000/080013.tex","筹集委托：植物成长促进剂",True,0,1,1330,114,"LeveRewardItem#122","ui/icon/080000/080034.tex","ui/icon/080000/080005.tex","Level#3958293","ui/icon/110000/110035.tex",True,,"music/ffxiv/BGM_Leves.scd"
324,"制作委托：用于制造武具的粘着剂","利姆萨·罗敏萨的纳尔迪克＆威米利作坊向我们订了黏胶，但不巧的是现在没货。该作坊是我们的重要贸易伙伴，请擅长炼金术的工匠助我们一臂之力。","商队互助会 吉吉尤恩",6,"炼金术士","乌尔达哈",1,0,1,0,"毒蝎交易所","毒蝎交易所","未知钓场",0,False,"炼金术士","炼金术士理符任务",0,"西萨纳兰","ui/icon/080000/080013.tex","制作委托：用于制造武具的粘着剂",True,0,1,1330,115,"LeveRewardItem#123","ui/icon/080000/080033.tex","ui/icon/080000/080005.tex","Level#3958293","ui/icon/110000/110035.tex",True,,"music/ffxiv/BGM_Leves.scd"
325,"制作委托：旅行商人的必需品","对于游走各地的旅行商人来说，保持健康十分重要。因此解毒药是旅途中的必需品。为下次旅行做准备，请为我制作耐用的解毒药。","商队互助会 吉吉尤恩",6,"炼金术士","乌尔达哈",1,0,1,0,"毒蝎交易所","毒蝎交易所","未知钓场",0,False,"炼金术士","炼金术士理符任务",0,"西萨纳兰","ui/icon/080000/080013.tex","制作委托：旅行商人的必需品",True,0,1,800,112,"LeveRewardItem#123","ui/icon/080000/080033.tex","ui/icon/080000/080005.tex","Level#3958293","ui/icon/110000/110035.tex",True,,"music/ffxiv/BGM_Leves.scd"
326,"筹集委托：初学者用的幻杖","在一些经常前往危险地带的冒险者之间，流行起学习简单的治疗魔法。为此，面向初学者用的幻杖卖火了。为保证库存，请为我们提供枫木幻杖。","阿修加纳贸易公司经理 劳力士",6,"炼金术士","乌尔达哈",1,0,1,0,"乌尔达哈","乌尔达哈","未知钓场",0,False,"炼金术士","炼金术士理符任务",0,"乌尔达哈","ui/icon/080000/080013.tex","筹集委托：初学者用的幻杖",True,0,1,980,112,"LeveRewardItem#123","ui/icon/080000/080034.tex","ui/icon/080000/080005.tex","Level#4067692","ui/icon/110000/110038.tex",True,,"music/ffxiv/BGM_Leves.scd"
327,"制作委托：对抗沙尘的眼药","干燥的萨纳兰地区经常扬尘飞沙，有不少人被砂子迷了眼睛。为此，眼药就成了经久不衰的商品。请手艺高超的炼金术士为我们提供眼药，确保库存。","阿修加纳贸易公司经理 劳力士",6,"炼金术士","乌尔达哈",5,0,1,0,"乌尔达哈","乌尔达哈","未知钓场",0,False,"炼金术士","炼金术士理符任务",0,"乌尔达哈","ui/icon/080000/080013.tex","制作委托：对抗沙尘的眼药",True,0,1,2490,139,"LeveRewardItem#124","ui/icon/080000/080033.tex","ui/icon/080000/080005.tex","Level#4067692","ui/icon/110000/110038.tex",True,,"music/ffxiv/BGM_Leves.scd"
328,"制作委托：夫人的饮用水","因喝井水会拉肚子，某位富商的妻子下订单，要求我们用青铜蒸馏器细心收集蒸馏水。请手艺高超的炼金术士助我们一臂之力。","阿修加纳贸易公司经理 劳力士",6,"炼金术士","乌尔达哈",5,0,1,0,"乌尔达哈","乌尔达哈","未知钓场",0,False,"炼金术士","炼金术士理符任务",0,"乌尔达哈","ui/icon/080000/080013.tex","制作委托：夫人的饮用水",True,0,1,1420,169,"LeveRewardItem#124","ui/icon/080000/080033.tex","ui/icon/080000/080005.tex","Level#4067692","ui/icon/110000/110038.tex",True,,"music/ffxiv/BGM_Leves.scd"
329,"筹集委托：初学者用的改良幻杖","初学治疗魔法的冒险者们想要更加优良的幻杖。为了满足他们的需求，我们想贩卖经过加工后的初学者幻杖。请手艺高超的炼金术士助我们一臂之力。","商队互助会 吉吉尤恩",6,"炼金术士","乌尔达哈",5,0,1,0,"毒蝎交易所","毒蝎交易所","未知钓场",0,False,"炼金术士","炼金术士理符任务",0,"西萨纳兰","ui/icon/080000/080013.tex","筹集委托：初学者用的改良幻杖",True,0,1,5220,293,"LeveRewardItem#124","ui/icon/080000/080034.tex","ui/icon/080000/080005.tex","Level#3958293","ui/icon/110000/110035.tex",True,,"music/ffxiv/BGM_Leves.scd"
330,"制作委托：用于缓冲的橡胶","前几天我从格里达尼亚进了一批高级木制家具，但在运输过程中撞到了载货架，家具受到了损伤，结果没能卖出好价钱。因此，为保护昂贵商品，我想试着使用一下橡胶。","商队互助会 吉吉尤恩",6,"炼金术士","乌尔达哈",5,0,1,0,"毒蝎交易所","毒蝎交易所","未知钓场",0,False,"炼金术士","炼金术士理符任务",0,"西萨纳兰","ui/icon/080000/080013.tex","制作委托：用于缓冲的橡胶",True,0,1,1420,140,"LeveRewardItem#125","ui/icon/080000/080033.tex","ui/icon/080000/080005.tex","Level#3958293","ui/icon/110000/110035.tex",True,,"music/ffxiv/BGM_Leves.scd"
331,"制作委托：用于蜡烛的蜂蜡","纳尔札尔教团向我们订了蜂蜡。他们似乎是想将其用于葬礼中。因此，请为我们制作去除掉不纯物的蜂蜡。请擅长炼金术的工匠助我们一臂之力。","商队互助会 吉吉尤恩",6,"炼金术士","乌尔达哈",5,0,1,0,"毒蝎交易所","毒蝎交易所","未知钓场",0,False,"炼金术士","炼金术士理符任务",0,"西萨纳兰","ui/icon/080000/080013.tex","制作委托：用于蜡烛的蜂蜡",True,0,1,3600,170,"LeveRewardItem#125","ui/icon/080000/080033.tex","ui/icon/080000/080005.tex","Level#3958293","ui/icon/110000/110035.tex",True,,"music/ffxiv/BGM_Leves.scd"
332,"筹集委托：流行的巫书","最近秘术师在冒险者之间很受欢迎，魔导书也因此疯卖。为了抓住此商机，我们要先确保枫木巫书的库存。请有能力的炼金术士协助我们。","阿修加纳贸易公司经理 劳力士",6,"炼金术士","乌尔达哈",5,0,1,0,"乌尔达哈","乌尔达哈","未知钓场",0,False,"炼金术士","炼金术士理符任务",0,"乌尔达哈","ui/icon/080000/080013.tex","筹集委托：流行的巫书",True,0,1,6280,169,"LeveRewardItem#125","ui/icon/080000/080034.tex","ui/icon/080000/080005.tex","Level#4067692","ui/icon/110000/110038.tex",True,,"music/ffxiv/BGM_Leves.scd"
333,"制作委托：用于新事业的枫木幻杖","幻杖在冒险者之间卖得很不错。在咒术盛行的乌尔达哈，幻杖一般由做小买卖的商人贩卖。因此我们应该抓住此机会。请为我们提供能够大量贩卖的枫木幻杖。","阿修加纳贸易公司经理 劳力士",6,"炼金术士","乌尔达哈",10,0,1,0,"乌尔达哈","乌尔达哈","未知钓场",0,False,"炼金术士","炼金术士理符任务",0,"乌尔达哈","ui/icon/080000/080013.tex","制作委托：用于新事业的枫木幻杖",True,0,1,9990,191,"LeveRewardItem#126","ui/icon/080000/080033.tex","ui/icon/080000/080005.tex","Level#4067692","ui/icon/110000/110038.tex",True,,"music/ffxiv/BGM_Leves.scd"
334,"制作委托：面向咒术师行会的以太药","咒术师行会向我们订了以太药。那帮人付款很慢，说实话我不想和他们做生意……但我们已交往甚久，不好拒绝。请为我们制作能快速恢复魔力的以太药。","阿修加纳贸易公司经理 劳力士",6,"炼金术士","乌尔达哈",10,0,1,0,"乌尔达哈","乌尔达哈","未知钓场",0,False,"炼金术士","炼金术士理符任务",0,"乌尔达哈","ui/icon/080000/080013.tex","制作委托：面向咒术师行会的以太药",True,0,1,8930,169,"LeveRewardItem#126","ui/icon/080000/080033.tex","ui/icon/080000/080005.tex","Level#4067692","ui/icon/110000/110038.tex",True,,"music/ffxiv/BGM_Leves.scd"
335,"筹集委托：用于海关研修的魔导书","利姆萨·罗敏萨的梅尔凡海关向我们下订单，说需要研修用的魔导书。那里的各类检查都需要使用秘术，因此才需要魔导书的吧。总之，请为我们提供梣木巫书。","商队互助会 米米娜",6,"炼金术士","乌尔达哈",10,0,1,0,"地平关","地平关","未知钓场",0,False,"炼金术士","炼金术士理符任务",0,"西萨纳兰","ui/icon/080000/080013.tex","筹集委托：用于海关研修的魔导书",True,0,1,12030,230,"LeveRewardItem#126","ui/icon/080000/080034.tex","ui/icon/080000/080005.tex","Level#2540087","ui/icon/110000/110036.tex",True,,"music/ffxiv/BGM_Leves.scd"
336,"制作委托：运货人的随身药","商队遭遇魔物袭击，商人受伤，这种事一点也不罕见。为以防万一，我们互助会都让运货人带上恢复药。请为运货人制作恢复药。","商队互助会 米米娜",6,"炼金术士","乌尔达哈",10,0,1,0,"地平关","地平关","未知钓场",0,False,"炼金术士","炼金术士理符任务",0,"西萨纳兰","ui/icon/080000/080013.tex","制作委托：运货人的随身药",True,0,1,7880,168,"LeveRewardItem#127","ui/icon/080000/080033.tex","ui/icon/080000/080005.tex","Level#2540087","ui/icon/110000/110036.tex",True,,"music/ffxiv/BGM_Leves.scd"
337,"制作委托：用于新耕作方法的炼金药","最近，我们开始与拉诺西亚的赤血雄鸡农场做生意。他们好像在尝试各种新的耕作方法，且对炼金术调配出的植物成长促进剂颇有兴趣。请为我们提供1个。","商队互助会 米米娜",6,"炼金术士","乌尔达哈",10,0,1,0,"地平关","地平关","未知钓场",0,False,"炼金术士","炼金术士理符任务",0,"西萨纳兰","ui/icon/080000/080013.tex","制作委托：用于新耕作方法的炼金药",True,0,1,8930,284,"LeveRewardItem#127","ui/icon/080000/080033.tex","ui/icon/080000/080005.tex","Level#2540087","ui/icon/110000/110036.tex",True,,"music/ffxiv/BGM_Leves.scd"
338,"筹集委托：用于建造新房的瓦片","即将在西萨纳兰建设的住宅区将会成为富人区，我们设想瓦片将成为紧缺建材。因此想要确保瓦片的库存数量。请助我们一臂之力。","阿修加纳贸易公司经理 劳力士",6,"炼金术士","乌尔达哈",10,0,1,0,"乌尔达哈","乌尔达哈","未知钓场",0,False,"炼金术士","炼金术士理符任务",0,"乌尔达哈","ui/icon/080000/080013.tex","筹集委托：用于建造新房的瓦片",True,0,1,6880,175,"LeveRewardItem#127","ui/icon/080000/080034.tex","ui/icon/080000/080005.tex","Level#4067692","ui/icon/110000/110038.tex",True,,"music/ffxiv/BGM_Leves.scd"
339,"制作委托：面向冒险者的梣木幻杖","幻杖在冒险者之间卖得很不错。我们之前从没卖过幻杖，但现在要重新考虑这件事了。为了能够实现商品的多样化，请助我们一臂之力。","阿修加纳贸易公司经理 劳力士",6,"炼金术士","乌尔达哈",15,0,1,0,"乌尔达哈","乌尔达哈","未知钓场",0,False,"炼金术士","炼金术士理符任务",0,"乌尔达哈","ui/icon/080000/080013.tex","制作委托：面向冒险者的梣木幻杖",True,0,1,11040,230,"LeveRewardItem#128","ui/icon/080000/080033.tex","ui/icon/080000/080005.tex","Level#4067692","ui/icon/110000/110038.tex",True,,"music/ffxiv/BGM_Leves.scd"
340,"制作委托：确保魔导书的库存","图书是阿修加纳贸易公司的重要商品之一。但最近，市场对魔导书的需求越来越大，导致我们的库存有些不足。为改善此状况，请为我们提供雕花硬革魔导书。","阿修加纳贸易公司经理 劳力士",6,"炼金术士","乌尔达哈",15,0,1,0,"乌尔达哈","乌尔达哈","未知钓场",0,False,"炼金术士","炼金术士理符任务",0,"乌尔达哈","ui/icon/080000/080013.tex","制作委托：确保魔导书的库存",True,0,1,22790,468,"LeveRewardItem#128","ui/icon/080000/080033.tex","ui/icon/080000/080005.tex","Level#4067692","ui/icon/110000/110038.tex",True,,"music/ffxiv/BGM_Leves.scd"
341,"筹集委托：给人打气的炼金药","纳尔札尔教团的圣阿达玛·兰达玛教会想要耐力之药。因为那个教会里有不少陵园，在葬礼时会来许多人。其中不乏有悲痛欲绝的人，这药就是为那些人准备的。","商队互助会 芙瑞迪斯维莎",6,"炼金术士","乌尔达哈",15,0,1,0,"枯骨营地","枯骨营地","未知钓场",0,False,"炼金术士","炼金术士理符任务",0,"东萨纳兰","ui/icon/080000/080013.tex","筹集委托：给人打气的炼金药",True,0,1,14920,172,"LeveRewardItem#128","ui/icon/080000/080034.tex","ui/icon/080000/080005.tex","Level#2540238","ui/icon/110000/110037.tex",True,,"music/ffxiv/BGM_Leves.scd"
342,"制作委托：献给故人的魔导书","有冒险者想将魔导书献给埋葬在圣阿达玛·兰达玛教会的友人，因此需要一本硬革魔导书。请为那位已故秘术师制作本好书。","商队互助会 芙瑞迪斯维莎",6,"炼金术士","乌尔达哈",15,0,1,0,"枯骨营地","枯骨营地","未知钓场",0,False,"炼金术士","炼金术士理符任务",0,"东萨纳兰","ui/icon/080000/080013.tex","制作委托：献给故人的魔导书",True,0,1,22790,234,"LeveRewardItem#129","ui/icon/080000/080033.tex","ui/icon/080000/080005.tex","Level#2540238","ui/icon/110000/110037.tex",True,,"music/ffxiv/BGM_Leves.scd"
343,"制作委托：安慰人的炼金药","纳尔札尔教团的圣阿达玛·兰达玛教会想要意力之药。悲伤很容易令人失去力量，因此教会的祭司们希望用灵药安慰悲伤的人的心灵。请为我们提供有效的药。","商队互助会 芙瑞迪斯维莎",6,"炼金术士","乌尔达哈",15,0,1,0,"枯骨营地","枯骨营地","未知钓场",0,False,"炼金术士","炼金术士理符任务",0,"东萨纳兰","ui/icon/080000/080013.tex","制作委托：安慰人的炼金药",True,0,1,16920,170,"LeveRewardItem#129","ui/icon/080000/080033.tex","ui/icon/080000/080005.tex","Level#2540238","ui/icon/110000/110037.tex",True,,"music/ffxiv/BGM_Leves.scd"
344,"筹集委托：拳斗士用的炼金药","斗技场财团正在筹备一场奇怪的比赛。他们想让拳斗士喝下炼金药，然后把他们关在场地里对战，名为“刚力死亡对决”。希望不要出现死伤事故。请为我们提供炼金药。","阿修加纳贸易公司经理 劳力士",6,"炼金术士","乌尔达哈",15,0,1,0,"乌尔达哈","乌尔达哈","未知钓场",0,False,"炼金术士","炼金术士理符任务",0,"乌尔达哈","ui/icon/080000/080013.tex","筹集委托：拳斗士用的炼金药",True,0,1,16920,174,"LeveRewardItem#129","ui/icon/080000/080034.tex","ui/icon/080000/080005.tex","Level#4067692","ui/icon/110000/110038.tex",True,,"music/ffxiv/BGM_Leves.scd"
345,"制作委托：野性十足的幻杖","最近，一部奇妙的戏剧正在空前流行。它讲的是美丽的魔法师用野性十足的幻杖打倒恶徒的故事。因此，绿叶梣木幻杖在上流阶级中卖得很火。为抓住这一商机，请助我们一臂之力。","阿修加纳贸易公司经理 劳力士",6,"炼金术士","乌尔达哈",20,0,1,0,"乌尔达哈","乌尔达哈","未知钓场",0,False,"炼金术士","炼金术士理符任务",0,"乌尔达哈","ui/icon/080000/080013.tex","制作委托：野性十足的幻杖",True,0,1,21600,344,"LeveRewardItem#130","ui/icon/080000/080033.tex","ui/icon/080000/080005.tex","Level#4067692","ui/icon/110000/110038.tex",True,,"music/ffxiv/BGM_Leves.scd"
346,"批发委托：研究生最想要的","最近，为乌尔达哈培养御医的福隆戴尔药学院要举办考试。每到这个时候，智力之药就卖得很火。虽然不知这药能管上什么用，总之先大量制作一批。","阿修加纳贸易公司经理 劳力士",6,"炼金术士","乌尔达哈",20,0,1,0,"乌尔达哈","乌尔达哈","未知钓场",0,False,"炼金术士","炼金术士理符任务",0,"乌尔达哈","ui/icon/080000/080013.tex","批发委托：研究生最想要的",True,0,1,11560,101,"LeveRewardItem#130","ui/icon/080000/080041.tex","ui/icon/080000/080005.tex","Level#4067692","ui/icon/110000/110038.tex",True,,"music/ffxiv/BGM_Leves.scd"
347,"筹集委托：用于传令书信的墨水","在潮湿的森林中，手写的东西很容易受潮变模糊。因此我们想用炼金术炼成墨水写传令书信。衷心希望有能力的工匠来协助我们。","鬼哭队第五枪队队员 朱利昂贝尔",6,"炼金术士","乌尔达哈",20,0,1,0,"石场水车","石场水车","未知钓场",0,False,"炼金术士","炼金术士理符任务",0,"黑衣森林南部林区","ui/icon/080000/080013.tex","筹集委托：用于传令书信的墨水",True,0,1,17120,485,"LeveRewardItem#130","ui/icon/080000/080034.tex","ui/icon/080000/080005.tex","Level#2257677","ui/icon/110000/110006.tex",True,,"music/ffxiv/BGM_Leves.scd"
348,"制作委托：义勇兵用的毒药","为了让新手义勇兵也能够打败鸟人族，我等鬼哭队第五枪队在考虑使用失明毒药。衷心希望有能力制作防御用毒药的工匠来协助我们。","鬼哭队第五枪队队员 朱利昂贝尔",6,"炼金术士","格里达尼亚",20,0,1,0,"石场水车","石场水车","未知钓场",0,False,"炼金术士","炼金术士理符任务",0,"黑衣森林南部林区","ui/icon/080000/080012.tex","制作委托：义勇兵用的毒药",True,0,1,21600,281,"LeveRewardItem#131","ui/icon/080000/080033.tex","ui/icon/080000/080005.tex","Level#2257677","ui/icon/110000/110006.tex",True,,"music/ffxiv/BGM_Leves.scd"
349,"批发委托：义勇兵用的炼金药","为了让新手义勇兵能够百发百中射杀敌人，我等鬼哭队第五枪队在考虑使用巧力之药。衷心希望有能力制作防御用毒药的工匠来协助我们。","鬼哭队第五枪队队员 朱利昂贝尔",6,"炼金术士","格里达尼亚",20,0,1,0,"石场水车","石场水车","未知钓场",0,False,"炼金术士","炼金术士理符任务",0,"黑衣森林南部林区","ui/icon/080000/080012.tex","批发委托：义勇兵用的炼金药",True,0,1,7710,101,"LeveRewardItem#131","ui/icon/080000/080041.tex","ui/icon/080000/080005.tex","Level#2257677","ui/icon/110000/110006.tex",True,,"music/ffxiv/BGM_Leves.scd"
350,"制作委托：对付术师用的毒药","为和会使用魔法的鸟人族战斗，我们需要能涂在箭上的沉默毒药。衷心希望有能力制作阻碍魔法咏唱毒药的工匠来协助我们。","鬼哭队第五枪队队员 朱利昂贝尔",6,"炼金术士","格里达尼亚",20,0,1,0,"石场水车","石场水车","未知钓场",0,False,"炼金术士","炼金术士理符任务",0,"黑衣森林南部林区","ui/icon/080000/080012.tex","制作委托：对付术师用的毒药",True,0,1,21600,230,"LeveRewardItem#131","ui/icon/080000/080033.tex","ui/icon/080000/080005.tex","Level#2257677","ui/icon/110000/110006.tex",True,,"music/ffxiv/BGM_Leves.scd"
351,"制作委托：用于魔法人偶的油","以制作魔法人偶闻名的名匠向我们订了蟹油。要维护用细小齿轮与机械制造的魔法人偶，蟹油是不可或缺的。希望有能力的炼金术士能助我们一臂之力。","阿修加纳贸易公司经理 劳力士",6,"炼金术士","乌尔达哈",25,0,1,0,"乌尔达哈","乌尔达哈","未知钓场",0,False,"炼金术士","炼金术士理符任务",0,"乌尔达哈","ui/icon/080000/080013.tex","制作委托：用于魔法人偶的油",True,0,1,25250,326,"LeveRewardItem#132","ui/icon/080000/080033.tex","ui/icon/080000/080005.tex","Level#4067692","ui/icon/110000/110038.tex",True,,"music/ffxiv/BGM_Leves.scd"
352,"筹集委托：嵌在窗户上的玻璃板","我等鬼哭队第五枪队一向以诚实为信条。前几天在训练中，我们打碎了石场水车居民家的玻璃，因此我们想道歉并为居民修补。请为我们提供能镶嵌在窗户里的玻璃板。","鬼哭队第五枪队队员 朱利昂贝尔",6,"炼金术士","乌尔达哈",25,0,1,0,"石场水车","石场水车","未知钓场",0,False,"炼金术士","炼金术士理符任务",0,"黑衣森林南部林区","ui/icon/080000/080013.tex","筹集委托：嵌在窗户上的玻璃板",True,0,1,21650,229,"LeveRewardItem#132","ui/icon/080000/080034.tex","ui/icon/080000/080005.tex","Level#2257677","ui/icon/110000/110019.tex",True,,"music/ffxiv/BGM_Leves.scd"
353,"批发委托：面向中级秘术师的魔导书","利姆萨·罗敏萨的秘术师在乌尔达哈也有了大显身手的机会。以此为商机，阿修加纳贸易公司想将魔导书推销出去。请为我们提供大量的面向中级秘术师的魔导书。","阿修加纳贸易公司经理 劳力士",6,"炼金术士","乌尔达哈",25,0,1,0,"乌尔达哈","乌尔达哈","未知钓场",0,False,"炼金术士","炼金术士理符任务",0,"乌尔达哈","ui/icon/080000/080013.tex","批发委托：面向中级秘术师的魔导书",True,0,1,26160,203,"LeveRewardItem#132","ui/icon/080000/080041.tex","ui/icon/080000/080005.tex","Level#4067692","ui/icon/110000/110038.tex",True,,"music/ffxiv/BGM_Leves.scd"
354,"制作委托：献给法师的幻杖","我等鬼哭队第五枪队为感谢平日里协助我们的法师，想赠予他们幻杖。请为我们提供经过加工的枫木幻杖。","鬼哭队第五枪队队员 朱利昂贝尔",6,"炼金术士","格里达尼亚",25,0,1,0,"石场水车","石场水车","未知钓场",0,False,"炼金术士","炼金术士理符任务",0,"黑衣森林南部林区","ui/icon/080000/080012.tex","制作委托：献给法师的幻杖",True,0,1,36390,379,"LeveRewardItem#133","ui/icon/080000/080033.tex","ui/icon/080000/080005.tex","Level#2257677","ui/icon/110000/110019.tex",True,,"music/ffxiv/BGM_Leves.scd"
355,"制作委托：研究用的魔导书","最近，有不少冒险者都擅用秘术，我等鬼哭队第五枪队认为这种秘术可以用来加强辅城的防御。请为我们提供研究用的魔导书。","鬼哭队第五枪队队员 朱利昂贝尔",6,"炼金术士","格里达尼亚",25,0,1,0,"石场水车","石场水车","未知钓场",0,False,"炼金术士","炼金术士理符任务",0,"黑衣森林南部林区","ui/icon/080000/080012.tex","制作委托：研究用的魔导书",True,0,1,43600,715,"LeveRewardItem#133","ui/icon/080000/080033.tex","ui/icon/080000/080005.tex","Level#2257677","ui/icon/110000/110019.tex",True,,"music/ffxiv/BGM_Leves.scd"
356,"批发委托：辅城的备用药","我等鬼哭队第五枪队为应对鸟人族的袭击，需要储备一些药品。衷心希望有能力制作大量高级恢复药的工匠来协助我们。","鬼哭队第五枪队队员 朱利昂贝尔",6,"炼金术士","格里达尼亚",25,0,1,0,"石场水车","石场水车","未知钓场",0,False,"炼金术士","炼金术士理符任务",0,"黑衣森林南部林区","ui/icon/080000/080012.tex","批发委托：辅城的备用药",True,0,1,17310,126,"LeveRewardItem#133","ui/icon/080000/080041.tex","ui/icon/080000/080005.tex","Level#2257677","ui/icon/110000/110019.tex",True,,"music/ffxiv/BGM_Leves.scd"
357,"筹集委托：用于紧急情况的军用药","为加强太阳海岸的防御，我的主人格格鲁玖想雇佣身手了得的佣兵。但光有佣兵还不够，为以防万一，还要准备能够提高他们战斗力的药品。","格格鲁玖商会管理员 利利佛恩",6,"炼金术士","乌尔达哈",30,0,1,0,"太阳海岸","太阳海岸","未知钓场",0,False,"炼金术士","炼金术士理符任务",0,"东拉诺西亚","ui/icon/080000/080013.tex","筹集委托：用于紧急情况的军用药",True,0,1,41410,372,"LeveRewardItem#134","ui/icon/080000/080034.tex","ui/icon/080000/080005.tex","Level#3999030","ui/icon/110000/110031.tex",True,,"music/ffxiv/BGM_Leves.scd"
358,"制作委托：出口用的妙药","由炼金术士所炼成的妙药是乌尔达哈重要的出口商品之一，经常销往与龙族苦战的宗教城市伊修加德。请有能力的炼金术士来帮我们确保库存。","阿修加纳贸易公司经理 劳力士",6,"炼金术士","乌尔达哈",30,0,1,0,"乌尔达哈","乌尔达哈","未知钓场",0,False,"炼金术士","炼金术士理符任务",0,"乌尔达哈","ui/icon/080000/080013.tex","制作委托：出口用的妙药",True,0,1,41410,296,"LeveRewardItem#134","ui/icon/080000/080033.tex","ui/icon/080000/080005.tex","Level#4067692","ui/icon/110000/110038.tex",True,,"music/ffxiv/BGM_Leves.scd"
359,"批发委托：大量的鬼胶","纳尔迪克＆威米利作坊向我们订了大量的粘着剂。由于数量过多，以我们的库存无法应对，请有能力制作大量鬼胶的炼金术士助我们一臂之力。","阿修加纳贸易公司经理 劳力士",6,"炼金术士","乌尔达哈",30,0,1,0,"乌尔达哈","乌尔达哈","未知钓场",0,False,"炼金术士","炼金术士理符任务",0,"乌尔达哈","ui/icon/080000/080013.tex","批发委托：大量的鬼胶",True,0,1,21740,175,"LeveRewardItem#281","ui/icon/080000/080041.tex","ui/icon/080000/080005.tex","Level#4067692","ui/icon/110000/110038.tex",True,,"music/ffxiv/BGM_Leves.scd"
360,"制作委托：合同用的墨水","在做交易时，格格鲁玖商会定会准备好合同书。而写合同离不开优质羊皮纸和墨水。请为我们提供不褪色不晕染的优质墨水。","格格鲁玖商会管理员 利利佛恩",6,"炼金术士","利姆萨·罗敏萨",30,0,1,0,"太阳海岸","太阳海岸","未知钓场",0,False,"炼金术士","炼金术士理符任务",0,"东拉诺西亚","ui/icon/080000/080011.tex","制作委托：合同用的墨水",True,0,1,41410,440,"LeveRewardItem#135","ui/icon/080000/080033.tex","ui/icon/080000/080005.tex","Level#3999030","ui/icon/110000/110031.tex",True,,"music/ffxiv/BGM_Leves.scd"
361,"制作委托：用于艺术鉴赏的炼金药","我的主人格格鲁玖沉迷于艺术。为鉴赏艺术品，他需要巧力之妙药。至于药效，只要能“不管多黑都能看清舞女的曼妙身姿”就没问题了。","格格鲁玖商会管理员 利利佛恩",6,"炼金术士","利姆萨·罗敏萨",30,0,1,0,"太阳海岸","太阳海岸","未知钓场",0,False,"炼金术士","炼金术士理符任务",0,"东拉诺西亚","ui/icon/080000/080011.tex","制作委托：用于艺术鉴赏的炼金药",True,0,1,41410,230,"LeveRewardItem#135","ui/icon/080000/080033.tex","ui/icon/080000/080005.tex","Level#3999030","ui/icon/110000/110031.tex",True,,"music/ffxiv/BGM_Leves.scd"
362,"批发委托：用于维持景观的成长促进剂","我的主人格格鲁玖喜欢南洋岛屿的异国风情。虽种了产自南洋的艳丽植物，但必须精心照料才能使之茁壮成长。请为我们提供植物用的成长促进剂。","格格鲁玖商会管理员 利利佛恩",6,"炼金术士","利姆萨·罗敏萨",30,0,1,0,"太阳海岸","太阳海岸","未知钓场",0,False,"炼金术士","炼金术士理符任务",0,"东拉诺西亚","ui/icon/080000/080011.tex","批发委托：用于维持景观的成长促进剂",True,0,1,27950,69,"LeveRewardItem#282","ui/icon/080000/080041.tex","ui/icon/080000/080005.tex","Level#3999030","ui/icon/110000/110031.tex",True,,"music/ffxiv/BGM_Leves.scd"
363,"筹集委托：异端审问官用的幻杖","领导伊修加德正教的教皇厅下了订单，说是要订做面向异端审问官的幻杖。经常有异端者嫌疑犯在受审时死亡，因此需要增派一些会治疗魔法的人员。请为他们提供用着顺手的幻杖。","酒保商人 维温娜",6,"炼金术士","乌尔达哈",35,0,1,0,"阿德内尔占星台","阿德内尔占星台","未知钓场",0,False,"炼金术士","炼金术士理符任务",0,"库尔札斯中央高地","ui/icon/080000/080013.tex","筹集委托：异端审问官用的幻杖",True,0,1,64750,462,"LeveRewardItem#136","ui/icon/080000/080034.tex","ui/icon/080000/080005.tex","Level#3643002","ui/icon/110000/110062.tex",True,,"music/ffxiv/BGM_Leves.scd"
364,"制作委托：失明猛毒药","乌尔达哈的白金幻象向我们下了失明猛毒药的订单。这种毒药会导致人暂时失明。虽然有点卑鄙，但请准备好确实奏效的失明猛毒药。","阿修加纳贸易公司经理 劳力士",6,"炼金术士","乌尔达哈",35,0,1,0,"乌尔达哈","乌尔达哈","未知钓场",0,False,"炼金术士","炼金术士理符任务",0,"乌尔达哈","ui/icon/080000/080013.tex","制作委托：失明猛毒药",True,0,1,72600,192,"LeveRewardItem#136","ui/icon/080000/080033.tex","ui/icon/080000/080005.tex","Level#4067692","ui/icon/110000/110038.tex",True,,"music/ffxiv/BGM_Leves.scd"
365,"批发委托：热卖商品猛毒药","世上有许多人都想得到毒药，客人们全到我们这里买，到底都是拿来做什么的呢？总之，为了保证充足的库存，请为我们提供大量的猛毒药。","阿修加纳贸易公司经理 劳力士",6,"炼金术士","乌尔达哈",35,0,1,0,"乌尔达哈","乌尔达哈","未知钓场",0,False,"炼金术士","炼金术士理符任务",0,"乌尔达哈","ui/icon/080000/080013.tex","批发委托：热卖商品猛毒药",True,0,1,43560,119,"LeveRewardItem#283","ui/icon/080000/080041.tex","ui/icon/080000/080005.tex","Level#4067692","ui/icon/110000/110038.tex",True,,"music/ffxiv/BGM_Leves.scd"
366,"制作委托：面向占星台的魔导书","阿德内尔占星台向我们订了魔导书，通过运用秘术，可以提高占星预测出的龙族动向的精准度。虽不知这办法有没有用，请提供魔导书。","酒保商人 维温娜",6,"炼金术士","格里达尼亚",35,0,1,0,"阿德内尔占星台","阿德内尔占星台","未知钓场",0,False,"炼金术士","炼金术士理符任务",0,"库尔札斯中央高地","ui/icon/080000/080012.tex","制作委托：面向占星台的魔导书",True,0,1,72600,972,"LeveRewardItem#137","ui/icon/080000/080033.tex","ui/icon/080000/080005.tex","Level#3643002","ui/icon/110000/110062.tex",True,,"music/ffxiv/BGM_Leves.scd"
367,"制作委托：失眠症的对策","我们的老主顾骑兵下了订单，说是需要睡眠猛毒药。据说，自从他参与异端审问以来，就没睡过一天好觉。他想要一种能让人忘记一切，酣畅睡眠的药。","酒保商人 维温娜",6,"炼金术士","格里达尼亚",35,0,1,0,"阿德内尔占星台","阿德内尔占星台","未知钓场",0,False,"炼金术士","炼金术士理符任务",0,"库尔札斯中央高地","ui/icon/080000/080012.tex","制作委托：失眠症的对策",True,0,1,64750,292,"LeveRewardItem#137","ui/icon/080000/080033.tex","ui/icon/080000/080005.tex","Level#3643002","ui/icon/110000/110062.tex",True,,"music/ffxiv/BGM_Leves.scd"
368,"批发委托：异端审问官用的麻醉药","领导伊修加德正教的教皇厅下了订单，说是需要麻痹猛毒药，为的是在审问过程中麻痹嫌犯的身体，同时保持他们意识的清醒……请提供大量的麻痹猛毒药。","酒保商人 维温娜",6,"炼金术士","格里达尼亚",35,0,1,0,"阿德内尔占星台","阿德内尔占星台","未知钓场",0,False,"炼金术士","炼金术士理符任务",0,"库尔札斯中央高地","ui/icon/080000/080012.tex","批发委托：异端审问官用的麻醉药",True,0,1,38850,136,"LeveRewardItem#284","ui/icon/080000/080041.tex","ui/icon/080000/080005.tex","Level#3643002","ui/icon/110000/110062.tex",True,,"music/ffxiv/BGM_Leves.scd"
369,"筹集委托：面向骑兵团的军用药","狄兰达尔家的骑兵团向我们订了军用药。被迫与龙族战斗的他们需要药劲强、见效快的恢复药。请提供连重伤员都能救活的恢复药。","酒保商人 兰凯尔",6,"炼金术士","乌尔达哈",40,0,1,0,"白云崖前哨","白云崖前哨","未知钓场",0,False,"炼金术士","炼金术士理符任务",0,"库尔札斯中央高地","ui/icon/080000/080013.tex","筹集委托：面向骑兵团的军用药",True,0,1,63810,475,"LeveRewardItem#138","ui/icon/080000/080034.tex","ui/icon/080000/080005.tex","Level#3643494","ui/icon/110000/110063.tex",True,,"music/ffxiv/BGM_Leves.scd"
370,"制作委托：卷扬机的润滑油","艾玛吉娜矿山公司向我们下了订单，说是需要维护卷扬机的润滑油。请准备好材料，认真制油，为我们提供上等的鲨油，令卷扬机在沙尘漫天的工作环境下也能运作自如。","阿修加纳贸易公司经理 劳力士",6,"炼金术士","乌尔达哈",40,0,1,0,"乌尔达哈","乌尔达哈","未知钓场",0,False,"炼金术士","炼金术士理符任务",0,"乌尔达哈","ui/icon/080000/080013.tex","制作委托：卷扬机的润滑油",True,0,1,40730,484,"LeveRewardItem#138","ui/icon/080000/080033.tex","ui/icon/080000/080005.tex","Level#4067692","ui/icon/110000/110038.tex",True,,"music/ffxiv/BGM_Leves.scd"
371,"批发委托：出口用的苏醒药","明知库尔札斯地区治安不好，我们仍铤而走险，去那里做生意了。该地与龙族的战争愈演愈烈，因此药品供不应求。请提供上好的苏醒药。","阿修加纳贸易公司经理 劳力士",6,"炼金术士","乌尔达哈",40,0,1,0,"乌尔达哈","乌尔达哈","未知钓场",0,False,"炼金术士","炼金术士理符任务",0,"乌尔达哈","ui/icon/080000/080013.tex","批发委托：出口用的苏醒药",True,0,1,38290,160,"LeveRewardItem#285","ui/icon/080000/080041.tex","ui/icon/080000/080005.tex","Level#4067692","ui/icon/110000/110038.tex",True,,"music/ffxiv/BGM_Leves.scd"
372,"制作委托：异端记录用的墨水","教皇厅向我们订了高级墨水。他们需要详细记录下抓来的异端分子的“供述”，以为今后抓捕异端者提供方便。请为我们提供不褪色的墨水。","酒保商人 兰凯尔",6,"炼金术士","格里达尼亚",40,0,1,0,"白云崖前哨","白云崖前哨","未知钓场",0,False,"炼金术士","炼金术士理符任务",0,"库尔札斯中央高地","ui/icon/080000/080012.tex","制作委托：异端记录用的墨水",True,0,1,63810,637,"LeveRewardItem#139","ui/icon/080000/080033.tex","ui/icon/080000/080005.tex","Level#3643494","ui/icon/110000/110063.tex",True,,"music/ffxiv/BGM_Leves.scd"
373,"制作委托：新战术的验证材料","狄兰达尔家的骑兵团下了魔导书的订单。为研究对抗龙族的新战术，他们需要验证一下秘术的实用性。请为他们制作优质的秘术师用魔导书。","酒保商人 兰凯尔",6,"炼金术士","格里达尼亚",40,0,1,0,"白云崖前哨","白云崖前哨","未知钓场",0,False,"炼金术士","炼金术士理符任务",0,"库尔札斯中央高地","ui/icon/080000/080012.tex","制作委托：新战术的验证材料",True,0,1,94280,486,"LeveRewardItem#139","ui/icon/080000/080033.tex","ui/icon/080000/080005.tex","Level#3643494","ui/icon/110000/110063.tex",True,,"music/ffxiv/BGM_Leves.scd"
374,"批发委托：防锈用的羊毛脂","在库尔札斯地区，武具经常会因雪生锈，这个问题十分严峻。因此可以当作除锈剂来使用的羊毛脂在那里卖得很好。我们想保证库存，请为我们提供大量的羊毛脂。","酒保商人 兰凯尔",6,"炼金术士","格里达尼亚",40,0,1,0,"白云崖前哨","白云崖前哨","未知钓场",0,False,"炼金术士","炼金术士理符任务",0,"库尔札斯中央高地","ui/icon/080000/080012.tex","批发委托：防锈用的羊毛脂",True,0,1,20000,214,"LeveRewardItem#286","ui/icon/080000/080041.tex","ui/icon/080000/080005.tex","Level#3643494","ui/icon/110000/110063.tex",True,,"music/ffxiv/BGM_Leves.scd"
375,"筹集委托：防身用的睡眠剧毒药","我们圣寇伊纳克财团正在挖掘银泪湖沿岸的古代亚拉戈文明的遗迹。调查队员经常会被魔物袭击。请为我们提供睡眠剧毒药以用来防身。","圣寇伊纳克财团 莎伊艾勒",6,"炼金术士","乌尔达哈",45,0,1,0,"圣寇伊纳克调查地","圣寇伊纳克调查地","未知钓场",0,False,"炼金术士","炼金术士理符任务",0,"摩杜纳","ui/icon/080000/080013.tex","筹集委托：防身用的睡眠剧毒药",True,0,1,95350,534,"LeveRewardItem#140","ui/icon/080000/080034.tex","ui/icon/080000/080005.tex","Level#4258823","ui/icon/110000/110064.tex",True,,"music/ffxiv/BGM_Leves.scd"
376,"制作委托：出口用的金针","野生席兹在黑衣森林数量越来越多，因此需要能够治疗石化的金针。下次去黑衣森林做买卖时，我们准备把好用的金针卖给那里的人。请为我们制作金针，补足库存。","阿修加纳贸易公司经理 劳力士",6,"炼金术士","乌尔达哈",45,0,1,0,"乌尔达哈","乌尔达哈","未知钓场",0,False,"炼金术士","炼金术士理符任务",0,"乌尔达哈","ui/icon/080000/080013.tex","制作委托：出口用的金针",True,0,1,106480,499,"LeveRewardItem#140","ui/icon/080000/080033.tex","ui/icon/080000/080005.tex","Level#4067692","ui/icon/110000/110038.tex",True,,"music/ffxiv/BGM_Leves.scd"
377,"批发委托：面向富裕阶层的耐力之秘药","乌尔达哈富裕阶层间的流行趋势时刻都在变化，现在，在上了年纪的男性间最流行的就要数耐力之秘药了。请为他们制作大量喝了就能精力充沛的耐力之秘药。","阿修加纳贸易公司经理 劳力士",6,"炼金术士","乌尔达哈",45,0,1,0,"乌尔达哈","乌尔达哈","未知钓场",0,False,"炼金术士","炼金术士理符任务",0,"乌尔达哈","ui/icon/080000/080013.tex","批发委托：面向富裕阶层的耐力之秘药",True,0,1,57210,150,"LeveRewardItem#287","ui/icon/080000/080041.tex","ui/icon/080000/080005.tex","Level#4067692","ui/icon/110000/110038.tex",True,,"music/ffxiv/BGM_Leves.scd"
378,"制作委托：睡眠卫士沉默毒药","即使是对志同道合的同伴，也有无法容忍的时候。比如邻床的同事那烦人又啰嗦的梦话……我需要一些能让他不出声的药，不然这觉是真的没法睡了。","圣寇伊纳克财团 莎伊艾勒",6,"炼金术士","乌尔达哈",45,0,1,0,"圣寇伊纳克调查地","圣寇伊纳克调查地","未知钓场",0,False,"炼金术士","炼金术士理符任务",0,"摩杜纳","ui/icon/080000/080013.tex","制作委托：睡眠卫士沉默毒药",True,0,1,95350,557,"LeveRewardItem#141","ui/icon/080000/080033.tex","ui/icon/080000/080005.tex","Level#4258823","ui/icon/110000/110064.tex",True,,"music/ffxiv/BGM_Leves.scd"
379,"制作委托：捕雕用的毒药","总有骏雕来到挖掘调查队的营地偷吃的，为了不再被它们偷走食物，我们想在诱饵中放入毒药，请为我们提供腐蚀肉体的损血剧毒药。","圣寇伊纳克财团 莎伊艾勒",6,"炼金术士","乌尔达哈",45,0,1,0,"圣寇伊纳克调查地","圣寇伊纳克调查地","未知钓场",0,False,"炼金术士","炼金术士理符任务",0,"摩杜纳","ui/icon/080000/080013.tex","制作委托：捕雕用的毒药",True,0,1,106480,484,"LeveRewardItem#141","ui/icon/080000/080033.tex","ui/icon/080000/080005.tex","Level#4258823","ui/icon/110000/110064.tex",True,,"music/ffxiv/BGM_Leves.scd"
380,"批发委托：挖掘工人用的炼金药","在挖掘古代亚拉戈文明的遗迹时，有时会被崩落的石材等重物困住。为了增加挖掘工人的体力，请为我们制作大量的刚力之秘药。","圣寇伊纳克财团 莎伊艾勒",6,"炼金术士","乌尔达哈",45,0,1,0,"圣寇伊纳克调查地","圣寇伊纳克调查地","未知钓场",0,False,"炼金术士","炼金术士理符任务",0,"摩杜纳","ui/icon/080000/080013.tex","批发委托：挖掘工人用的炼金药",True,0,1,51270,172,"LeveRewardItem#288","ui/icon/080000/080041.tex","ui/icon/080000/080005.tex","Level#4258823","ui/icon/110000/110064.tex",True,,"music/ffxiv/BGM_Leves.scd"
381,"制作委托：廉价的内衣","第七灵灾之后，大量流民涌入乌尔达哈，使得这里人口激增。特别是穷人的数量越来越多。请制作面向这类人的廉价内衣。","阿修加纳贸易公司经理 劳力士",6,"裁衣匠","乌尔达哈",1,0,1,0,"乌尔达哈","乌尔达哈","未知钓场",0,False,"裁衣匠","裁衣匠理符任务",0,"乌尔达哈","ui/icon/080000/080013.tex","制作委托：廉价的内衣",True,0,1,1690,112,"LeveRewardItem#82","ui/icon/080000/080033.tex","ui/icon/080000/080005.tex","Level#4067692","ui/icon/110000/110038.tex",True,,"music/ffxiv/BGM_Leves.scd"
382,"制作委托：面向工匠的裤子","请制作工匠平时能穿的裤子。我们打算卖得很便宜，因此材料用草布也没关系。但裤子一定要结实。请有自信的裁衣匠助我们一臂之力。","阿修加纳贸易公司经理 劳力士",6,"裁衣匠","乌尔达哈",1,0,1,0,"乌尔达哈","乌尔达哈","未知钓场",0,False,"裁衣匠","裁衣匠理符任务",0,"乌尔达哈","ui/icon/080000/080013.tex","制作委托：面向工匠的裤子",True,0,1,2220,114,"LeveRewardItem#82","ui/icon/080000/080033.tex","ui/icon/080000/080005.tex","Level#4067692","ui/icon/110000/110038.tex",True,,"music/ffxiv/BGM_Leves.scd"
383,"筹集委托：运货人的内衣","商队互助会雇用了许多运货人，他们想为每天汗流浃背的运货人提供舒适的草布内衣。因为这不是商品所以不用在意外观。请对裁衣有自信的工匠助我们一臂之力。","商队互助会 吉吉尤恩",6,"裁衣匠","乌尔达哈",1,0,1,0,"毒蝎交易所","毒蝎交易所","未知钓场",0,False,"裁衣匠","裁衣匠理符任务",0,"西萨纳兰","ui/icon/080000/080013.tex","筹集委托：运货人的内衣",True,0,1,1690,113,"LeveRewardItem#82","ui/icon/080000/080034.tex","ui/icon/080000/080005.tex","Level#3958293","ui/icon/110000/110035.tex",True,,"music/ffxiv/BGM_Leves.scd"
384,"制作委托：运货人的手套","运货人每天都要搬运许多货物，因此总会被木箱的倒刺割到手。虽说那点小伤不算什么，可如果手上的血沾到货物上可就不得了了。请为我们提供面向运货人的手套。","商队互助会 吉吉尤恩",6,"裁衣匠","乌尔达哈",1,0,1,0,"毒蝎交易所","毒蝎交易所","未知钓场",0,False,"裁衣匠","裁衣匠理符任务",0,"西萨纳兰","ui/icon/080000/080013.tex","制作委托：运货人的手套",True,0,1,1160,112,"LeveRewardItem#83","ui/icon/080000/080033.tex","ui/icon/080000/080005.tex","Level#3958293","ui/icon/110000/110035.tex",True,,"music/ffxiv/BGM_Leves.scd"
385,"制作委托：热卖的僧袍","要想从萨纳兰的炎炎烈日下保护肌肤，那最好选择能包裹住全身的僧袍。由于僧袍是不可或缺的热卖商品，因此我们想确保其库存。请对裁衣有自信的工匠助我们一臂之力。","商队互助会 吉吉尤恩",6,"裁衣匠","乌尔达哈",1,0,1,0,"毒蝎交易所","毒蝎交易所","未知钓场",0,False,"裁衣匠","裁衣匠理符任务",0,"西萨纳兰","ui/icon/080000/080013.tex","制作委托：热卖的僧袍",True,0,1,2740,115,"LeveRewardItem#83","ui/icon/080000/080033.tex","ui/icon/080000/080005.tex","Level#3958293","ui/icon/110000/110035.tex",True,,"music/ffxiv/BGM_Leves.scd"
386,"筹集委托：保护头发的兜帽","板金制的头盔能够保护头部，但头发容易被金属板夹住，那简直是太疼了。因此我们想把垫在头盔下的草布兜帽作为商品出售。请有能力的裁衣匠来协助我们。","阿修加纳贸易公司经理 劳力士",6,"裁衣匠","乌尔达哈",1,0,1,0,"乌尔达哈","乌尔达哈","未知钓场",0,False,"裁衣匠","裁衣匠理符任务",0,"乌尔达哈","ui/icon/080000/080013.tex","筹集委托：保护头发的兜帽",True,0,1,1690,113,"LeveRewardItem#83","ui/icon/080000/080034.tex","ui/icon/080000/080005.tex","Level#4067692","ui/icon/110000/110038.tex",True,,"music/ffxiv/BGM_Leves.scd"
387,"制作委托：廉价的短袖罩衣","由于乌尔达哈附近人口激增，因此工作的职位也供不应求。其中不乏有一些年轻人立志成为冒险者。请为他们制作适合新手冒险者的廉价短袖罩衣。","阿修加纳贸易公司经理 劳力士",6,"裁衣匠","乌尔达哈",5,0,1,0,"乌尔达哈","乌尔达哈","未知钓场",0,False,"裁衣匠","裁衣匠理符任务",0,"乌尔达哈","ui/icon/080000/080013.tex","制作委托：廉价的短袖罩衣",True,0,1,6030,140,"LeveRewardItem#84","ui/icon/080000/080033.tex","ui/icon/080000/080005.tex","Level#4067692","ui/icon/110000/110038.tex",True,,"music/ffxiv/BGM_Leves.scd"
388,"制作委托：廉价的厚袍","厚袍十分宽松，穿它时大可不在意体型，因此可预见其良好的销路。这次我们想先确保廉价品的库存。请以草布为材料，制作朴实无华的厚袍。","阿修加纳贸易公司经理 劳力士",6,"裁衣匠","乌尔达哈",5,0,1,0,"乌尔达哈","乌尔达哈","未知钓场",0,False,"裁衣匠","裁衣匠理符任务",0,"乌尔达哈","ui/icon/080000/080013.tex","制作委托：廉价的厚袍",True,0,1,6030,140,"LeveRewardItem#84","ui/icon/080000/080033.tex","ui/icon/080000/080005.tex","Level#4067692","ui/icon/110000/110038.tex",True,,"music/ffxiv/BGM_Leves.scd"
389,"筹集委托：面向矿山劳动者的腿套","艾玛吉娜矿山公司向我们订了腿套，他们想为在铜铃铜山事故中受伤的矿山劳动者送些礼物表示歉意。请对裁衣有自信的工匠助我们一臂之力。","商队互助会 吉吉尤恩",6,"裁衣匠","乌尔达哈",5,0,1,0,"毒蝎交易所","毒蝎交易所","未知钓场",0,False,"裁衣匠","裁衣匠理符任务",0,"西萨纳兰","ui/icon/080000/080013.tex","筹集委托：面向矿山劳动者的腿套",True,0,1,8460,169,"LeveRewardItem#84","ui/icon/080000/080034.tex","ui/icon/080000/080005.tex","Level#3958293","ui/icon/110000/110035.tex",True,,"music/ffxiv/BGM_Leves.scd"
390,"制作委托：面向牧童的束腰牧衣","请为我们提供出口至利姆萨·罗敏萨的服装。我听说当地很盛行牧羊，因此猜测适合牧童穿的草布束腰牧衣会热销。请对裁衣有自信的工匠助我们一臂之力。","商队互助会 吉吉尤恩",6,"裁衣匠","乌尔达哈",5,0,1,0,"毒蝎交易所","毒蝎交易所","未知钓场",0,False,"裁衣匠","裁衣匠理符任务",0,"西萨纳兰","ui/icon/080000/080013.tex","制作委托：面向牧童的束腰牧衣",True,0,1,6840,142,"LeveRewardItem#85","ui/icon/080000/080033.tex","ui/icon/080000/080005.tex","Level#3958293","ui/icon/110000/110035.tex",True,,"music/ffxiv/BGM_Leves.scd"
391,"制作委托：面向侍者的裤子","纳尔札尔教团向我们订了业余马裤。似乎是给为成为圣职者而修行的新手侍者准备的。对方说裤子很朴素也无妨，那就请用草布制作。","商队互助会 吉吉尤恩",6,"裁衣匠","乌尔达哈",5,0,1,0,"毒蝎交易所","毒蝎交易所","未知钓场",0,False,"裁衣匠","裁衣匠理符任务",0,"西萨纳兰","ui/icon/080000/080013.tex","制作委托：面向侍者的裤子",True,0,1,6840,142,"LeveRewardItem#85","ui/icon/080000/080033.tex","ui/icon/080000/080005.tex","Level#3958293","ui/icon/110000/110035.tex",True,,"music/ffxiv/BGM_Leves.scd"
392,"筹集委托：面向新手冒险者的棉甲","现在，想当冒险者的年轻人越来越多，因此较为便宜的防具卖得很好。我们想为买不起高价板金铠的人群提供低价的棉铠。请用草布，为我们制作结实的草布棉甲。","阿修加纳贸易公司经理 劳力士",6,"裁衣匠","乌尔达哈",5,0,1,0,"乌尔达哈","乌尔达哈","未知钓场",0,False,"裁衣匠","裁衣匠理符任务",0,"乌尔达哈","ui/icon/080000/080013.tex","筹集委托：面向新手冒险者的棉甲",True,0,1,5730,140,"LeveRewardItem#85","ui/icon/080000/080034.tex","ui/icon/080000/080005.tex","Level#4067692","ui/icon/110000/110038.tex",True,,"music/ffxiv/BGM_Leves.scd"
393,"制作委托：送礼用的草帽","我阿修加纳贸易公司从园艺工行会买进了大量的原材料。为了维持此良好的贸易关系，我们想在下回交易时送给他们一些小礼物。请为我们提供格里达尼亚人喜欢的简单草帽。","阿修加纳贸易公司经理 劳力士",6,"裁衣匠","乌尔达哈",10,0,1,0,"乌尔达哈","乌尔达哈","未知钓场",0,False,"裁衣匠","裁衣匠理符任务",0,"乌尔达哈","ui/icon/080000/080013.tex","制作委托：送礼用的草帽",True,0,1,3780,168,"LeveRewardItem#86","ui/icon/080000/080033.tex","ui/icon/080000/080005.tex","Level#4067692","ui/icon/110000/110038.tex",True,,"music/ffxiv/BGM_Leves.scd"
394,"制作委托：面向采矿工的围巾","采矿工在狭窄的坑道里工作，因此经常有人被粉尘伤到喉咙与肺部。为了减少这类事情的发生，我们想向艾玛吉娜矿山公司推销棉布围巾。请有自信的裁衣匠助我们一臂之力。","阿修加纳贸易公司经理 劳力士",6,"裁衣匠","乌尔达哈",10,0,1,0,"乌尔达哈","乌尔达哈","未知钓场",0,False,"裁衣匠","裁衣匠理符任务",0,"乌尔达哈","ui/icon/080000/080013.tex","制作委托：面向采矿工的围巾",True,0,1,9990,288,"LeveRewardItem#86","ui/icon/080000/080033.tex","ui/icon/080000/080005.tex","Level#4067692","ui/icon/110000/110038.tex",True,,"music/ffxiv/BGM_Leves.scd"
395,"筹集委托：面向贸易商人的包头巾","贸易商人必须顶着烈日在荒野中长时间行走，因此，能够保护头部的包头巾是他们的必需品。请提供用透气的棉布制作的包头巾。","商队互助会 米米娜",6,"裁衣匠","乌尔达哈",10,0,1,0,"地平关","地平关","未知钓场",0,False,"裁衣匠","裁衣匠理符任务",0,"西萨纳兰","ui/icon/080000/080013.tex","筹集委托：面向贸易商人的包头巾",True,0,1,9990,292,"LeveRewardItem#86","ui/icon/080000/080034.tex","ui/icon/080000/080005.tex","Level#2540087","ui/icon/110000/110036.tex",True,,"music/ffxiv/BGM_Leves.scd"
396,"制作委托：赠给技师的手套","在地平关，为了把货物从低地运上来，需要一种叫卷扬机的装置。我想将手套赠予维护卷扬机的技师，以代替工资。请为我提供结实的草布弓术手套。","商队互助会 米米娜",6,"裁衣匠","乌尔达哈",10,0,1,0,"地平关","地平关","未知钓场",0,False,"裁衣匠","裁衣匠理符任务",0,"西萨纳兰","ui/icon/080000/080013.tex","制作委托：赠给技师的手套",True,0,1,13090,172,"LeveRewardItem#87","ui/icon/080000/080033.tex","ui/icon/080000/080005.tex","Level#2540087","ui/icon/110000/110036.tex",True,,"music/ffxiv/BGM_Leves.scd"
397,"制作委托：出口用的手套","最近，我们开始和拉诺西亚的赤血雄鸡农场做生意了。如果我们提供干农活用的棉布半指手套，他们一定会买单的。请用棉布制作结实的手套。","商队互助会 米米娜",6,"裁衣匠","乌尔达哈",10,0,1,0,"地平关","地平关","未知钓场",0,False,"裁衣匠","裁衣匠理符任务",0,"西萨纳兰","ui/icon/080000/080013.tex","制作委托：出口用的手套",True,0,1,6880,173,"LeveRewardItem#87","ui/icon/080000/080033.tex","ui/icon/080000/080005.tex","Level#2540087","ui/icon/110000/110036.tex",True,,"music/ffxiv/BGM_Leves.scd"
398,"筹集委托：面向格里达尼亚的草帽","我们正打算往格里达尼亚输送大规模的商队。我听说格里达尼亚人生活较为简朴，因此想把朴实无华的简单帽子带过去卖。请为我们提供结实的草帽。","阿修加纳贸易公司经理 劳力士",6,"裁衣匠","乌尔达哈",10,0,1,0,"乌尔达哈","乌尔达哈","未知钓场",0,False,"裁衣匠","裁衣匠理符任务",0,"乌尔达哈","ui/icon/080000/080013.tex","筹集委托：面向格里达尼亚的草帽",True,0,1,6880,174,"LeveRewardItem#87","ui/icon/080000/080034.tex","ui/icon/080000/080005.tex","Level#4067692","ui/icon/110000/110038.tex",True,,"music/ffxiv/BGM_Leves.scd"
399,"制作委托：面向格里达尼亚的束腰衣","我们正打算往格里达尼亚输送大规模的商队。我听说那里在灵灾后致力于饲养陆行鸟。因此觉得面向牧童的束腰衣应该会热卖。请为我们制作简单的束腰衣。","阿修加纳贸易公司经理 劳力士",6,"裁衣匠","乌尔达哈",15,0,1,0,"乌尔达哈","乌尔达哈","未知钓场",0,False,"裁衣匠","裁衣匠理符任务",0,"乌尔达哈","ui/icon/080000/080013.tex","制作委托：面向格里达尼亚的束腰衣",True,0,1,24790,240,"LeveRewardItem#88","ui/icon/080000/080033.tex","ui/icon/080000/080005.tex","Level#4067692","ui/icon/110000/110038.tex",True,,"music/ffxiv/BGM_Leves.scd"
400,"制作委托：面向格里达尼亚的裤子","我们正打算往格里达尼亚输送大规模的商队。目前还在摸索该卖什么，所以决定先带去大众都能接受的简单商品。请为我们制作在哪都能穿的裤子。","阿修加纳贸易公司经理 劳力士",6,"裁衣匠","乌尔达哈",15,0,1,0,"乌尔达哈","乌尔达哈","未知钓场",0,False,"裁衣匠","裁衣匠理符任务",0,"乌尔达哈","ui/icon/080000/080013.tex","制作委托：面向格里达尼亚的裤子",True,0,1,21850,235,"LeveRewardItem#88","ui/icon/080000/080033.tex","ui/icon/080000/080005.tex","Level#4067692","ui/icon/110000/110038.tex",True,,"music/ffxiv/BGM_Leves.scd"
401,"筹集委托：陪葬品无领衬衫","在埋葬死者时，为了祝福他来世能成为有钱的富豪，常常会让他穿上商人的无领衬衫。但很少有人富裕到能为死者买衣服，因此请为我们提供廉价的无领衬衫。","商队互助会 芙瑞迪斯维莎",6,"裁衣匠","乌尔达哈",15,0,1,0,"枯骨营地","枯骨营地","未知钓场",0,False,"裁衣匠","裁衣匠理符任务",0,"东萨纳兰","ui/icon/080000/080013.tex","筹集委托：陪葬品无领衬衫",True,0,1,24790,293,"LeveRewardItem#88","ui/icon/080000/080034.tex","ui/icon/080000/080005.tex","Level#2540238","ui/icon/110000/110037.tex",True,,"music/ffxiv/BGM_Leves.scd"
402,"制作委托：用于长途旅行的软甲裤","经常有从陆路前往格里达尼亚的商队和旅人在枯骨营地休息。其中有不少人为长途旅行做准备，在那里买新衣服。所以我想把结实的软甲裤摆上货架。","商队互助会 芙瑞迪斯维莎",6,"裁衣匠","乌尔达哈",15,0,1,0,"枯骨营地","枯骨营地","未知钓场",0,False,"裁衣匠","裁衣匠理符任务",0,"东萨纳兰","ui/icon/080000/080013.tex","制作委托：用于长途旅行的软甲裤",True,0,1,21850,229,"LeveRewardItem#89","ui/icon/080000/080033.tex","ui/icon/080000/080005.tex","Level#2540238","ui/icon/110000/110037.tex",True,,"music/ffxiv/BGM_Leves.scd"
403,"制作委托：面向工匠的手套","自从传出有尚未发现的秘银矿床以来，黄金集市就聚集满了工匠和劳动者。我想利用他们做一笔生意。总而言之，请为我提供面向工匠的手套。","商队互助会 芙瑞迪斯维莎",6,"裁衣匠","乌尔达哈",15,0,1,0,"枯骨营地","枯骨营地","未知钓场",0,False,"裁衣匠","裁衣匠理符任务",0,"东萨纳兰","ui/icon/080000/080013.tex","制作委托：面向工匠的手套",True,0,1,20790,230,"LeveRewardItem#89","ui/icon/080000/080033.tex","ui/icon/080000/080005.tex","Level#2540238","ui/icon/110000/110037.tex",True,,"music/ffxiv/BGM_Leves.scd"
404,"筹集委托：面向采矿工的工作服","矿山里的狭窄坑道会因为湿气和热气变成个大蒸笼。因此我们想向艾玛吉娜矿山公司贩卖无袖工作服，以便在这种闷热的环境下顺利工作。请有自信的裁衣匠助我们一臂之力。","阿修加纳贸易公司经理 劳力士",6,"裁衣匠","乌尔达哈",15,0,1,0,"乌尔达哈","乌尔达哈","未知钓场",0,False,"裁衣匠","裁衣匠理符任务",0,"乌尔达哈","ui/icon/080000/080013.tex","筹集委托：面向采矿工的工作服",True,0,1,24790,293,"LeveRewardItem#89","ui/icon/080000/080034.tex","ui/icon/080000/080005.tex","Level#4067692","ui/icon/110000/110038.tex",True,,"music/ffxiv/BGM_Leves.scd"
405,"制作委托：面向商人的靴子","做生意时，外表也是十分重要的。如果穿得邋遢不堪，就会被人瞧不起。反之，如果穿得奢华无度，就会被人当成有钱人而胡乱要价。所以，请为我制作价格适当的靴子。","阿修加纳贸易公司经理 劳力士",6,"裁衣匠","乌尔达哈",20,0,1,0,"乌尔达哈","乌尔达哈","未知钓场",0,False,"裁衣匠","裁衣匠理符任务",0,"乌尔达哈","ui/icon/080000/080013.tex","制作委托：面向商人的靴子",True,0,1,28010,293,"LeveRewardItem#90","ui/icon/080000/080033.tex","ui/icon/080000/080005.tex","Level#4067692","ui/icon/110000/110038.tex",True,,"music/ffxiv/BGM_Leves.scd"
406,"批发委托：面向工匠的裤子","最近在乌尔达哈，有不少人都想学习工匠的手艺。因此工匠服装的销路很好。抓住此商机，为我们提供大量工作时穿的裤子。","阿修加纳贸易公司经理 劳力士",6,"裁衣匠","乌尔达哈",20,0,1,0,"乌尔达哈","乌尔达哈","未知钓场",0,False,"裁衣匠","裁衣匠理符任务",0,"乌尔达哈","ui/icon/080000/080013.tex","批发委托：面向工匠的裤子",True,0,1,16800,69,"LeveRewardItem#90","ui/icon/080000/080041.tex","ui/icon/080000/080005.tex","Level#4067692","ui/icon/110000/110038.tex",True,,"music/ffxiv/BGM_Leves.scd"
407,"筹集委托：赠给义勇兵的衣服","我等鬼哭队第五枪队为了表达对志愿成为义勇兵的年轻人们的谢意，准备赠送给他们一批衣服。因此衷心希望有能力制作工作服的工匠来协助我们。","鬼哭队第五枪队队员 朱利昂贝尔",6,"裁衣匠","乌尔达哈",20,0,1,0,"石场水车","石场水车","未知钓场",0,False,"裁衣匠","裁衣匠理符任务",0,"黑衣森林南部林区","ui/icon/080000/080013.tex","筹集委托：赠给义勇兵的衣服",True,0,1,28010,348,"LeveRewardItem#90","ui/icon/080000/080034.tex","ui/icon/080000/080005.tex","Level#2257677","ui/icon/110000/110006.tex",True,,"music/ffxiv/BGM_Leves.scd"
408,"制作委托：回礼用的手套","不久前，石场水车的妇人们为鬼哭队亲手烹制了美味菜肴。为此，我们想以漂亮的手套作为回礼送给她们。衷心希望有能力的工匠来协助我们。","鬼哭队第五枪队队员 朱利昂贝尔",6,"裁衣匠","格里达尼亚",20,0,1,0,"石场水车","石场水车","未知钓场",0,False,"裁衣匠","裁衣匠理符任务",0,"黑衣森林南部林区","ui/icon/080000/080012.tex","制作委托：回礼用的手套",True,0,1,28010,290,"LeveRewardItem#91","ui/icon/080000/080033.tex","ui/icon/080000/080005.tex","Level#2257677","ui/icon/110000/110006.tex",True,,"music/ffxiv/BGM_Leves.scd"
409,"批发委托：用于采伐工作的头巾","我等鬼哭队第五枪队为扩建石场水车的防御墙，需要砍伐一些木材。因此衷心希望有能力制作伐木时戴的头巾的工匠来协助我们。","鬼哭队第五枪队队员 朱利昂贝尔",6,"裁衣匠","格里达尼亚",20,0,1,0,"石场水车","石场水车","未知钓场",0,False,"裁衣匠","裁衣匠理符任务",0,"黑衣森林南部林区","ui/icon/080000/080012.tex","批发委托：用于采伐工作的头巾",True,0,1,12960,107,"LeveRewardItem#91","ui/icon/080000/080041.tex","ui/icon/080000/080005.tex","Level#2257677","ui/icon/110000/110006.tex",True,,"music/ffxiv/BGM_Leves.scd"
410,"制作委托：防御壁施工用的工作服","我等鬼哭队第五枪队想为协助我们修建防御壁的当地居民提供工作服。衷心希望有能力制作优质工作服的工匠来协助我们。","鬼哭队第五枪队队员 朱利昂贝尔",6,"裁衣匠","格里达尼亚",20,0,1,0,"石场水车","石场水车","未知钓场",0,False,"裁衣匠","裁衣匠理符任务",0,"黑衣森林南部林区","ui/icon/080000/080012.tex","制作委托：防御壁施工用的工作服",True,0,1,28010,348,"LeveRewardItem#91","ui/icon/080000/080033.tex","ui/icon/080000/080005.tex","Level#2257677","ui/icon/110000/110006.tex",True,,"music/ffxiv/BGM_Leves.scd"
411,"制作委托：面向船员的衬衫","我们正在为了扩大利姆萨·罗敏萨的市场搜集好卖的商品。我听说船员喜欢便于活动且凉爽透风的衬衫。请制作开胸的棉绒衬衫。","阿修加纳贸易公司经理 劳力士",6,"裁衣匠","乌尔达哈",25,0,1,0,"乌尔达哈","乌尔达哈","未知钓场",0,False,"裁衣匠","裁衣匠理符任务",0,"乌尔达哈","ui/icon/080000/080013.tex","制作委托：面向船员的衬衫",True,0,1,47200,317,"LeveRewardItem#92","ui/icon/080000/080033.tex","ui/icon/080000/080005.tex","Level#4067692","ui/icon/110000/110038.tex",True,,"music/ffxiv/BGM_Leves.scd"
412,"筹集委托：回礼用的工作帽","为感谢协助我们砍伐防护壁所需木材的园艺工，我等鬼哭队第五枪队想赠予他们一些礼物。衷心希望有能力制作美丽工作帽的工匠来协助我们。","鬼哭队第五枪队队员 朱利昂贝尔",6,"裁衣匠","乌尔达哈",25,0,1,0,"石场水车","石场水车","未知钓场",0,False,"裁衣匠","裁衣匠理符任务",0,"黑衣森林南部林区","ui/icon/080000/080013.tex","筹集委托：回礼用的工作帽",True,0,1,36390,250,"LeveRewardItem#92","ui/icon/080000/080034.tex","ui/icon/080000/080005.tex","Level#2257677","ui/icon/110000/110019.tex",True,,"music/ffxiv/BGM_Leves.scd"
413,"批发委托：流行的棉绒裤子","在乌尔达哈的社交界，棉绒正在悄然流行起来。我们想抓住此商机，确保一定数量的棉绒裤子的库存。请有自信的裁衣匠助我们一臂之力。","阿修加纳贸易公司经理 劳力士",6,"裁衣匠","乌尔达哈",25,0,1,0,"乌尔达哈","乌尔达哈","未知钓场",0,False,"裁衣匠","裁衣匠理符任务",0,"乌尔达哈","ui/icon/080000/080013.tex","批发委托：流行的棉绒裤子",True,0,1,24980,203,"LeveRewardItem#92","ui/icon/080000/080041.tex","ui/icon/080000/080005.tex","Level#4067692","ui/icon/110000/110038.tex",True,,"music/ffxiv/BGM_Leves.scd"
414,"制作委托：赠给义勇兵的裤子","我等鬼哭队第五枪队为了表达对志愿成为义勇兵的年轻人们的谢意，准备赠送给他们一批衣服。衷心希望有能力制作适合在森林中穿梭的裤子的工匠来协助我们。","鬼哭队第五枪队队员 朱利昂贝尔",6,"裁衣匠","格里达尼亚",25,0,1,0,"石场水车","石场水车","未知钓场",0,False,"裁衣匠","裁衣匠理符任务",0,"黑衣森林南部林区","ui/icon/080000/080012.tex","制作委托：赠给义勇兵的裤子",True,0,1,41630,290,"LeveRewardItem#93","ui/icon/080000/080033.tex","ui/icon/080000/080005.tex","Level#2257677","ui/icon/110000/110019.tex",True,,"music/ffxiv/BGM_Leves.scd"
415,"制作委托：回礼用的工作帽","为感谢给我们提供防御壁建材的园艺工，我等鬼哭队第五枪队想赠予他们一些礼物。衷心希望有能力制作美丽工作帽的工匠来协助我们。","鬼哭队第五枪队队员 朱利昂贝尔",6,"裁衣匠","格里达尼亚",25,0,1,0,"石场水车","石场水车","未知钓场",0,False,"裁衣匠","裁衣匠理符任务",0,"黑衣森林南部林区","ui/icon/080000/080012.tex","制作委托：回礼用的工作帽",True,0,1,36390,250,"LeveRewardItem#93","ui/icon/080000/080033.tex","ui/icon/080000/080005.tex","Level#2257677","ui/icon/110000/110019.tex",True,,"music/ffxiv/BGM_Leves.scd"
416,"批发委托：用于采集工作的裤子","为备战，我等鬼哭队第五枪队认为有必要去森林里采集一些储备粮。衷心希望有能力制作用于采集工作的裤子的工匠来协助我们。","鬼哭队第五枪队队员 朱利昂贝尔",6,"裁衣匠","格里达尼亚",25,0,1,0,"石场水车","石场水车","未知钓场",0,False,"裁衣匠","裁衣匠理符任务",0,"黑衣森林南部林区","ui/icon/080000/080012.tex","批发委托：用于采集工作的裤子",True,0,1,24980,203,"LeveRewardItem#93","ui/icon/080000/080041.tex","ui/icon/080000/080005.tex","Level#2257677","ui/icon/110000/110019.tex",True,,"music/ffxiv/BGM_Leves.scd"
417,"筹集委托：小猫咪的裤子","我的主人格格鲁玖想送给他“喜欢的小猫咪”一条裤子。请别想太多，用亚麻布制作手感顺滑的裤子。","格格鲁玖商会管理员 利利佛恩",6,"裁衣匠","乌尔达哈",30,0,1,0,"太阳海岸","太阳海岸","未知钓场",0,False,"裁衣匠","裁衣匠理符任务",0,"东拉诺西亚","ui/icon/080000/080013.tex","筹集委托：小猫咪的裤子",True,0,1,67730,473,"LeveRewardItem#94","ui/icon/080000/080034.tex","ui/icon/080000/080005.tex","Level#3999030","ui/icon/110000/110031.tex",True,,"music/ffxiv/BGM_Leves.scd"
418,"制作委托：棉绒的短袍","最近，在魔法师之间，短袍十分流行。特别是在利姆萨·罗敏萨学习秘术的冒险者，他们喜欢便于活动的短袍。为确保库存，请助我们一臂之力。","阿修加纳贸易公司经理 劳力士",6,"裁衣匠","乌尔达哈",30,0,1,0,"乌尔达哈","乌尔达哈","未知钓场",0,False,"裁衣匠","裁衣匠理符任务",0,"乌尔达哈","ui/icon/080000/080013.tex","制作委托：棉绒的短袍",True,0,1,99220,413,"LeveRewardItem#94","ui/icon/080000/080033.tex","ui/icon/080000/080005.tex","Level#4067692","ui/icon/110000/110038.tex",True,,"music/ffxiv/BGM_Leves.scd"
419,"批发委托：流行的棉绒手套","在乌尔达哈的社交界，棉绒正在悄然流行起来。我们想抓住此商机，确保一定数量的棉绒手套的库存。请有自信的裁衣匠助我们一臂之力。","阿修加纳贸易公司经理 劳力士",6,"裁衣匠","乌尔达哈",30,0,1,0,"乌尔达哈","乌尔达哈","未知钓场",0,False,"裁衣匠","裁衣匠理符任务",0,"乌尔达哈","ui/icon/080000/080013.tex","批发委托：流行的棉绒手套",True,0,1,34430,149,"LeveRewardItem#265","ui/icon/080000/080041.tex","ui/icon/080000/080005.tex","Level#4067692","ui/icon/110000/110038.tex",True,,"music/ffxiv/BGM_Leves.scd"
420,"制作委托：黑马手套","我的主人格格鲁玖对流行趋势十分敏感，主人说，下次舞会，乌尔达哈将流行草布半指手套。为跑在时尚的尖端，我们需要确保手套的库存，请协助我们。","格格鲁玖商会管理员 利利佛恩",6,"裁衣匠","利姆萨·罗敏萨",30,0,1,0,"太阳海岸","太阳海岸","未知钓场",0,False,"裁衣匠","裁衣匠理符任务",0,"东拉诺西亚","ui/icon/080000/080011.tex","制作委托：黑马手套",True,0,1,36240,390,"LeveRewardItem#95","ui/icon/080000/080033.tex","ui/icon/080000/080005.tex","Level#3999030","ui/icon/110000/110031.tex",True,,"music/ffxiv/BGM_Leves.scd"
421,"制作委托：用于晚会的裤子","我的主人格格鲁玖在利姆萨·罗敏萨的俾斯麦餐厅预定了晚餐会，届时将要穿符合主人身份的高档的裤子。请有能力的工匠助我们一臂之力。","格格鲁玖商会管理员 利利佛恩",6,"裁衣匠","利姆萨·罗敏萨",30,0,1,0,"太阳海岸","太阳海岸","未知钓场",0,False,"裁衣匠","裁衣匠理符任务",0,"东拉诺西亚","ui/icon/080000/080011.tex","制作委托：用于晚会的裤子",True,0,1,52220,378,"LeveRewardItem#95","ui/icon/080000/080033.tex","ui/icon/080000/080005.tex","Level#3999030","ui/icon/110000/110031.tex",True,,"music/ffxiv/BGM_Leves.scd"
422,"批发委托：护卫用的靴子","我的主人格格鲁玖在利姆萨·罗敏萨的俾斯麦餐厅预定了晚餐会，届时随行的护卫也要穿着符合他们身份的衣装。请为我们提供棉绒的靴子。","格格鲁玖商会管理员 利利佛恩",6,"裁衣匠","利姆萨·罗敏萨",30,0,1,0,"太阳海岸","太阳海岸","未知钓场",0,False,"裁衣匠","裁衣匠理符任务",0,"东拉诺西亚","ui/icon/080000/080011.tex","批发委托：护卫用的靴子",True,0,1,40640,149,"LeveRewardItem#266","ui/icon/080000/080041.tex","ui/icon/080000/080005.tex","Level#3999030","ui/icon/110000/110031.tex",True,,"music/ffxiv/BGM_Leves.scd"
423,"筹集委托：望远镜技师用的工作帽","阿德内尔占星台为大型望远镜的维修技师订了工作帽。请认真为他们制作工作帽，保证在工作中头发不会掉到镜片上。","酒保商人 维温娜",6,"裁衣匠","乌尔达哈",35,0,1,0,"阿德内尔占星台","阿德内尔占星台","未知钓场",0,False,"裁衣匠","裁衣匠理符任务",0,"库尔札斯中央高地","ui/icon/080000/080013.tex","筹集委托：望远镜技师用的工作帽",True,0,1,94160,554,"LeveRewardItem#96","ui/icon/080000/080034.tex","ui/icon/080000/080005.tex","Level#3643002","ui/icon/110000/110062.tex",True,,"music/ffxiv/BGM_Leves.scd"
424,"制作委托：面向剑术师的裤子","剑术师行会向我们下了订单，说是要为行会会员准备裤子。由于要穿在板金铠里面，因此要求裤子厚实耐穿。请对自己有自信的裁衣匠帮我们制作。","阿修加纳贸易公司经理 劳力士",6,"裁衣匠","乌尔达哈",35,0,1,0,"乌尔达哈","乌尔达哈","未知钓场",0,False,"裁衣匠","裁衣匠理符任务",0,"乌尔达哈","ui/icon/080000/080013.tex","制作委托：面向剑术师的裤子",True,0,1,105270,491,"LeveRewardItem#96","ui/icon/080000/080033.tex","ui/icon/080000/080005.tex","Level#4067692","ui/icon/110000/110038.tex",True,,"music/ffxiv/BGM_Leves.scd"
425,"批发委托：出口用的朴素帽子","我们要准备好商品，以便下次卖给格里达尼亚的幻术师们。请为我们提供大量格里达尼亚人喜爱的朴素帽子。请对自己有自信的裁衣匠帮我们制作。","阿修加纳贸易公司经理 劳力士",6,"裁衣匠","乌尔达哈",35,0,1,0,"乌尔达哈","乌尔达哈","未知钓场",0,False,"裁衣匠","裁衣匠理符任务",0,"乌尔达哈","ui/icon/080000/080013.tex","批发委托：出口用的朴素帽子",True,0,1,49830,231,"LeveRewardItem#267","ui/icon/080000/080041.tex","ui/icon/080000/080005.tex","Level#4067692","ui/icon/110000/110038.tex",True,,"music/ffxiv/BGM_Leves.scd"
426,"制作委托：亚麻工作服","由于气温寒冷，伊修加德十分重视发展能在房子里工作的手工业。因此我们想推出适合在屋内工作的亚麻制工作服。请有能力的工匠协助我们。","酒保商人 维温娜",6,"裁衣匠","格里达尼亚",35,0,1,0,"阿德内尔占星台","阿德内尔占星台","未知钓场",0,False,"裁衣匠","裁衣匠理符任务",0,"库尔札斯中央高地","ui/icon/080000/080012.tex","制作委托：亚麻工作服",True,0,1,115720,572,"LeveRewardItem#97","ui/icon/080000/080033.tex","ui/icon/080000/080005.tex","Level#3643002","ui/icon/110000/110062.tex",True,,"music/ffxiv/BGM_Leves.scd"
427,"制作委托：防寒用的僧袍","第七灵灾之后，库尔札斯的温度急速下降，成为了一个雪国。因此，能防风御寒的带帽僧袍成了必需品。请为他们制作能包裹全身的僧袍。","酒保商人 维温娜",6,"裁衣匠","格里达尼亚",35,0,1,0,"阿德内尔占星台","阿德内尔占星台","未知钓场",0,False,"裁衣匠","裁衣匠理符任务",0,"库尔札斯中央高地","ui/icon/080000/080012.tex","制作委托：防寒用的僧袍",True,0,1,115720,569,"LeveRewardItem#97","ui/icon/080000/080033.tex","ui/icon/080000/080005.tex","Level#3643002","ui/icon/110000/110062.tex",True,,"music/ffxiv/BGM_Leves.scd"
428,"批发委托：面向骑兵的紧身裤","为了从龙族的尖牙利爪下保护自己，骑兵们都身着金属铠。但库尔札斯地区严寒刺骨，必须要在铠甲下面穿上贴身的紧身裤。请为我们提供能防寒的优质紧身裤。","酒保商人 维温娜",6,"裁衣匠","格里达尼亚",35,0,1,0,"阿德内尔占星台","阿德内尔占星台","未知钓场",0,False,"裁衣匠","裁衣匠理符任务",0,"库尔札斯中央高地","ui/icon/080000/080012.tex","批发委托：面向骑兵的紧身裤",True,0,1,43560,230,"LeveRewardItem#268","ui/icon/080000/080041.tex","ui/icon/080000/080005.tex","Level#3643002","ui/icon/110000/110062.tex",True,,"music/ffxiv/BGM_Leves.scd"
429,"筹集委托：面向后勤人员的腿套","照顾陆行鸟的驯兽人和修理武具的铸甲匠也与骑兵团同行。在这白云崖前哨中有不少这样的后勤人员。请为他们提供暖和的呢绒腿套。","酒保商人 兰凯尔",6,"裁衣匠","乌尔达哈",40,0,1,0,"白云崖前哨","白云崖前哨","未知钓场",0,False,"裁衣匠","裁衣匠理符任务",0,"库尔札斯中央高地","ui/icon/080000/080013.tex","筹集委托：面向后勤人员的腿套",True,0,1,125680,631,"LeveRewardItem#98","ui/icon/080000/080034.tex","ui/icon/080000/080005.tex","Level#3643494","ui/icon/110000/110063.tex",True,,"music/ffxiv/BGM_Leves.scd"
430,"制作委托：鸟栏管理员用的围裙装","请提供鸟栏管理员用的围裙装。黄色的围裙和陆行鸟的标志都会由对方负责印染，我们只要交染色前的就可以了。希望有能力的裁衣匠前来帮忙。","阿修加纳贸易公司经理 劳力士",6,"裁衣匠","乌尔达哈",40,0,1,0,"乌尔达哈","乌尔达哈","未知钓场",0,False,"裁衣匠","裁衣匠理符任务",0,"乌尔达哈","ui/icon/080000/080013.tex","制作委托：鸟栏管理员用的围裙装",True,0,1,125680,510,"LeveRewardItem#98","ui/icon/080000/080033.tex","ui/icon/080000/080005.tex","Level#4067692","ui/icon/110000/110038.tex",True,,"music/ffxiv/BGM_Leves.scd"
431,"批发委托：佣人用的制帽","最近，乌尔达哈的富裕阶层间流行给佣人穿统一制服。因此我们想向他们贩卖一定数量的制帽。请制作大量的亚麻猎鹿帽。","阿修加纳贸易公司经理 劳力士",6,"裁衣匠","乌尔达哈",40,0,1,0,"乌尔达哈","乌尔达哈","未知钓场",0,False,"裁衣匠","裁衣匠理符任务",0,"乌尔达哈","ui/icon/080000/080013.tex","批发委托：佣人用的制帽",True,0,1,61560,226,"LeveRewardItem#269","ui/icon/080000/080041.tex","ui/icon/080000/080005.tex","Level#4067692","ui/icon/110000/110038.tex",True,,"music/ffxiv/BGM_Leves.scd"
432,"制作委托：面向运货人的束腰衣","运货人需要在雪地中奔波，因此这个工作很不受欢迎。为了募集人手，我们想向运货人提供优质的上衣。请为我们提供结实厚重的草布束腰衣。","酒保商人 兰凯尔",6,"裁衣匠","格里达尼亚",40,0,1,0,"白云崖前哨","白云崖前哨","未知钓场",0,False,"裁衣匠","裁衣匠理符任务",0,"库尔札斯中央高地","ui/icon/080000/080012.tex","制作委托：面向运货人的束腰衣",True,0,1,113680,607,"LeveRewardItem#99","ui/icon/080000/080033.tex","ui/icon/080000/080005.tex","Level#3643494","ui/icon/110000/110063.tex",True,,"music/ffxiv/BGM_Leves.scd"
433,"制作委托：神殿骑士用的防寒裤","狄兰达尔家的骑兵团向我们订了防寒裤。教皇厅直属神殿骑士将前往白云崖前哨视察，为了帮贵客御寒，请制作呢绒紧身裤。","酒保商人 兰凯尔",6,"裁衣匠","格里达尼亚",40,0,1,0,"白云崖前哨","白云崖前哨","未知钓场",0,False,"裁衣匠","裁衣匠理符任务",0,"库尔札斯中央高地","ui/icon/080000/080012.tex","制作委托：神殿骑士用的防寒裤",True,0,1,79510,520,"LeveRewardItem#99","ui/icon/080000/080033.tex","ui/icon/080000/080005.tex","Level#3643494","ui/icon/110000/110063.tex",True,,"music/ffxiv/BGM_Leves.scd"
434,"批发委托：热卖的宽边帽","库尔札斯地区经常下大雪，因此需要宽边帽。如果帽子是用暖和的羊毛制成，想必会卖得更好。为保证库存，请为我们提供一定数量的呢绒宽边帽。","酒保商人 兰凯尔",6,"裁衣匠","格里达尼亚",40,0,1,0,"白云崖前哨","白云崖前哨","未知钓场",0,False,"裁衣匠","裁衣匠理符任务",0,"库尔札斯中央高地","ui/icon/080000/080012.tex","批发委托：热卖的宽边帽",True,0,1,54350,277,"LeveRewardItem#270","ui/icon/080000/080041.tex","ui/icon/080000/080005.tex","Level#3643494","ui/icon/110000/110063.tex",True,,"music/ffxiv/BGM_Leves.scd"
435,"筹集委托：挖掘工人用的工装裤","我们圣寇伊纳克财团正在挖掘银泪湖沿岸的古代亚拉戈文明的遗迹。想要挖掘结晶化的土地，可是要费一番力气，连工作服都会很快就坏掉。请制作结实的工装裤。","圣寇伊纳克财团 莎伊艾勒",6,"裁衣匠","乌尔达哈",45,0,1,0,"圣寇伊纳克调查地","圣寇伊纳克调查地","未知钓场",0,False,"裁衣匠","裁衣匠理符任务",0,"摩杜纳","ui/icon/080000/080013.tex","筹集委托：挖掘工人用的工装裤",True,0,1,137400,714,"LeveRewardItem#100","ui/icon/080000/080034.tex","ui/icon/080000/080005.tex","Level#4258823","ui/icon/110000/110064.tex",True,,"music/ffxiv/BGM_Leves.scd"
436,"制作委托：法师用的宽边帽","上次卖给格里达尼亚的帽子大受好评，因此硕老树冥想窟又向我们订了新帽子。我们要为法师这种特殊职业制作高级帽子。请有能力的裁衣匠来协助我们。","阿修加纳贸易公司经理 劳力士",6,"裁衣匠","乌尔达哈",45,0,1,0,"乌尔达哈","乌尔达哈","未知钓场",0,False,"裁衣匠","裁衣匠理符任务",0,"乌尔达哈","ui/icon/080000/080013.tex","制作委托：法师用的宽边帽",True,0,1,152230,754,"LeveRewardItem#100","ui/icon/080000/080033.tex","ui/icon/080000/080005.tex","Level#4067692","ui/icon/110000/110038.tex",True,,"music/ffxiv/BGM_Leves.scd"
437,"批发委托：专属烹调师用的衣服","宝石商人巴巴维想为在他府上工作的专属烹调师准备高级围裙装。他那里的烹调师人数不少，请提供大量围裙装。","阿修加纳贸易公司经理 劳力士",6,"裁衣匠","乌尔达哈",45,0,1,0,"乌尔达哈","乌尔达哈","未知钓场",0,False,"裁衣匠","裁衣匠理符任务",0,"乌尔达哈","ui/icon/080000/080013.tex","批发委托：专属烹调师用的衣服",True,0,1,100980,308,"LeveRewardItem#271","ui/icon/080000/080041.tex","ui/icon/080000/080005.tex","Level#4067692","ui/icon/110000/110038.tex",True,,"music/ffxiv/BGM_Leves.scd"
438,"制作委托：面向老练冒险者的束腰衣","为了能使挖掘工作顺利进行，圣寇伊纳克财团雇用了很多冒险者，并想为保护调查地安全的他们提供轻便的束腰衣。请为我们提供能令老练冒险者满意的优质产品。","圣寇伊纳克财团 莎伊艾勒",6,"裁衣匠","乌尔达哈",45,0,1,0,"圣寇伊纳克调查地","圣寇伊纳克调查地","未知钓场",0,False,"裁衣匠","裁衣匠理符任务",0,"摩杜纳","ui/icon/080000/080013.tex","制作委托：面向老练冒险者的束腰衣",True,0,1,152230,738,"LeveRewardItem#101","ui/icon/080000/080033.tex","ui/icon/080000/080005.tex","Level#4258823","ui/icon/110000/110064.tex",True,,"music/ffxiv/BGM_Leves.scd"
439,"制作委托：博物学家用的长袍","前几天，一位从萨雷安来的博物学家被地上的水晶刮破了衣服，她没带多少换洗衣服，请为她提供一件新的长袍。","圣寇伊纳克财团 莎伊艾勒",6,"裁衣匠","乌尔达哈",45,0,1,0,"圣寇伊纳克调查地","圣寇伊纳克调查地","未知钓场",0,False,"裁衣匠","裁衣匠理符任务",0,"摩杜纳","ui/icon/080000/080013.tex","制作委托：博物学家用的长袍",True,0,1,199230,822,"LeveRewardItem#101","ui/icon/080000/080033.tex","ui/icon/080000/080005.tex","Level#4258823","ui/icon/110000/110064.tex",True,,"music/ffxiv/BGM_Leves.scd"
440,"批发委托：挖掘工人用的工作帽","在挖掘在古代亚拉戈文明的遗迹时，会被四处飞散的粉尘和水晶碎片搞得灰头土脸。为此我们需要保护挖掘工人头部的帽子。请为我们提供大量呢绒制工作帽。","圣寇伊纳克财团 莎伊艾勒",6,"裁衣匠","乌尔达哈",45,0,1,0,"圣寇伊纳克调查地","圣寇伊纳克调查地","未知钓场",0,False,"裁衣匠","裁衣匠理符任务",0,"摩杜纳","ui/icon/080000/080013.tex","批发委托：挖掘工人用的工作帽",True,0,1,82440,292,"LeveRewardItem#272","ui/icon/080000/080041.tex","ui/icon/080000/080005.tex","Level#4258823","ui/icon/110000/110064.tex",True,,"music/ffxiv/BGM_Leves.scd"
441,"制作委托：不够的红铜铸锭","在确认出货库存的时候，我们发现红铜铸锭的数量不够了。赌上阿修加纳贸易公司的信誉，无论如何也要让交易成功。去制作红铜锭。","阿修加纳贸易公司经理 劳力士",6,"雕金匠","乌尔达哈",1,0,1,0,"乌尔达哈","乌尔达哈","未知钓场",0,False,"雕金匠","雕金匠理符任务",0,"乌尔达哈","ui/icon/080000/080013.tex","制作委托：不够的红铜铸锭",True,0,1,630,113,"LeveRewardItem#62","ui/icon/080000/080033.tex","ui/icon/080000/080005.tex","Level#4067692","ui/icon/110000/110038.tex",True,,"music/ffxiv/BGM_Leves.scd"
442,"制作委托：廉价的手链","即使没有钱也想打扮，这是不少人的想法。我们想为这类人准备比较廉价的饰品。就算是便宜的红铜，只要细心打磨，就能制作出闪闪发光的手链。请有能力的雕金匠协助我们。","阿修加纳贸易公司经理 劳力士",6,"雕金匠","乌尔达哈",1,0,1,0,"乌尔达哈","乌尔达哈","未知钓场",0,False,"雕金匠","雕金匠理符任务",0,"乌尔达哈","ui/icon/080000/080013.tex","制作委托：廉价的手链",True,0,1,1690,116,"LeveRewardItem#62","ui/icon/080000/080033.tex","ui/icon/080000/080005.tex","Level#4067692","ui/icon/110000/110038.tex",True,,"music/ffxiv/BGM_Leves.scd"
443,"筹集委托：面向新手冒险者的魔器","有不少来到乌尔达哈的冒险者都想在著名的咒术师行会学习魔法。 我们想向这些新手咒术师提供物美价廉的魔器。请对雕金有信心的工匠协助我们。","商队互助会 吉吉尤恩",6,"雕金匠","乌尔达哈",1,0,1,0,"毒蝎交易所","毒蝎交易所","未知钓场",0,False,"雕金匠","雕金匠理符任务",0,"西萨纳兰","ui/icon/080000/080013.tex","筹集委托：面向新手冒险者的魔器",True,0,1,450,112,"LeveRewardItem#62","ui/icon/080000/080034.tex","ui/icon/080000/080005.tex","Level#3958293","ui/icon/110000/110035.tex",True,,"music/ffxiv/BGM_Leves.scd"
444,"制作委托：面向半路出家拳斗士的骨拳","最近有不少年轻流民都想以拳斗成名。所以我想卖给他们格斗武器。但缺钱才去当拳斗士的人是不会买高价武器的吧。请制作廉价的武器。","商队互助会 吉吉尤恩",6,"雕金匠","乌尔达哈",1,0,1,0,"毒蝎交易所","毒蝎交易所","未知钓场",0,False,"雕金匠","雕金匠理符任务",0,"西萨纳兰","ui/icon/080000/080013.tex","制作委托：面向半路出家拳斗士的骨拳",True,0,1,720,112,"LeveRewardItem#63","ui/icon/080000/080033.tex","ui/icon/080000/080005.tex","Level#3958293","ui/icon/110000/110035.tex",True,,"music/ffxiv/BGM_Leves.scd"
445,"制作委托：伤员用的长杖","前几天，在毒蝎交易所发生了货物倒塌事件，其中有一名运货人被压在了下面，受了伤。我们想赠送给他一根长杖，以便在痊愈之前辅助他走路。即使是廉价品也无所谓，请为我们提供长杖。","商队互助会 吉吉尤恩",6,"雕金匠","乌尔达哈",1,0,1,0,"毒蝎交易所","毒蝎交易所","未知钓场",0,False,"雕金匠","雕金匠理符任务",0,"西萨纳兰","ui/icon/080000/080013.tex","制作委托：伤员用的长杖",True,0,1,630,113,"LeveRewardItem#63","ui/icon/080000/080033.tex","ui/icon/080000/080005.tex","Level#3958293","ui/icon/110000/110035.tex",True,,"music/ffxiv/BGM_Leves.scd"
446,"筹集委托：便宜的戒指","现在，低价首饰被年轻人们疯狂抢购，特别是铜戒指最为受欢迎，库存都已经不足了。为抓住此次商机，请为我们提供1箱红铜环。","阿修加纳贸易公司经理 劳力士",6,"雕金匠","乌尔达哈",1,0,1,0,"乌尔达哈","乌尔达哈","未知钓场",0,False,"雕金匠","雕金匠理符任务",0,"乌尔达哈","ui/icon/080000/080013.tex","筹集委托：便宜的戒指",True,0,1,630,112,"LeveRewardItem#63","ui/icon/080000/080034.tex","ui/icon/080000/080005.tex","Level#4067692","ui/icon/110000/110038.tex",True,,"music/ffxiv/BGM_Leves.scd"
447,"制作委托：廉价的耳饰","在年轻人之间，廉价的饰品卖得十分火爆。特别是红铜制作的耳坠，显得阔气，价钱不贵，非常受欢迎。请有能力的雕金匠协助我们。","阿修加纳贸易公司经理 劳力士",6,"雕金匠","乌尔达哈",5,0,1,0,"乌尔达哈","乌尔达哈","未知钓场",0,False,"雕金匠","雕金匠理符任务",0,"乌尔达哈","ui/icon/080000/080013.tex","制作委托：廉价的耳饰",True,0,1,3600,139,"LeveRewardItem#64","ui/icon/080000/080033.tex","ui/icon/080000/080005.tex","Level#4067692","ui/icon/110000/110038.tex",True,,"music/ffxiv/BGM_Leves.scd"
448,"制作委托：拳斗士用的爪","斗技场财团正在计划着一场猎奇的比赛。他们让疯狂的牡羊和以羊角武装的拳斗士战斗，直至气绝为止，并为战斗命名为“牡羊们的沉默比赛”。用羊角制作爪。","阿修加纳贸易公司经理 劳力士",6,"雕金匠","乌尔达哈",5,0,1,0,"乌尔达哈","乌尔达哈","未知钓场",0,False,"雕金匠","雕金匠理符任务",0,"乌尔达哈","ui/icon/080000/080013.tex","制作委托：拳斗士用的爪",True,0,1,2230,170,"LeveRewardItem#64","ui/icon/080000/080033.tex","ui/icon/080000/080005.tex","Level#4067692","ui/icon/110000/110038.tex",True,,"music/ffxiv/BGM_Leves.scd"
449,"筹集委托：诅咒的项链","只要戴着兽骨制作的项链，并在用兽脂燃起的火炎前祈祷，就能诅咒自己所恨之人。这种游戏在富人群体中很是流行。虽然这些可能都是迷信，但请为我们制作项链。","商队互助会 吉吉尤恩",6,"雕金匠","乌尔达哈",5,0,1,0,"毒蝎交易所","毒蝎交易所","未知钓场",0,False,"雕金匠","雕金匠理符任务",0,"西萨纳兰","ui/icon/080000/080013.tex","筹集委托：诅咒的项链",True,0,1,3040,169,"LeveRewardItem#64","ui/icon/080000/080034.tex","ui/icon/080000/080005.tex","Level#3958293","ui/icon/110000/110035.tex",True,,"music/ffxiv/BGM_Leves.scd"
450,"制作委托：用于市场调查的戒指","在格里达尼亚黑檀商店街开店的朋友联系了我，说是想从事宝石饰品的买卖。因此我要帮忙调查下当地人喜欢的款式，并把样品送去给他。希望能够有人提供样式简单的铜制戒指。","商队互助会 吉吉尤恩",6,"雕金匠","乌尔达哈",5,0,1,0,"毒蝎交易所","毒蝎交易所","未知钓场",0,False,"雕金匠","雕金匠理符任务",0,"西萨纳兰","ui/icon/080000/080013.tex","制作委托：用于市场调查的戒指",True,0,1,3600,139,"LeveRewardItem#65","ui/icon/080000/080033.tex","ui/icon/080000/080005.tex","Level#3958293","ui/icon/110000/110035.tex",True,,"music/ffxiv/BGM_Leves.scd"
451,"制作委托：用于市场调查的手镯","在格里达尼亚黑檀商店街开店的朋友联系了我，说是想从事宝石饰品的买卖。因此我要帮忙调查下当地人喜欢的款式，并把样品送去给他。希望能够有人提供刻有花纹的骨制手镯。","商队互助会 吉吉尤恩",6,"雕金匠","乌尔达哈",5,0,1,0,"毒蝎交易所","毒蝎交易所","未知钓场",0,False,"雕金匠","雕金匠理符任务",0,"西萨纳兰","ui/icon/080000/080013.tex","制作委托：用于市场调查的手镯",True,0,1,1980,140,"LeveRewardItem#65","ui/icon/080000/080033.tex","ui/icon/080000/080005.tex","Level#3958293","ui/icon/110000/110035.tex",True,,"music/ffxiv/BGM_Leves.scd"
452,"筹集委托：修补麻袋用的缝衣针","如果运货的麻袋破了，那么重要的商品就会掉在地上被弄脏。为了避免此类事故的再次发生，需要修补麻袋上的破洞和绽开了的线。希望能够有人提供适合修补麻袋用的缝衣针。","阿修加纳贸易公司经理 劳力士",6,"雕金匠","乌尔达哈",5,0,1,0,"乌尔达哈","乌尔达哈","未知钓场",0,False,"雕金匠","雕金匠理符任务",0,"乌尔达哈","ui/icon/080000/080013.tex","筹集委托：修补麻袋用的缝衣针",True,0,1,3600,139,"LeveRewardItem#65","ui/icon/080000/080034.tex","ui/icon/080000/080005.tex","Level#4067692","ui/icon/110000/110038.tex",True,,"music/ffxiv/BGM_Leves.scd"
453,"制作委托：当红剑斗士的耳饰","当红剑斗士弗朗茨的拥护者都在讨论他爱用的耳夹。虽然弗朗茨用的是金制的高档货，但铜制的应该也会很好卖吧。希望能够有人提供铜制的耳夹。","阿修加纳贸易公司经理 劳力士",6,"雕金匠","乌尔达哈",10,0,1,0,"乌尔达哈","乌尔达哈","未知钓场",0,False,"雕金匠","雕金匠理符任务",0,"乌尔达哈","ui/icon/080000/080013.tex","制作委托：当红剑斗士的耳饰",True,0,1,9990,168,"LeveRewardItem#66","ui/icon/080000/080033.tex","ui/icon/080000/080005.tex","Level#4067692","ui/icon/110000/110038.tex",True,,"music/ffxiv/BGM_Leves.scd"
454,"制作委托：护身用的耳饰","最近，家有妙龄千金的富人们喜欢送自己女儿兽牙制作的耳饰。据说是遇到危险的时候可以用来防身。虽然我不觉得面对恶汉这些耳饰会起到作用。总之，希望能够有人提供骨制的耳饰。","阿修加纳贸易公司经理 劳力士",6,"雕金匠","乌尔达哈",10,0,1,0,"乌尔达哈","乌尔达哈","未知钓场",0,False,"雕金匠","雕金匠理符任务",0,"乌尔达哈","ui/icon/080000/080013.tex","制作委托：护身用的耳饰",True,0,1,7880,288,"LeveRewardItem#66","ui/icon/080000/080033.tex","ui/icon/080000/080005.tex","Level#4067692","ui/icon/110000/110038.tex",True,,"music/ffxiv/BGM_Leves.scd"
455,"筹集委托：捐纳用的长杖","乌尔达哈的守护神纳尔札尔还是商贸之神。所以商人们会定期向祈求繁荣的纳尔札尔教团捐纳咒杖，以求生意欣荣。希望能够有人提供一把精心制作的长杖。","商队互助会 米米娜",6,"雕金匠","乌尔达哈",10,0,1,0,"地平关","地平关","未知钓场",0,False,"雕金匠","雕金匠理符任务",0,"西萨纳兰","ui/icon/080000/080013.tex","筹集委托：捐纳用的长杖",True,0,1,7880,250,"LeveRewardItem#66","ui/icon/080000/080034.tex","ui/icon/080000/080005.tex","Level#2540087","ui/icon/110000/110036.tex",True,,"music/ffxiv/BGM_Leves.scd"
456,"制作委托：作为特别报酬的缝衣针","经常替我制作衣服的裁衣匠感叹缝衣针消耗得太快。所以，我想送其一根缝衣针作为特别报酬，希望能够有人提供使用结实的蝙蝠牙制作的缝衣针。","商队互助会 米米娜",6,"雕金匠","乌尔达哈",10,0,1,0,"地平关","地平关","未知钓场",0,False,"雕金匠","雕金匠理符任务",0,"西萨纳兰","ui/icon/080000/080013.tex","制作委托：作为特别报酬的缝衣针",True,0,1,2230,168,"LeveRewardItem#67","ui/icon/080000/080033.tex","ui/icon/080000/080005.tex","Level#2540087","ui/icon/110000/110036.tex",True,,"music/ffxiv/BGM_Leves.scd"
457,"制作委托：面向铜刃团的护喉甲","我想把防具卖给铜刃团的人。但是铠甲什么的是上头发放给他们的，所以需要卖给他们没有的防具。我想类似项链的护喉甲应该会卖得很好吧。","商队互助会 米米娜",6,"雕金匠","乌尔达哈",10,0,1,0,"地平关","地平关","未知钓场",0,False,"雕金匠","雕金匠理符任务",0,"西萨纳兰","ui/icon/080000/080013.tex","制作委托：面向铜刃团的护喉甲",True,0,1,9990,293,"LeveRewardItem#67","ui/icon/080000/080033.tex","ui/icon/080000/080005.tex","Level#2540087","ui/icon/110000/110036.tex",True,,"music/ffxiv/BGM_Leves.scd"
458,"筹集委托：送给画家的眼镜","专门画出口作品的画家最近眼神不太好。为了能让他继续创作出美丽的画作，请为我们提供能看清细节的眼镜。","阿修加纳贸易公司经理 劳力士",6,"雕金匠","乌尔达哈",10,0,1,0,"乌尔达哈","乌尔达哈","未知钓场",0,False,"雕金匠","雕金匠理符任务",0,"乌尔达哈","ui/icon/080000/080013.tex","筹集委托：送给画家的眼镜",True,0,1,6880,288,"LeveRewardItem#67","ui/icon/080000/080034.tex","ui/icon/080000/080005.tex","Level#4067692","ui/icon/110000/110038.tex",True,,"music/ffxiv/BGM_Leves.scd"
459,"制作委托：面向工匠的手镯","之前和工匠做生意都是买其制品，卖其工具。不过，我想即使是工匠也会想打扮自己吧。所以想尝试下这样的买卖，希望能够有人提供不会影响工匠作业的小型手镯。","阿修加纳贸易公司经理 劳力士",6,"雕金匠","乌尔达哈",15,0,1,0,"乌尔达哈","乌尔达哈","未知钓场",0,False,"雕金匠","雕金匠理符任务",0,"乌尔达哈","ui/icon/080000/080013.tex","制作委托：面向工匠的手镯",True,0,1,18910,245,"LeveRewardItem#68","ui/icon/080000/080033.tex","ui/icon/080000/080005.tex","Level#4067692","ui/icon/110000/110038.tex",True,,"music/ffxiv/BGM_Leves.scd"
460,"制作委托：便宜的黄铜戒指","黄铜通过和其他金属混合，再经过悉心打磨后可以有金子般的成色。因为制作成本低廉，而且美观。所以今后我想积极贩售这种饰品。希望能够有人提供黄铜戒指。","阿修加纳贸易公司经理 劳力士",6,"雕金匠","乌尔达哈",15,0,1,0,"乌尔达哈","乌尔达哈","未知钓场",0,False,"雕金匠","雕金匠理符任务",0,"乌尔达哈","ui/icon/080000/080013.tex","制作委托：便宜的黄铜戒指",True,0,1,13040,173,"LeveRewardItem#68","ui/icon/080000/080033.tex","ui/icon/080000/080005.tex","Level#4067692","ui/icon/110000/110038.tex",True,,"music/ffxiv/BGM_Leves.scd"
461,"筹集委托：随葬用的头冠","安葬于圣阿达玛·兰达玛教会墓园中的都是穷人。但偶尔也会有些有钱的家属会准备随葬品。希望能够有人提供适合随葬用的头冠。","商队互助会 芙瑞迪斯维莎",6,"雕金匠","乌尔达哈",15,0,1,0,"枯骨营地","枯骨营地","未知钓场",0,False,"雕金匠","雕金匠理符任务",0,"东萨纳兰","ui/icon/080000/080013.tex","筹集委托：随葬用的头冠",True,0,1,24790,529,"LeveRewardItem#68","ui/icon/080000/080034.tex","ui/icon/080000/080005.tex","Level#2540238","ui/icon/110000/110037.tex",True,,"music/ffxiv/BGM_Leves.scd"
462,"制作委托：修补天蓬用的缝衣针","商队互助会提供给运货人休息用的天蓬破了。但为了这点破洞就买新的天蓬，枉为一名商人啊。为了削减经费，我想亲自将其修补了。希望能够有人提供称手的缝衣针。","商队互助会 芙瑞迪斯维莎",6,"雕金匠","乌尔达哈",15,0,1,0,"枯骨营地","枯骨营地","未知钓场",0,False,"雕金匠","雕金匠理符任务",0,"东萨纳兰","ui/icon/080000/080013.tex","制作委托：修补天蓬用的缝衣针",True,0,1,10100,223,"LeveRewardItem#69","ui/icon/080000/080033.tex","ui/icon/080000/080005.tex","Level#2540238","ui/icon/110000/110037.tex",True,,"music/ffxiv/BGM_Leves.scd"
463,"制作委托：金闪闪的戒指","黄金集市的居民想向我购买金闪闪的金戒指。可那家伙报的价连个金子碎片都买不了，充其量只能买个金闪闪的黄铜戒指。希望能够有人提供适合其报价的戒指。","商队互助会 芙瑞迪斯维莎",6,"雕金匠","乌尔达哈",15,0,1,0,"枯骨营地","枯骨营地","未知钓场",0,False,"雕金匠","雕金匠理符任务",0,"东萨纳兰","ui/icon/080000/080013.tex","制作委托：金闪闪的戒指",True,0,1,13040,173,"LeveRewardItem#69","ui/icon/080000/080033.tex","ui/icon/080000/080005.tex","Level#2540238","ui/icon/110000/110037.tex",True,,"music/ffxiv/BGM_Leves.scd"
464,"筹集委托：面向格里达尼亚的头冠","我们正打算往格里达尼亚输送大规模的商队。我听说格里达尼亚人喜欢朴素的设计，因此想向他们兜售用无色透明的赛黄晶做的宝石饰品。请助我们一臂之力。","阿修加纳贸易公司经理 劳力士",6,"雕金匠","乌尔达哈",15,0,1,0,"乌尔达哈","乌尔达哈","未知钓场",0,False,"雕金匠","雕金匠理符任务",0,"乌尔达哈","ui/icon/080000/080013.tex","筹集委托：面向格里达尼亚的头冠",True,0,1,24790,529,"LeveRewardItem#69","ui/icon/080000/080034.tex","ui/icon/080000/080005.tex","Level#4067692","ui/icon/110000/110038.tex",True,,"music/ffxiv/BGM_Leves.scd"
465,"制作委托：幸运的珊瑚戒指","听说在利姆萨·罗敏萨有这么一个风俗，船员的妻子会送丈夫珊瑚制的小礼物，以求丈夫平安归还。感觉能在这上面搞点嚼头。我准备在下次开始销售，希望能够有人提供珊瑚制的戒指。","阿修加纳贸易公司经理 劳力士",6,"雕金匠","乌尔达哈",20,0,1,0,"乌尔达哈","乌尔达哈","未知钓场",0,False,"雕金匠","雕金匠理符任务",0,"乌尔达哈","ui/icon/080000/080013.tex","制作委托：幸运的珊瑚戒指",True,0,1,10710,280,"LeveRewardItem#70","ui/icon/080000/080033.tex","ui/icon/080000/080005.tex","Level#4067692","ui/icon/110000/110038.tex",True,,"music/ffxiv/BGM_Leves.scd"
466,"批发委托：流行的咒杖","最近在冒险者中，咒术师备受瞩目。货架上的咒杖卖得飞快。错失机会的话，将会丢掉商机。希望有实力的雕金匠能够积极响应。","阿修加纳贸易公司经理 劳力士",6,"雕金匠","乌尔达哈",20,0,1,0,"乌尔达哈","乌尔达哈","未知钓场",0,False,"雕金匠","雕金匠理符任务",0,"乌尔达哈","ui/icon/080000/080013.tex","批发委托：流行的咒杖",True,0,1,12960,166,"LeveRewardItem#70","ui/icon/080000/080041.tex","ui/icon/080000/080005.tex","Level#4067692","ui/icon/110000/110038.tex",True,,"music/ffxiv/BGM_Leves.scd"
467,"筹集委托：赠给英雄的魔器","前些日子，某位旅行中的咒术师为了保护孩子不受魔物侵害，而受了重伤。我们鬼哭队第五枪队为了表彰那位咒术师的英雄气概，决定赠其魔器。希望能够有人协助我们。","鬼哭队第五枪队队员 朱利昂贝尔",6,"雕金匠","乌尔达哈",20,0,1,0,"石场水车","石场水车","未知钓场",0,False,"雕金匠","雕金匠理符任务",0,"黑衣森林南部林区","ui/icon/080000/080013.tex","筹集委托：赠给英雄的魔器",True,0,1,18290,192,"LeveRewardItem#70","ui/icon/080000/080034.tex","ui/icon/080000/080005.tex","Level#2257677","ui/icon/110000/110006.tex",True,,"music/ffxiv/BGM_Leves.scd"
468,"制作委托：赠给义勇兵的耳饰","我们鬼哭队第五枪队为了向志愿当义勇兵的年轻人表达谢意，计划赠其耳饰。希望擅长制造符合年轻人喜好的耳饰的师傅能够积极协助我们。","鬼哭队第五枪队队员 朱利昂贝尔",6,"雕金匠","格里达尼亚",20,0,1,0,"石场水车","石场水车","未知钓场",0,False,"雕金匠","雕金匠理符任务",0,"黑衣森林南部林区","ui/icon/080000/080012.tex","制作委托：赠给义勇兵的耳饰",True,0,1,21600,290,"LeveRewardItem#71","ui/icon/080000/080033.tex","ui/icon/080000/080005.tex","Level#2257677","ui/icon/110000/110006.tex",True,,"music/ffxiv/BGM_Leves.scd"
469,"批发委托：赠给义勇兵的戒指","我们鬼哭队第五枪队计划向志愿守卫石场水车的义勇兵发送戒指。为了起到团结的作用，希望擅长量产相同款式戒指的师傅能够积极协助我们。","鬼哭队第五枪队队员 朱利昂贝尔",6,"雕金匠","格里达尼亚",20,0,1,0,"石场水车","石场水车","未知钓场",0,False,"雕金匠","雕金匠理符任务",0,"黑衣森林南部林区","ui/icon/080000/080012.tex","批发委托：赠给义勇兵的戒指",True,0,1,8990,105,"LeveRewardItem#71","ui/icon/080000/080041.tex","ui/icon/080000/080005.tex","Level#2257677","ui/icon/110000/110006.tex",True,,"music/ffxiv/BGM_Leves.scd"
470,"制作委托：羚羊角咒杖","乌尔达哈的贸易商人向我们兜售防御时必要的物资，但他有一个交换条件，那就是拿黑衣森林的特产和他换。请用森林里羚羊的角为我们制作咒杖。","鬼哭队第五枪队队员 朱利昂贝尔",6,"雕金匠","格里达尼亚",20,0,1,0,"石场水车","石场水车","未知钓场",0,False,"雕金匠","雕金匠理符任务",0,"黑衣森林南部林区","ui/icon/080000/080012.tex","制作委托：羚羊角咒杖",True,0,1,10710,292,"LeveRewardItem#71","ui/icon/080000/080033.tex","ui/icon/080000/080005.tex","Level#2257677","ui/icon/110000/110006.tex",True,,"music/ffxiv/BGM_Leves.scd"
471,"制作委托：面向船员的戒指","我现在正准备在利姆萨·罗敏萨扩展生意，收集能在当地卖得好的商品。因为那座城市有很多船员，我想银制的饰品应该能大卖吧。希望能够有人提供银闪闪的戒指。","阿修加纳贸易公司经理 劳力士",6,"雕金匠","乌尔达哈",25,0,1,0,"乌尔达哈","乌尔达哈","未知钓场",0,False,"雕金匠","雕金匠理符任务",0,"乌尔达哈","ui/icon/080000/080013.tex","制作委托：面向船员的戒指",True,0,1,25250,296,"LeveRewardItem#72","ui/icon/080000/080033.tex","ui/icon/080000/080005.tex","Level#4067692","ui/icon/110000/110038.tex",True,,"music/ffxiv/BGM_Leves.scd"
472,"筹集委托：献给法师的戒指","我们鬼哭队第五枪队为了向每天都尽心尽责的法师表达谢意，计划献其戒指。希望能够有人提供我们镶有闪着紫色光辉的萤石戒指。","鬼哭队第五枪队队员 朱利昂贝尔",6,"雕金匠","乌尔达哈",25,0,1,0,"石场水车","石场水车","未知钓场",0,False,"雕金匠","雕金匠理符任务",0,"黑衣森林南部林区","ui/icon/080000/080013.tex","筹集委托：献给法师的戒指",True,0,1,25250,252,"LeveRewardItem#72","ui/icon/080000/080034.tex","ui/icon/080000/080005.tex","Level#2257677","ui/icon/110000/110019.tex",True,,"music/ffxiv/BGM_Leves.scd"
473,"批发委托：手抄本作业用的眼镜","成功和纳尔札尔教团签订了批发合约。纳尔札尔教团为了将保有的贵重书籍留给后世，现在正进行手抄本的作业。为了保证作业的精度，希望能够有人提供大量具有放大功能的特殊眼镜。","阿修加纳贸易公司经理 劳力士",6,"雕金匠","乌尔达哈",25,0,1,0,"乌尔达哈","乌尔达哈","未知钓场",0,False,"雕金匠","雕金匠理符任务",0,"乌尔达哈","ui/icon/080000/080013.tex","批发委托：手抄本作业用的眼镜",True,0,1,21830,268,"LeveRewardItem#72","ui/icon/080000/080041.tex","ui/icon/080000/080005.tex","Level#4067692","ui/icon/110000/110038.tex",True,,"music/ffxiv/BGM_Leves.scd"
474,"制作委托：表彰优胜者的项链","我们鬼哭队第五枪队对志愿当义勇兵的年轻人进行枪术辅导。这次计划举办枪术比赛，以此验收锻炼的成果。希望能够有人提供作为优胜者礼品的项链。","鬼哭队第五枪队队员 朱利昂贝尔",6,"雕金匠","格里达尼亚",25,0,1,0,"石场水车","石场水车","未知钓场",0,False,"雕金匠","雕金匠理符任务",0,"黑衣森林南部林区","ui/icon/080000/080012.tex","制作委托：表彰优胜者的项链",True,0,1,25250,298,"LeveRewardItem#73","ui/icon/080000/080033.tex","ui/icon/080000/080005.tex","Level#2257677","ui/icon/110000/110019.tex",True,,"music/ffxiv/BGM_Leves.scd"
475,"制作委托：美丽耀眼的宝石饰品","我等鬼哭队第五枪队正计划大规模取缔盗贼，准备让队员假扮成富商引蛇出洞。但变装所用的珠宝饰品却不够了。请为我们提供美丽耀眼的饰品。","鬼哭队第五枪队队员 朱利昂贝尔",6,"雕金匠","格里达尼亚",25,0,1,0,"石场水车","石场水车","未知钓场",0,False,"雕金匠","雕金匠理符任务",0,"黑衣森林南部林区","ui/icon/080000/080012.tex","制作委托：美丽耀眼的宝石饰品",True,0,1,36390,485,"LeveRewardItem#73","ui/icon/080000/080033.tex","ui/icon/080000/080005.tex","Level#2257677","ui/icon/110000/110019.tex",True,,"music/ffxiv/BGM_Leves.scd"
476,"批发委托：筹集防卫费用的咒杖","我们鬼哭队第五枪队为了筹集防卫费，现和乌尔达哈的商人做买卖。因此需要大量的羚羊角制作的咒杖，希望有能力的师傅能够积极协助我们。","鬼哭队第五枪队队员 朱利昂贝尔",6,"雕金匠","格里达尼亚",25,0,1,0,"石场水车","石场水车","未知钓场",0,False,"雕金匠","雕金匠理符任务",0,"黑衣森林南部林区","ui/icon/080000/080012.tex","批发委托：筹集防卫费用的咒杖",True,0,1,18490,277,"LeveRewardItem#73","ui/icon/080000/080041.tex","ui/icon/080000/080005.tex","Level#2257677","ui/icon/110000/110019.tex",True,,"music/ffxiv/BGM_Leves.scd"
477,"筹集委托：赠给吟游诗人的头冠","我的主人格格鲁玖大人在之前召开的宴会中，对吟唱了美妙诗歌的吟游诗人赞赏有加，并打算赠其配有大颗透绿柱石的银制头冠作为奖励。希望有能力的师傅能够积极协助。","格格鲁玖商会管理员 利利佛恩",6,"雕金匠","乌尔达哈",30,0,1,0,"太阳海岸","太阳海岸","未知钓场",0,False,"雕金匠","雕金匠理符任务",0,"东拉诺西亚","ui/icon/080000/080013.tex","筹集委托：赠给吟游诗人的头冠",True,0,1,67730,463,"LeveRewardItem#74","ui/icon/080000/080034.tex","ui/icon/080000/080005.tex","Level#3999030","ui/icon/110000/110031.tex",True,,"music/ffxiv/BGM_Leves.scd"
478,"制作委托：出口用的角制戒指","尽管用骨、角制作的朴素宝石饰品不是很流行，但也有一定的需求量。在下次往格里达尼亚派遣商队之前，需要确保角制戒指的库存。希望有实力的雕金匠能够积极响应。","阿修加纳贸易公司经理 劳力士",6,"雕金匠","乌尔达哈",30,0,1,0,"乌尔达哈","乌尔达哈","未知钓场",0,False,"雕金匠","雕金匠理符任务",0,"乌尔达哈","ui/icon/080000/080013.tex","制作委托：出口用的角制戒指",True,0,1,25900,532,"LeveRewardItem#74","ui/icon/080000/080033.tex","ui/icon/080000/080005.tex","Level#4067692","ui/icon/110000/110038.tex",True,,"music/ffxiv/BGM_Leves.scd"
479,"批发委托：孔雀石手镯","听说能够察觉流行趋向的富豪格格鲁玖，正在收集孔雀石制的宝石饰品。这种机会绝对不能错过。在新的流行潮流到来之前，希望能够有人提供大量的孔雀石手镯。","阿修加纳贸易公司经理 劳力士",6,"雕金匠","乌尔达哈",30,0,1,0,"乌尔达哈","乌尔达哈","未知钓场",0,False,"雕金匠","雕金匠理符任务",0,"乌尔达哈","ui/icon/080000/080013.tex","批发委托：孔雀石手镯",True,0,1,31330,151,"LeveRewardItem#257","ui/icon/080000/080041.tex","ui/icon/080000/080005.tex","Level#4067692","ui/icon/110000/110038.tex",True,,"music/ffxiv/BGM_Leves.scd"
480,"制作委托：专属裁衣匠用的缝衣针","为了给舞女制作美丽的衣服，我的主人格格鲁玖雇佣了专属裁衣匠。为了能使手法熟练的裁衣匠能充分发挥本领，请为我们提供优质的缝衣针。","格格鲁玖商会管理员 利利佛恩",6,"雕金匠","利姆萨·罗敏萨",30,0,1,0,"太阳海岸","太阳海岸","未知钓场",0,False,"雕金匠","雕金匠理符任务",0,"东拉诺西亚","ui/icon/080000/080011.tex","制作委托：专属裁衣匠用的缝衣针",True,0,1,25900,355,"LeveRewardItem#75","ui/icon/080000/080033.tex","ui/icon/080000/080005.tex","Level#3999030","ui/icon/110000/110031.tex",True,,"music/ffxiv/BGM_Leves.scd"
481,"制作委托：小猫猫的银项环","我的主人格格鲁玖大人想把银制项环送给娇气的小猫猫。别想太多，请使用高纯度的银，制作出银光闪闪的项环。","格格鲁玖商会管理员 利利佛恩",6,"雕金匠","利姆萨·罗敏萨",30,0,1,0,"太阳海岸","太阳海岸","未知钓场",0,False,"雕金匠","雕金匠理符任务",0,"东拉诺西亚","ui/icon/080000/080011.tex","制作委托：小猫猫的银项环",True,0,1,52220,485,"LeveRewardItem#75","ui/icon/080000/080033.tex","ui/icon/080000/080005.tex","Level#3999030","ui/icon/110000/110031.tex",True,,"music/ffxiv/BGM_Leves.scd"
482,"批发委托：孔雀石耳饰","我的主人格格鲁玖大人擅长捕捉商机。主人说，近期的乌尔达哈社交界将会开始流行孔雀石。因此在其价格上涨前，需要确保库存量。希望能够有人提供大量的孔雀石耳饰。","格格鲁玖商会管理员 利利佛恩",6,"雕金匠","利姆萨·罗敏萨",30,0,1,0,"太阳海岸","太阳海岸","未知钓场",0,False,"雕金匠","雕金匠理符任务",0,"东拉诺西亚","ui/icon/080000/080011.tex","批发委托：孔雀石耳饰",True,0,1,31330,151,"LeveRewardItem#258","ui/icon/080000/080041.tex","ui/icon/080000/080005.tex","Level#3999030","ui/icon/110000/110031.tex",True,,"music/ffxiv/BGM_Leves.scd"
483,"筹集委托：异端审问官用的手镯","领导伊修加德正教的教皇厅向我们订了手镯，用来送给新异端审问官作为礼物。海蓝石代表了勇敢的意志，请制作镶嵌了海蓝石的手镯。","酒保商人 维温娜",6,"雕金匠","乌尔达哈",35,0,1,0,"阿德内尔占星台","阿德内尔占星台","未知钓场",0,False,"雕金匠","雕金匠理符任务",0,"库尔札斯中央高地","ui/icon/080000/080013.tex","筹集委托：异端审问官用的手镯",True,0,1,72600,596,"LeveRewardItem#76","ui/icon/080000/080034.tex","ui/icon/080000/080005.tex","Level#3643002","ui/icon/110000/110062.tex",True,,"music/ffxiv/BGM_Leves.scd"
484,"制作委托：秘银戒指","东萨纳兰的秘银矿脉迎来了秘银热，这同时也带动了秘银市场。抓住这个商机，我们需要秘银制戒指。请手艺高超的雕金匠助我们一臂之力。","阿修加纳贸易公司经理 劳力士",6,"雕金匠","乌尔达哈",35,0,1,0,"乌尔达哈","乌尔达哈","未知钓场",0,False,"雕金匠","雕金匠理符任务",0,"乌尔达哈","ui/icon/080000/080013.tex","制作委托：秘银戒指",True,0,1,50380,559,"LeveRewardItem#76","ui/icon/080000/080033.tex","ui/icon/080000/080005.tex","Level#4067692","ui/icon/110000/110038.tex",True,,"music/ffxiv/BGM_Leves.scd"
485,"批发委托：热卖的咒杖","加雷马帝国与蛮族势力的威胁在逐日增加，因此对佣兵的需求也在增大。由于不少年轻人都去学习具有破坏力的咒术，咒杖的销量也节节攀升。请对大量制作有自信的雕金匠来协助我们。","阿修加纳贸易公司经理 劳力士",6,"雕金匠","乌尔达哈",35,0,1,0,"乌尔达哈","乌尔达哈","未知钓场",0,False,"雕金匠","雕金匠理符任务",0,"乌尔达哈","ui/icon/080000/080013.tex","批发委托：热卖的咒杖",True,0,1,36890,156,"LeveRewardItem#259","ui/icon/080000/080041.tex","ui/icon/080000/080005.tex","Level#4067692","ui/icon/110000/110038.tex",True,,"music/ffxiv/BGM_Leves.scd"
486,"制作委托：橄榄石首饰","橄榄石不光代表着信仰，还象征夫妇圆满。因此镶有橄榄石的饰品一直都很受夫妇们欢迎。请为我们提供美丽的上等品，以销往伊修加德。","酒保商人 维温娜",6,"雕金匠","格里达尼亚",35,0,1,0,"阿德内尔占星台","阿德内尔占星台","未知钓场",0,False,"雕金匠","雕金匠理符任务",0,"库尔札斯中央高地","ui/icon/080000/080012.tex","制作委托：橄榄石首饰",True,0,1,72600,568,"LeveRewardItem#77","ui/icon/080000/080033.tex","ui/icon/080000/080005.tex","Level#3643002","ui/icon/110000/110062.tex",True,,"music/ffxiv/BGM_Leves.scd"
487,"制作委托：防狼护身符","库尔札斯地区的茫茫雪原中经常会有狼出没。因此那里的人有佩戴狼牙饰品防狼的习俗。请为我们提供狼牙项链。","酒保商人 维温娜",6,"雕金匠","格里达尼亚",35,0,1,0,"阿德内尔占星台","阿德内尔占星台","未知钓场",0,False,"雕金匠","雕金匠理符任务",0,"库尔札斯中央高地","ui/icon/080000/080012.tex","制作委托：防狼护身符",True,0,1,50380,485,"LeveRewardItem#77","ui/icon/080000/080033.tex","ui/icon/080000/080005.tex","Level#3643002","ui/icon/110000/110062.tex",True,,"music/ffxiv/BGM_Leves.scd"
488,"批发委托：伊修加德的宝石饰品","据圣典记载，伊修加德的建国英雄龙骑士哈尔德拉斯佩戴过秘银耳饰。因而此耳饰在伊修加德十分流行。请为我们提供一定数量的秘银耳环。","酒保商人 维温娜",6,"雕金匠","格里达尼亚",35,0,1,0,"阿德内尔占星台","阿德内尔占星台","未知钓场",0,False,"雕金匠","雕金匠理符任务",0,"库尔札斯中央高地","ui/icon/080000/080012.tex","批发委托：伊修加德的宝石饰品",True,0,1,30230,184,"LeveRewardItem#260","ui/icon/080000/080041.tex","ui/icon/080000/080005.tex","Level#3643002","ui/icon/110000/110062.tex",True,,"music/ffxiv/BGM_Leves.scd"
489,"筹集委托：红珊瑚戒指","狄兰达尔家向我们订了很特别的宝石饰品。因为要送给伊修加德正教高级圣职者做礼物，所以请用在库尔札斯难得一见的红珊瑚制作红珊瑚戒指。","酒保商人 兰凯尔",6,"雕金匠","乌尔达哈",40,0,1,0,"白云崖前哨","白云崖前哨","未知钓场",0,False,"雕金匠","雕金匠理符任务",0,"库尔札斯中央高地","ui/icon/080000/080013.tex","筹集委托：红珊瑚戒指",True,0,1,40730,498,"LeveRewardItem#78","ui/icon/080000/080034.tex","ui/icon/080000/080005.tex","Level#3643494","ui/icon/110000/110063.tex",True,,"music/ffxiv/BGM_Leves.scd"
490,"制作委托：当红剑斗士的耳夹","女剑斗士弗朗茨十分美丽，很受女性欢迎。她在比赛中佩戴的秘银耳夹也引起了不小的关注。不能放过此次商机，请对雕琢秘银有自信的雕金匠前来协助我们。","阿修加纳贸易公司经理 劳力士",6,"雕金匠","乌尔达哈",40,0,1,0,"乌尔达哈","乌尔达哈","未知钓场",0,False,"雕金匠","雕金匠理符任务",0,"乌尔达哈","ui/icon/080000/080013.tex","制作委托：当红剑斗士的耳夹",True,0,1,79510,509,"LeveRewardItem#78","ui/icon/080000/080033.tex","ui/icon/080000/080005.tex","Level#4067692","ui/icon/110000/110038.tex",True,,"music/ffxiv/BGM_Leves.scd"
491,"批发委托：红珊瑚手镯","格格鲁玖商会用威尔布兰德岛上的红珊瑚制作宝石饰品，结果销量十分可观。我们不能就这样将商机拱手相让，马上去用红珊瑚制作大量的手镯。","阿修加纳贸易公司经理 劳力士",6,"雕金匠","乌尔达哈",40,0,1,0,"乌尔达哈","乌尔达哈","未知钓场",0,False,"雕金匠","雕金匠理符任务",0,"乌尔达哈","ui/icon/080000/080013.tex","批发委托：红珊瑚手镯",True,0,1,20000,259,"LeveRewardItem#261","ui/icon/080000/080041.tex","ui/icon/080000/080005.tex","Level#4067692","ui/icon/110000/110038.tex",True,,"music/ffxiv/BGM_Leves.scd"
492,"制作委托：绿金护喉甲","不管是多么勇猛的骑兵，喉咙也是他的弱点。我听说有不少人都被龙族眷属咬断喉咙断了气。请为我们提供结实的护喉甲，以便卖给骑兵们。","酒保商人 兰凯尔",6,"雕金匠","格里达尼亚",40,0,1,0,"白云崖前哨","白云崖前哨","未知钓场",0,False,"雕金匠","雕金匠理符任务",0,"库尔札斯中央高地","ui/icon/080000/080012.tex","制作委托：绿金护喉甲",True,0,1,79510,631,"LeveRewardItem#79","ui/icon/080000/080033.tex","ui/icon/080000/080005.tex","Level#3643494","ui/icon/110000/110063.tex",True,,"music/ffxiv/BGM_Leves.scd"
493,"制作委托：面向骑兵团的魔器","为对抗小型飞龙，狄兰达尔家的骑兵团计划增加魔法导师的数量。因此他们向我们订了魔器，请提供兽角长杖。","酒保商人 兰凯尔",6,"雕金匠","格里达尼亚",40,0,1,0,"白云崖前哨","白云崖前哨","未知钓场",0,False,"雕金匠","雕金匠理符任务",0,"库尔札斯中央高地","ui/icon/080000/080012.tex","制作委托：面向骑兵团的魔器",True,0,1,67510,390,"LeveRewardItem#79","ui/icon/080000/080033.tex","ui/icon/080000/080005.tex","Level#3643494","ui/icon/110000/110063.tex",True,,"music/ffxiv/BGM_Leves.scd"
494,"批发委托：橄榄石耳饰","橄榄石代表着信仰，是伊修加德正教信徒们最喜欢的一种宝石。特别是坠有大块橄榄石的耳饰，十分受欢迎。请为我们提供一定数量的橄榄石耳坠。","酒保商人 兰凯尔",6,"雕金匠","格里达尼亚",40,0,1,0,"白云崖前哨","白云崖前哨","未知钓场",0,False,"雕金匠","雕金匠理符任务",0,"库尔札斯中央高地","ui/icon/080000/080012.tex","批发委托：橄榄石耳饰",True,0,1,47700,327,"LeveRewardItem#262","ui/icon/080000/080041.tex","ui/icon/080000/080005.tex","Level#3643494","ui/icon/110000/110063.tex",True,,"music/ffxiv/BGM_Leves.scd"
495,"筹集委托：希望的首饰","我的友人是名考古学家，她因解不开谜题而绝望了。我想送她代表希望的碧玺，为她打气。请为我制作闪闪发光的碧玺项环。","圣寇伊纳克财团 莎伊艾勒",6,"雕金匠","乌尔达哈",45,0,1,0,"圣寇伊纳克调查地","圣寇伊纳克调查地","未知钓场",0,False,"雕金匠","雕金匠理符任务",0,"摩杜纳","ui/icon/080000/080013.tex","筹集委托：希望的首饰",True,0,1,106480,752,"LeveRewardItem#80","ui/icon/080000/080034.tex","ui/icon/080000/080005.tex","Level#4258823","ui/icon/110000/110064.tex",True,,"music/ffxiv/BGM_Leves.scd"
496,"制作委托：出口用的头冠","我听说，琥珀在被森林环抱的格里达尼亚十分流行。只要在绿金头冠上镶嵌琥珀，它就会变得价值不菲。请有能力的雕金匠助我们一臂之力。","阿修加纳贸易公司经理 劳力士",6,"雕金匠","乌尔达哈",45,0,1,0,"乌尔达哈","乌尔达哈","未知钓场",0,False,"雕金匠","雕金匠理符任务",0,"乌尔达哈","ui/icon/080000/080013.tex","制作委托：出口用的头冠",True,0,1,137400,820,"LeveRewardItem#80","ui/icon/080000/080033.tex","ui/icon/080000/080005.tex","Level#4067692","ui/icon/110000/110038.tex",True,,"music/ffxiv/BGM_Leves.scd"
497,"批发委托：红珊瑚首饰","由威尔布兰德岛的格格鲁玖商会引领起的红珊瑚热已经渗透到了乌尔达哈的社交界。抓住现在的大好机会，请能制作大量红珊瑚首饰的雕金匠助我们一臂之力。","阿修加纳贸易公司经理 劳力士",6,"雕金匠","乌尔达哈",45,0,1,0,"乌尔达哈","乌尔达哈","未知钓场",0,False,"雕金匠","雕金匠理符任务",0,"乌尔达哈","ui/icon/080000/080013.tex","批发委托：红珊瑚首饰",True,0,1,45340,277,"LeveRewardItem#263","ui/icon/080000/080041.tex","ui/icon/080000/080005.tex","Level#4067692","ui/icon/110000/110038.tex",True,,"music/ffxiv/BGM_Leves.scd"
498,"制作委托：面向调查员的缝衣针","在人烟稀少的营地，调查员只能凭借着紧缺的物资进行挖掘调查。从修破掉的顶棚，到缝自己的衣服，这些都需要调查员自己动手。请为我们提供便于使用的缝衣针。","圣寇伊纳克财团 莎伊艾勒",6,"雕金匠","乌尔达哈",45,0,1,0,"圣寇伊纳克调查地","圣寇伊纳克调查地","未知钓场",0,False,"雕金匠","雕金匠理符任务",0,"摩杜纳","ui/icon/080000/080013.tex","制作委托：面向调查员的缝衣针",True,0,1,75570,583,"LeveRewardItem#81","ui/icon/080000/080033.tex","ui/icon/080000/080005.tex","Level#4258823","ui/icon/110000/110064.tex",True,,"music/ffxiv/BGM_Leves.scd"
499,"制作委托：送给股东的礼物","我们想送给一直以来支持圣寇伊纳克财团、为圣寇伊纳克财团提供资金的股东一些礼物。用古董琥珀制作戒指送给他们如何？请为我们制作。","圣寇伊纳克财团 莎伊艾勒",6,"雕金匠","乌尔达哈",45,0,1,0,"圣寇伊纳克调查地","圣寇伊纳克调查地","未知钓场",0,False,"雕金匠","雕金匠理符任务",0,"摩杜纳","ui/icon/080000/080013.tex","制作委托：送给股东的礼物",True,0,1,75570,575,"LeveRewardItem#81","ui/icon/080000/080033.tex","ui/icon/080000/080005.tex","Level#4258823","ui/icon/110000/110064.tex",True,,"music/ffxiv/BGM_Leves.scd"
500,"批发委托：团结的证明","在我们圣寇伊纳克财团工作的人，出身、民族、部族都各不相同。为增进大家的友谊，我们想让大家佩戴上相同的饰品。请为我制作一定数量的项环。","圣寇伊纳克财团 莎伊艾勒",6,"雕金匠","乌尔达哈",45,0,1,0,"圣寇伊纳克调查地","圣寇伊纳克调查地","未知钓场",0,False,"雕金匠","雕金匠理符任务",0,"摩杜纳","ui/icon/080000/080013.tex","批发委托：团结的证明",True,0,1,63890,360,"LeveRewardItem#264","ui/icon/080000/080041.tex","ui/icon/080000/080005.tex","Level#4258823","ui/icon/110000/110064.tex",True,,"music/ffxiv/BGM_Leves.scd"
501,"讨伐任务：确保渔场的安全","我们行会有位成员在东北的瀑布潭钓鱼时突然被凶猛的魔物袭击了。为了确保渔场的安全，希望有冒险者能来协助将魔物消灭。","狩猎人行会 厄让奈尔",1,"佣兵作业","格里达尼亚",1,20,1,0,"黑衣森林中央林区","烤饼练兵所","未知钓场",0,False,"战斗精英 魔法导师","佣兵理符任务",0,"黑衣森林中央林区","ui/icon/080000/080012.tex","BattleLeve#65602",True,4,0.8,0,0,"LeveRewardItem#1","ui/icon/080000/080021.tex","ui/icon/080000/080005.tex","Level#2648030","ui/icon/110000/110008.tex",True,"Level#3251851","music/ffxiv/BGM_Leves.scd"
502,"获得任务：训练用的毒孢子囊","为了向新兵进行解毒训练，我们需要一批毒药的样本。请到野外去收集10个魔菇身上的毒孢子囊交给我们，为了表达谢意我们会付出一定的报酬。","神勇队人马师团 加尔弗里德教官",1,"佣兵作业","格里达尼亚",1,20,1,0,"黑衣森林中央林区","烤饼练兵所","未知钓场",0,False,"战斗精英 魔法导师","佣兵理符任务",0,"黑衣森林中央林区","ui/icon/080000/080012.tex","BattleLeve#65603",True,4,0.8,0,0,"LeveRewardItem#1","ui/icon/080000/080025.tex","ui/icon/080000/080005.tex","Level#2648030","ui/icon/110000/110008.tex",True,"Level#3251852","music/ffxiv/BGM_Leves.scd"
503,"追击任务：驱赶择伐区的害虫","一场严重的虫灾令翠泪地区损失了三分之一的树木。而这里是格里达尼亚最重要的木材产地，虽然现在植树已经重新开始，但是为了避免今后再发生类似情况，我们需要将害虫彻底清除。希望有热心的冒险者能够协助我们赶在产卵期前将害虫全都清除掉。","园艺工行会 加比诺老爹",1,"佣兵作业","格里达尼亚",1,20,1,0,"黑衣森林中央林区","烤饼练兵所","未知钓场",0,False,"战斗精英 魔法导师","佣兵理符任务",0,"黑衣森林中央林区","ui/icon/080000/080012.tex","BattleLeve#65604",True,4,0.8,0,0,"LeveRewardItem#1","ui/icon/080000/080022.tex","ui/icon/080000/080005.tex","Level#2648030","ui/icon/110000/110008.tex",True,"Level#3251854","music/ffxiv/BGM_Leves.scd"
504,"巡逻任务：害虫的定期处理","狩猎场对狩猎人行会来说可是十分重要的，不过经常有携带大量病菌病毒的百虫纲魔物在那里出没，这令人很是发愁。为了保护场地内各种兽类的生息环境，我们预计定期去处理狩猎场内的害虫。希望有热心的冒险者能够前来协助。","狩猎人行会 厄让奈尔",1,"佣兵作业","格里达尼亚",1,20,1,0,"黑衣森林中央林区","烤饼练兵所","未知钓场",0,False,"战斗精英 魔法导师","佣兵理符任务",0,"黑衣森林中央林区","ui/icon/080000/080012.tex","BattleLeve#65609",True,4,0.8,0,0,"LeveRewardItem#1","ui/icon/080000/080026.tex","ui/icon/080000/080005.tex","Level#2648030","ui/icon/110000/110008.tex",True,"Level#3251851","music/ffxiv/BGM_Leves.scd"
505,"怀柔任务：捕捉训练用松鼠","为了锻炼新兵们的腰腿能力，提高他们的敏捷性，鬼哭队正在计划举行传统的“追踪松鼠训练”。因此需要一批用作新兵追逐目标的破果松鼠。希望有热心的冒险者能协助捉捕一些松鼠，请注意一定要活捉，不要下手太狠了。","神勇队人马师团 加尔弗里德教官",1,"佣兵作业","格里达尼亚",1,20,1,0,"黑衣森林中央林区","烤饼练兵所","未知钓场",0,False,"战斗精英 魔法导师","佣兵理符任务",0,"黑衣森林中央林区","ui/icon/080000/080012.tex","BattleLeve#65610",True,4,0.8,0,0,"LeveRewardItem#1","ui/icon/080000/080038.tex","ui/icon/080000/080005.tex","Level#2648030","ui/icon/110000/110008.tex",True,"Level#3251852","music/ffxiv/BGM_Leves.scd"
506,"搜索任务：模拟战用的长枪","前一段时间我们鬼哭队举行了一场大规模的模拟战，有几名新兵不小心丢失了他们的武器。虽然当时我们就立刻展开了搜索行动，但是没能找回全部。如果有人在模拟战地区发现了鬼哭队的长枪，请立刻联系我们，我们会支付一定的报酬。","神勇队人马师团 加尔弗里德教官",1,"佣兵作业","格里达尼亚",1,20,1,0,"黑衣森林中央林区","烤饼练兵所","未知钓场",0,False,"战斗精英 魔法导师","佣兵理符任务",0,"黑衣森林中央林区","ui/icon/080000/080012.tex","BattleLeve#65611",True,4,0.8,0,0,"LeveRewardItem#1","ui/icon/080000/080055.tex","ui/icon/080000/080005.tex","Level#2648030","ui/icon/110000/110008.tex",True,"Level#3251854","music/ffxiv/BGM_Leves.scd"
507,"讨伐任务：清除携带病原的花甲虫","花甲虫是一种能够吃掉农场内害虫的益虫，所以务农的人都很欢迎它们到自己的地里生活。但是最近却出现了一种新的疾病在花甲虫之间互相传染。不加以控制的话这片地区所有的花甲虫都会染上疾病死掉，所以请尽快来协助我们将已经染病的花甲虫清除掉吧。","赤血雄鸡农场主 阿纳奥克",1,"佣兵作业","利姆萨·罗敏萨",1,20,1,0,"拉诺西亚低地","赤血雄鸡农场","未知钓场",0,False,"战斗精英 魔法导师","佣兵理符任务",0,"拉诺西亚低地","ui/icon/080000/080011.tex","BattleLeve#65702",True,4,0.8,0,0,"LeveRewardItem#1","ui/icon/080000/080021.tex","ui/icon/080000/080005.tex","Level#3998968","ui/icon/110000/110028.tex",True,"Level#4167141","music/ffxiv/BGM_Leves.scd"
508,"獲得任務：オーレリアのバラスト袋","強い海風で吹き上げられた浮クラゲ「オーレリア」が漂着してきている。このままでは彼らが排出する海水で、畑の土壌が汚染され塩害が発生してしまうだろう。奴らを狩り「オーレリアのバラスト袋」を回収してほしい。","赤血雄鸡农场本草学者 亚雷恩隆纳",1,"佣兵作业","利姆萨·罗敏萨",1,20,1,0,"拉诺西亚低地","赤血雄鸡农场","未知钓场",0,False,"战斗精英 魔法导师","佣兵理符任务",0,"拉诺西亚低地","ui/icon/080000/080011.tex","BattleLeve#65703",True,4,0.8,0,0,"LeveRewardItem#1","ui/icon/080000/080025.tex","ui/icon/080000/080005.tex","Level#3998968","ui/icon/110000/110028.tex",True,"Level#4167140","music/ffxiv/BGM_Leves.scd"
509,"追击任务：果树园的天敌","说到果园的天敌那莫过于那些到处啃食的老鼠了。我们辛辛苦苦培养出的嫁接作物就在结果的时候被它们吃掉了很多。而且还特别灵活，跑得也很快，只靠我们完全束手无策。希望能够有实力强劲的冒险者来帮我们将这些该死的老鼠赶走。","赤血雄鸡农场主 阿纳奥克",1,"佣兵作业","利姆萨·罗敏萨",1,20,1,0,"拉诺西亚低地","赤血雄鸡农场","未知钓场",0,False,"战斗精英 魔法导师","佣兵理符任务",0,"拉诺西亚低地","ui/icon/080000/080011.tex","BattleLeve#65704",True,4,0.8,0,0,"LeveRewardItem#1","ui/icon/080000/080022.tex","ui/icon/080000/080005.tex","Level#3998968","ui/icon/110000/110028.tex",True,"Level#4167140","music/ffxiv/BGM_Leves.scd"
510,"巡逻任务：巡视拉诺西亚低地的道路","我等第二陆战队主要负责维持中拉诺西亚以及拉诺西亚低地的治安工作，其中自然也包括维持道路上的安全。不过自从灵灾之后，各地都很不安宁，我们处于人手严重不足的状态，仅凭现在的人数无法顾及到所有地区的管理。所以希望有冒险者愿意义务协助我们在一部分地区巡逻，当然，我们会支付相应的报酬。","黄衫队第二陆战队陆兵 安克蕾塔",1,"佣兵作业","利姆萨·罗敏萨",1,20,1,0,"拉诺西亚低地","赤血雄鸡农场","未知钓场",0,False,"战斗精英 魔法导师","佣兵理符任务",0,"拉诺西亚低地","ui/icon/080000/080011.tex","BattleLeve#65705",True,4,0.8,0,0,"LeveRewardItem#1","ui/icon/080000/080026.tex","ui/icon/080000/080005.tex","Level#3998968","ui/icon/110000/110028.tex",True,"Level#4167143","music/ffxiv/BGM_Leves.scd"
511,"怀柔任务：领回兴奋状态的绵羊","我们饲养的绵羊群经常要带到外面去放牧，不过之前的一条牧羊犬被陆蟹袭击受伤了，而新的牧羊犬还太嫩，总是会出一些小错误。结果就经常会有些绵羊在放牧的时间过于兴奋脱离了羊群。如果有热心人能够帮我们将这些离群的羊带回来的话，我们会提供丰厚的报酬。不过要小心，即使是绵羊，在过于兴奋的状态下也很难对付，最好先消耗掉它们的一定体力再试着驯服。","赤血雄鸡农场驯兽人 穆格拉姆",1,"佣兵作业","利姆萨·罗敏萨",1,20,1,0,"拉诺西亚低地","赤血雄鸡农场","未知钓场",0,False,"战斗精英 魔法导师","佣兵理符任务",0,"拉诺西亚低地","ui/icon/080000/080011.tex","BattleLeve#65706",True,4,0.8,0,0,"LeveRewardItem#1","ui/icon/080000/080038.tex","ui/icon/080000/080005.tex","Level#3998968","ui/icon/110000/110028.tex",True,"Level#4167142","music/ffxiv/BGM_Leves.scd"
512,"搜索任务：狩猎益虫的天敌","赤血雄鸡农场一直很欢迎花甲虫，这些益虫能够帮助我们清除掉对作物有威胁的害虫。不过这一片的跳蜥好像觉得这些花甲虫很美味，几乎每天都要捕捉一些到它们的巢穴去。我们希望能够有人来处理这些跳蜥，以保护农场所需要的花甲虫。另外，如果在巢穴里发现了染病的花甲虫，请一并消灭掉，这种传染病对健康的花甲虫来说很危险。","赤血雄鸡农场主 阿纳奥克",1,"佣兵作业","利姆萨·罗敏萨",1,20,1,0,"拉诺西亚低地","赤血雄鸡农场","未知钓场",0,False,"战斗精英 魔法导师","佣兵理符任务",0,"拉诺西亚低地","ui/icon/080000/080011.tex","BattleLeve#65707",True,4,0.8,0,0,"LeveRewardItem#1","ui/icon/080000/080055.tex","ui/icon/080000/080005.tex","Level#3998968","ui/icon/110000/110028.tex",True,"Level#4167143","music/ffxiv/BGM_Leves.scd"
513,"讨伐任务：驱赶抢夺谷物的魔物","毒蝎交易所每天都要经手大量的货物，其中自然少不了重要的小麦和玉米。不过这些谷物交易量很大，经常会引来觅食的魔物，让运输队非常头疼。希望能有身手矫健的冒险者协助我们将交易所附近的魔物赶走，我们会支付相应的报酬。","商队互助会 古恩特拉姆",1,"佣兵作业","乌尔达哈",1,20,1,0,"西萨纳兰","毒蝎交易所","未知钓场",0,False,"战斗精英 魔法导师","佣兵理符任务",0,"西萨纳兰","ui/icon/080000/080013.tex","BattleLeve#65690",True,4,0.8,0,0,"LeveRewardItem#1","ui/icon/080000/080021.tex","ui/icon/080000/080005.tex","Level#3958072","ui/icon/110000/110022.tex",True,"Level#3956699","music/ffxiv/BGM_Leves.scd"
514,"獲得任務：装飾用の羽","ウルダハ社交界で、羽飾り付きの婦人帽に流行の兆しがあるそうだ。正直、良い趣味とは思えないが、売れるというなら何でも売るのが商人さ。そんな訳でバザードを狩って「色鮮やかな羽」を集めてくれよ。","商队互助会 古恩特拉姆",1,"佣兵作业","乌尔达哈",1,20,1,0,"西萨纳兰","毒蝎交易所","未知钓场",0,False,"战斗精英 魔法导师","佣兵理符任务",0,"西萨纳兰","ui/icon/080000/080013.tex","BattleLeve#65691",True,4,0.8,0,0,"LeveRewardItem#1","ui/icon/080000/080025.tex","ui/icon/080000/080005.tex","Level#3958072","ui/icon/110000/110022.tex",True,"Level#3956697","music/ffxiv/BGM_Leves.scd"
515,"追击任务：破坏道路的鼩鼱","运输货物的陆行鸟被鼹鼠开的坑绊倒，受了重伤。在道路变得坑坑洼洼之前，请帮我们消灭附近的鼹鼠，即使它们逃跑，也要追上去将其打倒。","商队互助会 古恩特拉姆",1,"佣兵作业","乌尔达哈",1,20,1,0,"西萨纳兰","毒蝎交易所","未知钓场",0,False,"战斗精英 魔法导师","佣兵理符任务",0,"西萨纳兰","ui/icon/080000/080013.tex","BattleLeve#65692",True,4,0.8,0,0,"LeveRewardItem#1","ui/icon/080000/080022.tex","ui/icon/080000/080005.tex","Level#3958072","ui/icon/110000/110022.tex",True,"Level#3977283","music/ffxiv/BGM_Leves.scd"
516,"巡逻任务：消灭乌尔达哈近郊的魔物","娜娜莫女王陛下近期要视察贸易路线。为了避免陛下一行人被魔物袭击，所以要事先驱除魔物。请去指定地点巡逻，发现魔物后便将其消灭。","银胄团近卫骑士 奥贝勒特",1,"佣兵作业","乌尔达哈",1,20,1,0,"西萨纳兰","毒蝎交易所","未知钓场",0,False,"战斗精英 魔法导师","佣兵理符任务",0,"西萨纳兰","ui/icon/080000/080013.tex","BattleLeve#65693",True,4,0.8,0,0,"LeveRewardItem#1","ui/icon/080000/080026.tex","ui/icon/080000/080005.tex","Level#3958072","ui/icon/110000/110022.tex",True,"Level#3956699","music/ffxiv/BGM_Leves.scd"
517,"怀柔任务：作为新商品的栗鼠","最近从旅行商人朋友那里听说，贸易地的外国人好像对栗鼠很感兴趣。我打算下次做买卖时，将栗鼠作为玩赏动物卖给那些人。为了顺利将其捕获，先让那些栗鼠老实点吧。","商队互助会 古恩特拉姆",1,"佣兵作业","乌尔达哈",1,20,1,0,"西萨纳兰","毒蝎交易所","未知钓场",0,False,"战斗精英 魔法导师","佣兵理符任务",0,"西萨纳兰","ui/icon/080000/080013.tex","BattleLeve#65694",True,4,0.8,0,0,"LeveRewardItem#1","ui/icon/080000/080038.tex","ui/icon/080000/080005.tex","Level#3958072","ui/icon/110000/110022.tex",True,"Level#3956697","music/ffxiv/BGM_Leves.scd"
518,"搜索任务：散乱的货物","受到魔物惊吓后，运货的陆行鸟开始暴走，害我装好的商品都掉落了。麻烦你帮我收集“掉落的货物”吧。不过，这地区魔物比较多，你要多加注意。","商队互助会 古恩特拉姆",1,"佣兵作业","乌尔达哈",1,20,1,0,"西萨纳兰","毒蝎交易所","未知钓场",0,False,"战斗精英 魔法导师","佣兵理符任务",0,"西萨纳兰","ui/icon/080000/080013.tex","BattleLeve#65695",True,4,0.8,0,0,"LeveRewardItem#1","ui/icon/080000/080055.tex","ui/icon/080000/080005.tex","Level#3958072","ui/icon/110000/110022.tex",True,"Level#3977283","music/ffxiv/BGM_Leves.scd"
519,"讨伐任务：驱赶植树区的魔物","虽然园艺工们为了复兴森林在各地进行植树活动，不过有些地区的魔物却突然开始到处进行破坏，并且吃掉了大量的果实、嫩芽以及树根。请将这些魔物都驱赶走吧！","园艺工行会 莱昂索",1,"佣兵作业","格里达尼亚",5,20,1,0,"黑衣森林中央林区","烤饼练兵所","未知钓场",0,False,"战斗精英 魔法导师","佣兵理符任务",0,"黑衣森林中央林区","ui/icon/080000/080012.tex","BattleLeve#65605",True,4,0.8,0,0,"LeveRewardItem#162","ui/icon/080000/080021.tex","ui/icon/080000/080005.tex","Level#2648030","ui/icon/110000/110009.tex",True,"Level#3251855","music/ffxiv/BGM_Leves.scd"
520,"获得任务：训练用的结实卷须","为了向新兵进行阵地构筑训练，我们需要一批结实的卷须。请到野外去收集8个小口花身上的卷须交给我们，为了表达谢意我们会付出一定的报酬。","神勇队人马师团 加尔弗里德教官",1,"佣兵作业","格里达尼亚",5,20,1,0,"黑衣森林中央林区","烤饼练兵所","未知钓场",0,False,"战斗精英 魔法导师","佣兵理符任务",0,"黑衣森林中央林区","ui/icon/080000/080012.tex","BattleLeve#65606",True,4,0.8,0,0,"LeveRewardItem#162","ui/icon/080000/080025.tex","ui/icon/080000/080005.tex","Level#2648030","ui/icon/110000/110009.tex",True,"Level#3251855","music/ffxiv/BGM_Leves.scd"
521,"追击任务：水质污染的原因","最近我们接到了元灵的警告，中央林区的东叶脉的水质正在被污染。这很可能是某些魔物的活动所导致，希望有人能查明真相，并将导致这种情况的魔物解决掉。","硕老树冥想窟法师 阿丽克希",1,"佣兵作业","格里达尼亚",5,20,1,0,"黑衣森林中央林区","烤饼练兵所","未知钓场",0,False,"战斗精英 魔法导师","佣兵理符任务",0,"黑衣森林中央林区","ui/icon/080000/080012.tex","BattleLeve#65607",True,4,0.8,0,0,"LeveRewardItem#162","ui/icon/080000/080022.tex","ui/icon/080000/080005.tex","Level#2648030","ui/icon/110000/110009.tex",True,"Level#3251858","music/ffxiv/BGM_Leves.scd"
522,"巡逻任务：维持森林的和谐","在冥想的时候我听到了伟大的元灵的低语。现在森林中的虫类繁殖得越来越多，恐怕以虫类为食的陷阱草也会随之增多。陷阱草一旦增加对其他的生物也会造成不良影响。为了消除源头，我们需要到指定的地点巡逻，并将打破森林和谐的虫类消灭。","硕老树冥想窟法师 阿丽克希",1,"佣兵作业","格里达尼亚",5,20,1,0,"黑衣森林中央林区","烤饼练兵所","未知钓场",0,False,"战斗精英 魔法导师","佣兵理符任务",0,"黑衣森林中央林区","ui/icon/080000/080012.tex","BattleLeve#65612",True,4,0.8,0,0,"LeveRewardItem#162","ui/icon/080000/080026.tex","ui/icon/080000/080005.tex","Level#2648030","ui/icon/110000/110009.tex",True,"Level#3251855","music/ffxiv/BGM_Leves.scd"
523,"怀柔任务：训练变色龙计划","有传闻说哥布林族可以将变色龙作为家畜驱使。如果这个传闻属实，那么变色龙也可能会成为我们神勇队的战力之一。因此我们希望有热心的冒险者能够试着驯化几只变色龙以验证可行性。","神勇队人马师团 莫雷兰",1,"佣兵作业","格里达尼亚",5,20,1,0,"黑衣森林中央林区","烤饼练兵所","未知钓场",0,False,"战斗精英 魔法导师","佣兵理符任务",0,"黑衣森林中央林区","ui/icon/080000/080012.tex","BattleLeve#65613",True,4,0.8,0,0,"LeveRewardItem#162","ui/icon/080000/080038.tex","ui/icon/080000/080005.tex","Level#2648030","ui/icon/110000/110009.tex",True,"Level#3251855","music/ffxiv/BGM_Leves.scd"
524,"搜索任务：回收堆肥袋","园艺工行会经常在中央林区举办植树活动。但是上次活动之后，他们把一部分“堆肥袋”忘在现场了。场地附近魔物很多，只靠园艺工行会自己恐怕难以安全回收。因此希望能有热心的冒险者能够前来协助，园艺工行会会准备相应的报酬。","园艺工行会 莱昂索",1,"佣兵作业","格里达尼亚",5,20,1,0,"黑衣森林中央林区","烤饼练兵所","未知钓场",0,False,"战斗精英 魔法导师","佣兵理符任务",0,"黑衣森林中央林区","ui/icon/080000/080012.tex","BattleLeve#65614",True,4,0.8,0,0,"LeveRewardItem#162","ui/icon/080000/080055.tex","ui/icon/080000/080005.tex","Level#2648030","ui/icon/110000/110009.tex",True,"Level#3251855","music/ffxiv/BGM_Leves.scd"
525,"討伐任務：シープを狙う獣たち","風の強い晩のことだ。外が騒がしいなと思うて様子を見に行ったら、俺のシープたちが野獣や猛禽どもに襲われていてな。生まれたばかりの子羊が犠牲に……二度とこんなことが起こらんように、獣どもを退治してくれ。","赤血雄鸡农场驯兽人 穆格拉姆",1,"佣兵作业","利姆萨·罗敏萨",5,20,1,0,"拉诺西亚低地","赤血雄鸡农场","未知钓场",0,False,"战斗精英 魔法导师","佣兵理符任务",0,"拉诺西亚低地","ui/icon/080000/080011.tex","BattleLeve#65708",True,4,0.8,0,0,"LeveRewardItem#163","ui/icon/080000/080021.tex","ui/icon/080000/080005.tex","Level#3998968","ui/icon/110000/110029.tex",True,"Level#4167148","music/ffxiv/BGM_Leves.scd"
526,"获得任务：干燥用的风元精核心","刚收成的小麦必须要将其干燥后，才能用风车清除杂质。不然就会沾在风车的石臼上，制作不出松散的上等小麦粉了。请帮忙收集干燥用的“风元精核心”。","灰舰风车群风车长 维兹阿雷恩",1,"佣兵作业","利姆萨·罗敏萨",5,20,1,0,"拉诺西亚低地","赤血雄鸡农场","未知钓场",0,False,"战斗精英 魔法导师","佣兵理符任务",0,"拉诺西亚低地","ui/icon/080000/080011.tex","BattleLeve#65709",True,4,0.8,0,0,"LeveRewardItem#163","ui/icon/080000/080025.tex","ui/icon/080000/080005.tex","Level#3998968","ui/icon/110000/110029.tex",True,"Level#4167146","music/ffxiv/BGM_Leves.scd"
527,"追击任务：吸取养分的蔓德拉","第七灵灾后，不知何时，不可思议的魔物蔓德拉开始遍布各地。本以为是无害的魔物，但发现它似乎会吸取土壤中的养分。请讨伐蔓德拉，让其远离农场。","赤血雄鸡农场本草学者 亚雷恩隆纳",1,"佣兵作业","利姆萨·罗敏萨",5,20,1,0,"拉诺西亚低地","赤血雄鸡农场","未知钓场",0,False,"战斗精英 魔法导师","佣兵理符任务",0,"拉诺西亚低地","ui/icon/080000/080011.tex","BattleLeve#65710",True,4,0.8,0,0,"LeveRewardItem#163","ui/icon/080000/080022.tex","ui/icon/080000/080005.tex","Level#3998968","ui/icon/110000/110029.tex",True,"Level#4167145","music/ffxiv/BGM_Leves.scd"
528,"巡逻任务：破坏田地的野兽们","最近，田地农作物的茎经常被咬断，垄沟也因鼹鼠洞而遭到破坏。恐怕真凶就是栖息于附近的码头沟鼠和鼹鼠了吧。不能再让那些家伙破坏我们的田地了，希望能够有人将其讨伐。","赤血雄鸡农场本草学者 亚雷恩隆纳",1,"佣兵作业","利姆萨·罗敏萨",5,20,1,0,"拉诺西亚低地","赤血雄鸡农场","未知钓场",0,False,"战斗精英 魔法导师","佣兵理符任务",0,"拉诺西亚低地","ui/icon/080000/080011.tex","BattleLeve#65711",True,4,0.8,0,0,"LeveRewardItem#163","ui/icon/080000/080026.tex","ui/icon/080000/080005.tex","Level#3998968","ui/icon/110000/110029.tex",True,"Level#4167145","music/ffxiv/BGM_Leves.scd"
529,"怀柔任务：出口用的蔓德拉","最近，拉札罕的“蔓德拉的双叶”作为一种生药极具人气。我准备将其作为下次买卖的主要商品，所以现在需要捕捉活的蔓德拉。为了使其更容易捕获，需要先让它弱化。","远洋交易船“猎户号”船长 阿尔德斯奇夫",1,"佣兵作业","利姆萨·罗敏萨",5,20,1,0,"拉诺西亚低地","赤血雄鸡农场","未知钓场",0,False,"战斗精英 魔法导师","佣兵理符任务",0,"拉诺西亚低地","ui/icon/080000/080011.tex","BattleLeve#65712",True,4,0.8,0,0,"LeveRewardItem#163","ui/icon/080000/080038.tex","ui/icon/080000/080005.tex","Level#3998968","ui/icon/110000/110029.tex",True,"Level#4167146","music/ffxiv/BGM_Leves.scd"
530,"搜索任务：采摘酿造葡萄酒用的葡萄","酿造的葡萄酒需要大量的葡萄。但现在我们这里的人手不足以完成这么大的工作量。希望能够有人帮忙采摘葡萄。对了，采摘葡萄时有可能会出现蜜蜂，请一定要小心。","赤血雄鸡农场主 阿纳奥克",1,"佣兵作业","利姆萨·罗敏萨",5,20,1,0,"拉诺西亚低地","赤血雄鸡农场","未知钓场",0,False,"战斗精英 魔法导师","佣兵理符任务",0,"拉诺西亚低地","ui/icon/080000/080011.tex","BattleLeve#65713",True,4,0.8,0,0,"LeveRewardItem#163","ui/icon/080000/080055.tex","ui/icon/080000/080005.tex","Level#3998968","ui/icon/110000/110029.tex",True,"Level#4167148","music/ffxiv/BGM_Leves.scd"
531,"討伐任務：ウルダハ近郊の害虫駆除","第七霊災以後、ウルダハ近郊に多くの難民が押し寄せ、衛生状態が悪化している。このままでは伝染病が流行しかねないため、毒気を媒介する虫どもを駆除することになった。腕に覚えのある者は、力を貸してくれ。","铜刃团蔷薇联队 索利塔利·艾尔克",1,"佣兵作业","乌尔达哈",5,20,1,0,"西萨纳兰","毒蝎交易所","未知钓场",0,False,"战斗精英 魔法导师","佣兵理符任务",0,"西萨纳兰","ui/icon/080000/080013.tex","BattleLeve#65696",True,4,0.8,0,0,"LeveRewardItem#164","ui/icon/080000/080021.tex","ui/icon/080000/080005.tex","Level#3958072","ui/icon/110000/110023.tex",True,"Level#3956701","music/ffxiv/BGM_Leves.scd"
532,"获得任务：畅销的铁矿","复兴建设的铁矿交易额不断攀升。虽然我们也在向利姆萨·罗敏萨采购铁矿，不过下次货船到来还需要些时间。作为紧急措施，希望能够有人帮忙打倒含有丰富铁矿的“黄铁矿爬虫”，收集“黄铁矿碎片”。","商队互助会 古恩特拉姆",1,"佣兵作业","乌尔达哈",5,20,1,0,"西萨纳兰","毒蝎交易所","未知钓场",0,False,"战斗精英 魔法导师","佣兵理符任务",0,"西萨纳兰","ui/icon/080000/080013.tex","BattleLeve#65697",True,4,0.8,0,0,"LeveRewardItem#164","ui/icon/080000/080025.tex","ui/icon/080000/080005.tex","Level#3958072","ui/icon/110000/110023.tex",True,"Level#3956702","music/ffxiv/BGM_Leves.scd"
533,"追击任务：逃跑迅速的仙人刺","最近，仙人刺的数量有所增加。频繁发生商队和旅行者被它的针所射伤的事件。作为西萨纳兰的警卫，我们对此也倍感头疼。希望能够有人帮忙消灭那些逃跑迅速的家伙。","铜刃团蔷薇联队 索利塔利·艾尔克",1,"佣兵作业","乌尔达哈",5,20,1,0,"西萨纳兰","毒蝎交易所","未知钓场",0,False,"战斗精英 魔法导师","佣兵理符任务",0,"西萨纳兰","ui/icon/080000/080013.tex","BattleLeve#65698",True,4,0.8,0,0,"LeveRewardItem#164","ui/icon/080000/080022.tex","ui/icon/080000/080005.tex","Level#3958072","ui/icon/110000/110023.tex",True,"Level#3956704","music/ffxiv/BGM_Leves.scd"
534,"巡逻任务：消灭交易所附近的魔物","娜娜莫女王陛下近期要视察贸易路线。毒蝎交易所也是视察的地点。为了防止意外事件发生，需要驱除附近一带的魔物。希望能够有人前往指定地点巡逻，发现魔物后便将其消灭。","银胄团近卫骑士 奥贝勒特",1,"佣兵作业","乌尔达哈",5,20,1,0,"西萨纳兰","毒蝎交易所","未知钓场",0,False,"战斗精英 魔法导师","佣兵理符任务",0,"西萨纳兰","ui/icon/080000/080013.tex","BattleLeve#65699",True,4,0.8,0,0,"LeveRewardItem#164","ui/icon/080000/080026.tex","ui/icon/080000/080005.tex","Level#3958072","ui/icon/110000/110023.tex",True,"Level#3956701","music/ffxiv/BGM_Leves.scd"
535,"怀柔任务：采集毒液用的魔鸟","毒和药仅是一纸之隔。也就是说，想制造出划时代的新药，就必须研究猛烈的毒药。因此，请去活着的魔鸟身上获取研究用的毒药。记得要使用“特制镇定药”，使其镇定下来。","炼金术士行会 阿莱温",1,"佣兵作业","乌尔达哈",5,20,1,0,"西萨纳兰","毒蝎交易所","未知钓场",0,False,"战斗精英 魔法导师","佣兵理符任务",0,"西萨纳兰","ui/icon/080000/080013.tex","BattleLeve#65700",True,4,0.8,0,0,"LeveRewardItem#164","ui/icon/080000/080038.tex","ui/icon/080000/080005.tex","Level#3958072","ui/icon/110000/110023.tex",True,"Level#3956702","music/ffxiv/BGM_Leves.scd"
536,"搜索任务：骗来的东西","我们逮捕的男骗子说他骗了个宝石商人，并把赃物藏在了荒野里。希望有人能够帮忙一探真假，去寻找“骗来的贵金属”。当地周边魔物众多，可要小心了。","铜刃团凤仙花联队 蔻蔻碧",1,"佣兵作业","乌尔达哈",5,20,1,0,"西萨纳兰","毒蝎交易所","未知钓场",0,False,"战斗精英 魔法导师","佣兵理符任务",0,"西萨纳兰","ui/icon/080000/080013.tex","BattleLeve#65701",True,4,0.8,0,0,"LeveRewardItem#164","ui/icon/080000/080055.tex","ui/icon/080000/080005.tex","Level#3958072","ui/icon/110000/110023.tex",True,"Level#3956704","music/ffxiv/BGM_Leves.scd"
537,"讨伐任务：驱赶糟蹋田地的魔物","为了保护基萨尔野菜田，我们会定期展开魔物驱赶工作。这种野菜是陆行鸟的主要饲料，存量不足的话在冬天会很难照顾它们。希望有人能前往那些糟蹋田地的魔物的巢穴里，消灭掉指定数量的魔物。","莫古力礼峰牧童 玛尔戈",1,"佣兵作业","格里达尼亚",10,20,1,0,"黑衣森林中央林区","弯枝牧场","未知钓场",0,False,"战斗精英 魔法导师","佣兵理符任务",0,"黑衣森林中央林区","ui/icon/080000/080012.tex","BattleLeve#65563",True,4,0.8,0,0,"LeveRewardItem#165","ui/icon/080000/080021.tex","ui/icon/080000/080005.tex","Level#1672782","ui/icon/110000/110001.tex",True,"Level#3244753","music/ffxiv/BGM_Leves.scd"
538,"获得任务：消灭沙蚤","食腐沙蚤现在已经进入产卵期，为了避免它们过量繁殖，希望能有自愿者来帮助我们消灭附近的沙蚤，并带回6个“食腐沙蚤的卵囊”。","鬼哭队第三枪队 艾尔格",1,"佣兵作业","格里达尼亚",10,20,1,0,"黑衣森林中央林区","弯枝牧场","未知钓场",0,False,"战斗精英 魔法导师","佣兵理符任务",0,"黑衣森林中央林区","ui/icon/080000/080012.tex","BattleLeve#65564",True,4,0.8,0,0,"LeveRewardItem#165","ui/icon/080000/080025.tex","ui/icon/080000/080005.tex","Level#1672782","ui/icon/110000/110001.tex",True,"Level#3244753","music/ffxiv/BGM_Leves.scd"
539,"追击任务：驱赶牧场周围的魔物","快去把牧场周围的魔物都赶走吧！这些魔物带来了大量的寄生虫，导致我们的陆行鸟都生病了。请帮我们来保护陆行鸟吧。","莫古力礼峰牧童 居斯塔万",1,"佣兵作业","格里达尼亚",10,20,1,0,"黑衣森林中央林区","弯枝牧场","未知钓场",0,False,"战斗精英 魔法导师","佣兵理符任务",0,"黑衣森林中央林区","ui/icon/080000/080012.tex","BattleLeve#65568",True,4,0.8,0,0,"LeveRewardItem#165","ui/icon/080000/080022.tex","ui/icon/080000/080005.tex","Level#1672782","ui/icon/110000/110001.tex",True,"Level#3251848","music/ffxiv/BGM_Leves.scd"
540,"索敌任务：鬼火的真身","您听说了最近的一条传言吗？“在弯枝牧场附近有令人胆寒的鬼火……”不过最近牧场的陆行鸟幼雏好像一直都处于精神不好的状态，所以这条传言可能是真的，最大的可能就是一群小魔精在恶作剧。希望有自愿者能来帮助查明真相，如果真是小魔精在捣鬼，请立刻驱除它们。","莫古力礼峰牧童 居斯塔万",1,"佣兵作业","格里达尼亚",10,20,1,0,"黑衣森林中央林区","弯枝牧场","未知钓场",0,False,"战斗精英 魔法导师","佣兵理符任务",0,"黑衣森林中央林区","ui/icon/080000/080012.tex","BattleLeve#65615",True,4,0.8,0,0,"LeveRewardItem#165","ui/icon/080000/080028.tex","ui/icon/080000/080005.tex","Level#1672782","ui/icon/110000/110001.tex",True,"Level#3244752","music/ffxiv/BGM_Leves.scd"
541,"巡逻任务：净化死灵","根据弯枝牧场的牧童报告，牧场附近好像有死尸在徘徊。而且部分目击者由于受到了严重的惊吓，甚至已经无法工作了。请将这些徘徊在大地上的死尸们送回到地下世界去吧。","硕老树冥想窟法师 阿丽克希",1,"佣兵作业","格里达尼亚",10,20,1,0,"黑衣森林中央林区","弯枝牧场","未知钓场",0,False,"战斗精英 魔法导师","佣兵理符任务",0,"黑衣森林中央林区","ui/icon/080000/080012.tex","BattleLeve#65616",True,4,0.8,0,0,"LeveRewardItem#165","ui/icon/080000/080026.tex","ui/icon/080000/080005.tex","Level#1672782","ui/icon/110000/110001.tex",True,"Level#3244753","music/ffxiv/BGM_Leves.scd"
542,"怀柔任务：饲养用仔猪","野猪肉虽然是非常美味的食材，但是要狩猎凶猛的野猪可不是那么轻松的事。因此狩猎人行会在计划将仔猪捕获回来进行饲养。为了能够安全捕捉，请先让仔猪安稳下来吧。","狩猎人行会 厄让奈尔",1,"佣兵作业","格里达尼亚",10,20,1,0,"黑衣森林中央林区","弯枝牧场","未知钓场",0,False,"战斗精英 魔法导师","佣兵理符任务",0,"黑衣森林中央林区","ui/icon/080000/080012.tex","BattleLeve#65617",True,4,0.8,0,0,"LeveRewardItem#165","ui/icon/080000/080038.tex","ui/icon/080000/080005.tex","Level#1672782","ui/icon/110000/110001.tex",True,"Level#3251848","music/ffxiv/BGM_Leves.scd"
543,"怀柔任务：调查妖花的生态","灵灾之后，森林中的妖红花类植物数量越来越多，如果能够解开这个奥秘，也许对复兴森林会有巨大的推进作用。因此为了让园艺工们能够顺利展开调查，请先去安抚那些凶猛的妖红花吧。","园艺工行会 莱昂索",1,"佣兵作业","格里达尼亚",10,20,1,0,"黑衣森林中央林区","弯枝牧场","未知钓场",0,False,"战斗精英 魔法导师","佣兵理符任务",0,"黑衣森林中央林区","ui/icon/080000/080012.tex","BattleLeve#65618",True,4,0.8,0,0,"LeveRewardItem#165","ui/icon/080000/080038.tex","ui/icon/080000/080005.tex","Level#1672782","ui/icon/110000/110001.tex",True,"Level#3251849","music/ffxiv/BGM_Leves.scd"
544,"搜索任务：清除弯枝的蛛蝎卵","元灵向我们发出了警告，在弯枝地区过量繁殖的蛛蝎正在破坏森林的和谐。因此我们需要去减少蛛蝎的数量来维持森林的均衡。请迅速前往蛛蝎的巢穴清除它们所产的卵。","硕老树冥想窟法师 瓦尔迪尤",1,"佣兵作业","格里达尼亚",10,20,1,0,"黑衣森林中央林区","弯枝牧场","未知钓场",0,False,"战斗精英 魔法导师","佣兵理符任务",0,"黑衣森林中央林区","ui/icon/080000/080012.tex","BattleLeve#65619",True,4,0.8,0,0,"LeveRewardItem#165","ui/icon/080000/080055.tex","ui/icon/080000/080005.tex","Level#1672782","ui/icon/110000/110001.tex",True,"Level#3251850","music/ffxiv/BGM_Leves.scd"
545,"搜索任务：观察菌床","为了栽培一些食用菌，我们在森林中设置了若干菌床。希望能有人协助我们看一下现在菌床上食用菌的生长情况。不过菌床附近生息着很多魔物，前往的时候请务必小心。","园艺工行会 莱昂索",1,"佣兵作业","格里达尼亚",10,20,1,0,"黑衣森林中央林区","弯枝牧场","未知钓场",0,False,"战斗精英 魔法导师","佣兵理符任务",0,"黑衣森林中央林区","ui/icon/080000/080012.tex","BattleLeve#65620",True,4,0.8,0,0,"LeveRewardItem#165","ui/icon/080000/080055.tex","ui/icon/080000/080005.tex","Level#1672782","ui/icon/110000/110001.tex",True,"Level#3251848","music/ffxiv/BGM_Leves.scd"
546,"追击任务：驱赶离群的变色龙","最近有目击者说在牧场附近发现了一群变色龙，它们可能是为了追赶猎物才离开了原本的生息区域。请在陆行鸟遭殃前尽快将它们赶走吧。
 （打倒全部敌人就会完成任务。不过任务过程中会有敌人逃跑的情况，逃跑的敌人会招来增援的新敌人。所以尽快将敌人消灭吧。）","莫古力礼峰牧童 居斯塔万",1,"佣兵作业","格里达尼亚",10,20,1,0,"黑衣森林中央林区","弯枝牧场","未知钓场",0,False,"战斗精英 魔法导师","佣兵理符任务",0,"黑衣森林中央林区","ui/icon/080000/080012.tex","BattleLeve#65608",True,4,0.8,0,0,"LeveRewardItem#165","ui/icon/080000/080022.tex","ui/icon/080000/080004.tex","Level#1672782","ui/icon/110000/110001.tex",False,"Level#3244753","music/ffxiv/BGM_Leves.scd"
547,"讨伐任务：盯上腌肉的野兽","去利姆萨·罗敏萨购物后，在回来的路上被黑豺群狂追一路，真是不走运啊。可能是我手上的腌肉吸引了它们。为了以后走在路上不再担惊受怕，希望能够有人帮忙消灭那些危险的野兽。","雨燕塔殖民地 利尔夫",1,"佣兵作业","利姆萨·罗敏萨",10,20,1,0,"西拉诺西亚","雨燕塔殖民地","未知钓场",0,False,"战斗精英 魔法导师","佣兵理符任务",0,"西拉诺西亚","ui/icon/080000/080011.tex","BattleLeve#65590",True,4,0.8,0,0,"LeveRewardItem#166","ui/icon/080000/080021.tex","ui/icon/080000/080005.tex","Level#2540254","ui/icon/110000/110020.tex",True,"Level#4165477","music/ffxiv/BGM_Leves.scd"
548,"获得任务：雷元精核心","我虽然已经是个捕鱼人了，但好像没有垂钓的才能。因为都没钓上什么鱼过，所以我想把“雷元精核心”丢到海里，鱼应该会被电麻而浮上来。希望能够有人帮我收集雷元精核心。","瓦瓦拉哥网组 布鲁梅尔",1,"佣兵作业","利姆萨·罗敏萨",10,20,1,0,"西拉诺西亚","雨燕塔殖民地","未知钓场",0,False,"战斗精英 魔法导师","佣兵理符任务",0,"西拉诺西亚","ui/icon/080000/080011.tex","BattleLeve#65591",True,4,0.8,0,0,"LeveRewardItem#166","ui/icon/080000/080025.tex","ui/icon/080000/080005.tex","Level#2540254","ui/icon/110000/110020.tex",True,"Level#4165468","music/ffxiv/BGM_Leves.scd"
549,"追击任务：凶猛的黑豺","因为袭击事件频发，从殖民地的民众那里收到讨伐黑豺的请求。但我们部队的人手不足，殖民地的警卫工作已经让我们忙得不可开交了。希望能够有人去目击黑豺的地点，将其讨伐。","黄衫队第三陆战队陆兵 弗雷洛夫",1,"佣兵作业","利姆萨·罗敏萨",10,20,1,0,"西拉诺西亚","雨燕塔殖民地","未知钓场",0,False,"战斗精英 魔法导师","佣兵理符任务",0,"西拉诺西亚","ui/icon/080000/080011.tex","BattleLeve#65592",True,4,0.8,0,0,"LeveRewardItem#166","ui/icon/080000/080022.tex","ui/icon/080000/080005.tex","Level#2540254","ui/icon/110000/110020.tex",True,"Level#4165475","music/ffxiv/BGM_Leves.scd"
550,"索敌任务：惩罚愉快犯","听说有利用变身能力，变成雷元精电击路人取乐的小魔精。向其投掷能使皮肤发炎的“妖红花的花粉块”的话，就能使其现出原形。希望能够有人去惩罚那些捣蛋的家伙。","黄衫队第三陆战队陆兵 弗雷洛夫",1,"佣兵作业","利姆萨·罗敏萨",10,20,1,0,"西拉诺西亚","雨燕塔殖民地","未知钓场",0,False,"战斗精英 魔法导师","佣兵理符任务",0,"西拉诺西亚","ui/icon/080000/080011.tex","BattleLeve#65593",True,4,0.8,0,0,"LeveRewardItem#166","ui/icon/080000/080028.tex","ui/icon/080000/080005.tex","Level#2540254","ui/icon/110000/110020.tex",True,"Level#4165468","music/ffxiv/BGM_Leves.scd"
551,"巡逻任务：巡察德内维尔西路","贯通拉诺西亚东西的德内维尔西路，是连通最前线的南北防波堤的重要物资补给通道。为了确保这条道路的安全，需要定期讨伐魔物。希望能够有人前往指定地点巡察，消灭魔物。","黄衫队第三陆战队陆兵 弗雷洛夫",1,"佣兵作业","利姆萨·罗敏萨",10,20,1,0,"西拉诺西亚","雨燕塔殖民地","未知钓场",0,False,"战斗精英 魔法导师","佣兵理符任务",0,"西拉诺西亚","ui/icon/080000/080011.tex","BattleLeve#65594",True,4,0.8,0,0,"LeveRewardItem#166","ui/icon/080000/080026.tex","ui/icon/080000/080005.tex","Level#2540254","ui/icon/110000/110020.tex",True,"Level#4165475","music/ffxiv/BGM_Leves.scd"
552,"懐柔任務：入植地の番犬候補","入植地がジャッカルの脅威にさらされています。でも、あの獰猛な獣を番犬にできれば、かなり心強いのではないでしょうか。まだ幼い「ジャッカル・パッブ」を探して、捕まえやすいように大人しくさせてください。","雨燕塔殖民地 利尔夫",1,"佣兵作业","利姆萨·罗敏萨",10,20,1,0,"西拉诺西亚","雨燕塔殖民地","未知钓场",0,False,"战斗精英 魔法导师","佣兵理符任务",0,"西拉诺西亚","ui/icon/080000/080011.tex","BattleLeve#65595",True,4,0.8,0,0,"LeveRewardItem#166","ui/icon/080000/080038.tex","ui/icon/080000/080005.tex","Level#2540254","ui/icon/110000/110020.tex",True,"Level#4165479","music/ffxiv/BGM_Leves.scd"
553,"怀柔任务：鲜活的储备粮","在远航的时候，吃的都是些防腐的肉干和腌肉。想吃美味的鲜肉的话，只能在船上放些活着的动物。为此，请帮忙捕捉野生的渡渡鸟。那些家伙很顽强，可以忍受航海。","远洋交易船“猎户号”船长 阿尔德斯奇夫",1,"佣兵作业","利姆萨·罗敏萨",10,20,1,0,"西拉诺西亚","雨燕塔殖民地","未知钓场",0,False,"战斗精英 魔法导师","佣兵理符任务",0,"西拉诺西亚","ui/icon/080000/080011.tex","BattleLeve#65686",True,4,0.8,0,0,"LeveRewardItem#166","ui/icon/080000/080038.tex","ui/icon/080000/080005.tex","Level#2540254","ui/icon/110000/110020.tex",True,"Level#4165468","music/ffxiv/BGM_Leves.scd"
554,"捜索任務：ばらまかれた妖花の種","荒れ果てた畑を復興させたいのですが、どうやら妖花が蔓延り始めているようです。これ以上、妖花が増えないように「妖花の種」を探して取り除いてください。ただし、魔物に襲われる危険性もあるのでお気を付けて。","雨燕塔殖民地 利尔夫",1,"佣兵作业","利姆萨·罗敏萨",10,20,1,0,"西拉诺西亚","雨燕塔殖民地","未知钓场",0,False,"战斗精英 魔法导师","佣兵理符任务",0,"西拉诺西亚","ui/icon/080000/080011.tex","BattleLeve#65687",True,4,0.8,0,0,"LeveRewardItem#166","ui/icon/080000/080055.tex","ui/icon/080000/080005.tex","Level#2540254","ui/icon/110000/110020.tex",True,"Level#4165478","music/ffxiv/BGM_Leves.scd"
555,"搜索任务：制作煎蛋卷用的蛋","曾经那片金色麦田覆盖的土地，现已成渡渡鸟们的巢窟了。为了改变这一现状，我准备把那些家伙的蛋当作食物拿出去卖，还能小赚一笔。希望能够有人前往渡渡鸟巢营，收集“渡渡鸟的种蛋”。","雨燕塔殖民地 利尔夫",1,"佣兵作业","利姆萨·罗敏萨",10,20,1,0,"西拉诺西亚","雨燕塔殖民地","未知钓场",0,False,"战斗精英 魔法导师","佣兵理符任务",0,"西拉诺西亚","ui/icon/080000/080011.tex","BattleLeve#65688",True,4,0.8,0,0,"LeveRewardItem#166","ui/icon/080000/080055.tex","ui/icon/080000/080005.tex","Level#2540254","ui/icon/110000/110020.tex",True,"Level#4165479","music/ffxiv/BGM_Leves.scd"
556,"追击任务：破坏渔场的巨型陆蟹","请驱除在近海捕食鱼类的巨型陆蟹。当它们蜕皮上岸后是讨伐的最佳时机。不过，那些家伙陷入危险后就会一溜烟地跑掉，不要大意了。
（打倒目标敌人即可完成任务。不过，敌人成功逃跑之后会与新的敌人汇合，战斗会变得更加棘手，一定要尽快将目标打倒才好。）","瓦瓦拉哥网组 布鲁梅尔",1,"佣兵作业","利姆萨·罗敏萨",10,20,1,0,"西拉诺西亚","雨燕塔殖民地","未知钓场",0,False,"战斗精英 魔法导师","佣兵理符任务",0,"西拉诺西亚","ui/icon/080000/080011.tex","BattleLeve#65689",True,4,0.8,0,0,"LeveRewardItem#166","ui/icon/080000/080022.tex","ui/icon/080000/080004.tex","Level#2540254","ui/icon/110000/110020.tex",False,"Level#4165468","music/ffxiv/BGM_Leves.scd"
557,"讨伐任务：污染水源的水栖魔物","连结黄昏湾和地平关的那条道路臭气熏天。看来是有不洁的魔物栖息在那一带的水域，以致水质受到污染。污染源应该是鮟鱇和蟾蜍，希望能够有人帮忙将其消灭。","商队互助会 兹兹提洛",1,"佣兵作业","乌尔达哈",10,20,1,0,"西萨纳兰","地平关","未知钓场",0,False,"战斗精英 魔法导师","佣兵理符任务",0,"西萨纳兰","ui/icon/080000/080013.tex","BattleLeve#65578",True,4,0.8,0,0,"LeveRewardItem#167","ui/icon/080000/080021.tex","ui/icon/080000/080005.tex","Level#2540071","ui/icon/110000/110026.tex",True,"Level#3446678","music/ffxiv/BGM_Leves.scd"
558,"获得任务：柔软的毒蜥蜴粗皮","最近，听在利姆萨·罗敏萨做过生意的商人说，海的另一边似乎没有毒蜥蜴。如果把在乌尔达哈无人问津的“柔软的毒蜥蜴粗皮”拿过去卖的话，说不定能赚一笔。请帮忙收集柔软的毒蜥蜴粗皮。","商队互助会 兹兹提洛",1,"佣兵作业","乌尔达哈",10,20,1,0,"西萨纳兰","地平关","未知钓场",0,False,"战斗精英 魔法导师","佣兵理符任务",0,"西萨纳兰","ui/icon/080000/080013.tex","BattleLeve#65579",True,4,0.8,0,0,"LeveRewardItem#167","ui/icon/080000/080025.tex","ui/icon/080000/080005.tex","Level#2540071","ui/icon/110000/110026.tex",True,"Level#3446677","music/ffxiv/BGM_Leves.scd"
559,"追击任务：盯上陆行鸟的魔物","商队互助会发来了指责铜刃团警卫的抗议信。说是陆行鸟在不经意间就被魔鸟袭击吃掉了。虽然不想理会他们的无理取闹，但为了让他们闭嘴，希望能够有人帮忙讨伐魔鸟。","铜刃团蔷薇联队 切切赞恩",1,"佣兵作业","乌尔达哈",10,20,1,0,"西萨纳兰","地平关","未知钓场",0,False,"战斗精英 魔法导师","佣兵理符任务",0,"西萨纳兰","ui/icon/080000/080013.tex","BattleLeve#65580",True,4,0.8,0,0,"LeveRewardItem#167","ui/icon/080000/080022.tex","ui/icon/080000/080005.tex","Level#2540071","ui/icon/110000/110026.tex",True,"Level#3446678","music/ffxiv/BGM_Leves.scd"
560,"索敌任务：附身于试验对象的恶灵","我正在进行让恶灵附身于生物的“诅咒”试验。但是作为试验对象的秃鹫竟然逃跑了。因为恶灵惧怕强光，使用“爆弹怪的中指”就能解除附身了吧。希望能够有人帮忙消灭逃跑中的实验对象。","咒术师行会 雅雅凯",1,"佣兵作业","乌尔达哈",10,20,1,0,"西萨纳兰","地平关","未知钓场",0,False,"战斗精英 魔法导师","佣兵理符任务",0,"西萨纳兰","ui/icon/080000/080013.tex","BattleLeve#65581",True,4,0.8,0,0,"LeveRewardItem#167","ui/icon/080000/080028.tex","ui/icon/080000/080005.tex","Level#2540071","ui/icon/110000/110026.tex",True,"Level#3446679","music/ffxiv/BGM_Leves.scd"
561,"巡逻任务：消灭开垦地的魔物","我们心地善良的娜娜莫女王陛下为了解救饥饿的贫民，下令开垦新的农场。水源丰富的丰饶神井北部是绝佳的地点。希望能够有人前往开垦地，消灭魔物。","银胄团近卫骑士 奥贝勒特",1,"佣兵作业","乌尔达哈",10,20,1,0,"西萨纳兰","地平关","未知钓场",0,False,"战斗精英 魔法导师","佣兵理符任务",0,"西萨纳兰","ui/icon/080000/080013.tex","BattleLeve#65582",True,4,0.8,0,0,"LeveRewardItem#167","ui/icon/080000/080026.tex","ui/icon/080000/080005.tex","Level#2540071","ui/icon/110000/110026.tex",True,"Level#3446681","music/ffxiv/BGM_Leves.scd"
562,"懐柔任務：発破代わりのボム","固い岩盤を砕くのに高額な発破を使い続けていては採算が合わん。そこで、坑道に突入させたボムに着火して、岩盤を爆砕する新工法を考案したんだ。発破代わりのボムを捕獲するため、奴らを弱らせて落ち着かせてほしい。","艾玛吉娜矿山公司 德兰肯·斯塔格",1,"佣兵作业","乌尔达哈",10,20,1,0,"西萨纳兰","地平关","未知钓场",0,False,"战斗精英 魔法导师","佣兵理符任务",0,"西萨纳兰","ui/icon/080000/080013.tex","BattleLeve#65583",True,4,0.8,0,0,"LeveRewardItem#167","ui/icon/080000/080038.tex","ui/icon/080000/080005.tex","Level#2540071","ui/icon/110000/110026.tex",True,"Level#3446681","music/ffxiv/BGM_Leves.scd"
563,"怀柔任务：精炼用的矿爬虫","知道从低纯度的矿石中提炼出有用金属的方法吗？那就是将吃得圆滚滚的矿爬虫丢进高热炉的最新精炼技术——矿爬虫精炼法。为此就需要矿爬虫了，让那些家伙弱化后，将其捕获。","艾玛吉娜矿山公司 德兰肯·斯塔格",1,"佣兵作业","乌尔达哈",10,20,1,0,"西萨纳兰","地平关","未知钓场",0,False,"战斗精英 魔法导师","佣兵理符任务",0,"西萨纳兰","ui/icon/080000/080013.tex","BattleLeve#65632",True,4,0.8,0,0,"LeveRewardItem#167","ui/icon/080000/080038.tex","ui/icon/080000/080005.tex","Level#2540071","ui/icon/110000/110026.tex",True,"Level#3446677","music/ffxiv/BGM_Leves.scd"
564,"捜索任務：ペイストの罠","この辺りに生息する獰猛なペイストが、治安上の問題になっていてな。奴らを確実に駆逐するため罠を仕掛けておいた。エサとして「ドードーの腐肉」を置いておいたので、近づいてきたペイストを仕留めるのだ。","铜刃团蔷薇联队 切切赞恩",1,"佣兵作业","乌尔达哈",10,20,1,0,"西萨纳兰","地平关","未知钓场",0,False,"战斗精英 魔法导师","佣兵理符任务",0,"西萨纳兰","ui/icon/080000/080013.tex","BattleLeve#65633",True,4,0.8,0,0,"LeveRewardItem#167","ui/icon/080000/080055.tex","ui/icon/080000/080005.tex","Level#2540071","ui/icon/110000/110026.tex",True,"Level#3446679","music/ffxiv/BGM_Leves.scd"
565,"搜索任务：寻找古代的土器","在第七灵灾的冲击下，古代城邦的遗迹出土了。不过现在被那些财迷心窍的家伙破坏得一塌糊涂。不知还能不能找到可以鉴定遗迹年代的“古代的土器”，希望能够有人帮忙寻找。","历史学家 哈巴库·阿鲁巴库",1,"佣兵作业","乌尔达哈",10,20,1,0,"西萨纳兰","地平关","未知钓场",0,False,"战斗精英 魔法导师","佣兵理符任务",0,"西萨纳兰","ui/icon/080000/080013.tex","BattleLeve#65634",True,4,0.8,0,0,"LeveRewardItem#167","ui/icon/080000/080055.tex","ui/icon/080000/080005.tex","Level#2540071","ui/icon/110000/110026.tex",True,"Level#3446678","music/ffxiv/BGM_Leves.scd"
566,"追击任务：讨伐毒蜥蜴","身形巨大的毒蜥蜴频繁袭击商队和旅行者。那些家伙不仅残忍，而且狡猾，一感觉到不利就会立刻逃跑。请追杀它们，杀个片甲不留。
（打倒目标敌人即可完成任务。不过，敌人成功逃跑之后会与新的敌人汇合，战斗会变得更加棘手，一定要尽快将目标打倒才好。）","铜刃团蔷薇联队 切切赞恩",1,"佣兵作业","乌尔达哈",10,20,1,0,"西萨纳兰","地平关","未知钓场",0,False,"战斗精英 魔法导师","佣兵理符任务",0,"西萨纳兰","ui/icon/080000/080013.tex","BattleLeve#65635",True,4,0.8,0,0,"LeveRewardItem#167","ui/icon/080000/080022.tex","ui/icon/080000/080004.tex","Level#2540071","ui/icon/110000/110026.tex",False,"Level#3446678","music/ffxiv/BGM_Leves.scd"
567,"讨伐任务：猿猴的领地争端","奥猴与狐猴对于领地的争端最近好像有所激化，互相敌对的情况已经持续了很长时间了。为了让这块地区恢复成原来的样子，请将双方都驱散吧。不过双方很有可能会联合起来进行反抗，请千万小心。","鬼哭队第四枪队 弗洛里蒙",1,"佣兵作业","格里达尼亚",15,20,1,0,"黑衣森林东部林区","霍桑山寨","未知钓场",0,False,"战斗精英 魔法导师","佣兵理符任务",0,"黑衣森林东部林区","ui/icon/080000/080012.tex","BattleLeve#65569",True,4,0.8,0,0,"LeveRewardItem#168","ui/icon/080000/080021.tex","ui/icon/080000/080005.tex","Level#1646078","ui/icon/110000/110003.tex",True,"Level#3251859","music/ffxiv/BGM_Leves.scd"
568,"获得任务：佳肴食材蜜蜂","我们店里的招牌菜之一，就是以蜜蜂为原料制成的“甘露煮蜜蜂”。不过蜜蜂也是需要严格挑选才行。如果有冒险者能够提供“大个的蜜蜂”，我们会支付相应的报酬。","巴斯卡隆酒家老板：巴斯卡隆",1,"佣兵作业","格里达尼亚",15,20,1,0,"黑衣森林东部林区","霍桑山寨","未知钓场",0,False,"战斗精英 魔法导师","佣兵理符任务",0,"黑衣森林东部林区","ui/icon/080000/080012.tex","BattleLeve#65570",True,4,0.8,0,0,"LeveRewardItem#168","ui/icon/080000/080025.tex","ui/icon/080000/080005.tex","Level#1646078","ui/icon/110000/110003.tex",True,"Level#3258960","music/ffxiv/BGM_Leves.scd"
569,"追击任务：讨伐操纵飞虫的妖异","近来蜜蜂的行动非常异常，对养蜂人的工作造成了很大困扰。经查明是由于脓血巨蝇所发出的类似女王蜂的香气导致的。一定是这种香气刺激到了蜂群。请紧跟着蜜蜂的行动路线，将这只妖异讨伐掉吧。","盛花养蜂场 罗莎·霍桑",1,"佣兵作业","格里达尼亚",15,20,1,0,"黑衣森林东部林区","霍桑山寨","未知钓场",0,False,"战斗精英 魔法导师","佣兵理符任务",0,"黑衣森林东部林区","ui/icon/080000/080012.tex","BattleLeve#65571",True,4,0.8,0,0,"LeveRewardItem#168","ui/icon/080000/080022.tex","ui/icon/080000/080005.tex","Level#1646078","ui/icon/110000/110003.tex",True,"Level#3258961","music/ffxiv/BGM_Leves.scd"
570,"索敌任务：阻止叶血病感染扩大","“叶血病”是一种发自大口花的疾病。虽然这种病对大口花本身没什么影响，不过却会令吃掉患病大口花落叶的魔物变得异常神经过敏。所以我们现在急需遏制感染范围的进一步扩大，请迅速将染病的大口花清除掉。","狩猎人行会 厄让奈尔",1,"佣兵作业","格里达尼亚",15,20,1,0,"黑衣森林东部林区","霍桑山寨","未知钓场",0,False,"战斗精英 魔法导师","佣兵理符任务",0,"黑衣森林东部林区","ui/icon/080000/080012.tex","BattleLeve#65572",True,4,0.8,0,0,"LeveRewardItem#168","ui/icon/080000/080028.tex","ui/icon/080000/080005.tex","Level#1646078","ui/icon/110000/110003.tex",True,"Level#3258961","music/ffxiv/BGM_Leves.scd"
571,"搜索任务：筹集白伞茸","妈妈教给了我一种清炖菜的菜谱，本来想试试的，结果发现素材不够了。能有人来帮我采点大个的“白伞茸”吗？哦对了，用镰刀的话可能会破坏掉完整性，记得要用手去采才行。","森林居民 伊莎贝尔·霍桑",1,"佣兵作业","格里达尼亚",15,20,1,0,"黑衣森林东部林区","霍桑山寨","未知钓场",0,False,"战斗精英 魔法导师","佣兵理符任务",0,"黑衣森林东部林区","ui/icon/080000/080012.tex","BattleLeve#65622",True,4,0.8,0,0,"LeveRewardItem#168","ui/icon/080000/080055.tex","ui/icon/080000/080005.tex","Level#1646078","ui/icon/110000/110003.tex",True,"Level#3251859","music/ffxiv/BGM_Leves.scd"
572,"引导任务：能吃的卢恩族","我们家经常会招待一些哨塔的卫兵和冒险者。这次准备招待的是当初我还是冒险者的时候结识的卢恩族朋友。不过恐怕他们长久不来这里不认识路，有人能帮忙去南部林区入口接他们一下吗？","森林居民 罗尔佛·霍桑",1,"佣兵作业","格里达尼亚",15,20,1,0,"黑衣森林东部林区","霍桑山寨","未知钓场",0,False,"战斗精英 魔法导师","佣兵理符任务",0,"黑衣森林东部林区","ui/icon/080000/080012.tex","BattleLeve#65623",True,4,0.8,0,0,"LeveRewardItem#168","ui/icon/080000/080056.tex","ui/icon/080000/080005.tex","Level#1646078","ui/icon/110000/110003.tex",True,"Level#3942505","music/ffxiv/BGM_Leves.scd"
573,"引导任务：护送迷路的妖精","我们接到报告说在阿马里赛哨塔发现了一只迷路的妖精。可能是刚刚搬到妖精暂留地，对周围环境还不太熟的缘故吧。请尽快赶到现场，带领这只妖精回到暂留地。","鬼哭队第四枪队 弗洛里蒙",1,"佣兵作业","格里达尼亚",15,20,1,0,"黑衣森林东部林区","霍桑山寨","未知钓场",0,False,"战斗精英 魔法导师","佣兵理符任务",0,"黑衣森林东部林区","ui/icon/080000/080012.tex","BattleLeve#65624",True,4,0.8,0,0,"LeveRewardItem#168","ui/icon/080000/080056.tex","ui/icon/080000/080004.tex","Level#1646078","ui/icon/110000/110003.tex",False,"Level#3258963","music/ffxiv/BGM_Leves.scd"
574,"追击任务：消灭吸血蝙蝠","最近，平日温顺的原牛突然暴走的事件频发。酿造麦酒的大麦先前也被原牛踩坏了……原因可能是被蝙蝠吸了血。希望能够有人消灭那些吸血鬼。","小麦酒港酿酒师 敏德艾丁",1,"佣兵作业","利姆萨·罗敏萨",15,20,1,0,"西拉诺西亚","小麦酒港","未知钓场",0,False,"战斗精英 魔法导师","佣兵理符任务",0,"西拉诺西亚","ui/icon/080000/080011.tex","BattleLeve#65596",True,4,0.8,0,0,"LeveRewardItem#169","ui/icon/080000/080022.tex","ui/icon/080000/080005.tex","Level#2540476","ui/icon/110000/110021.tex",True,"Level#4165480","music/ffxiv/BGM_Leves.scd"
575,"索敌任务：变成海盗的小魔精","听说有小魔精变成凶恶的海盗，威胁路人取乐。小魔精惧怕强光，去萤火虫身上获取“初萤”后，向其投掷，小魔精便会现出原形。届时请立即将其打倒。","黄衫队第三陆战队陆兵 斯克里布斯克夫",1,"佣兵作业","利姆萨·罗敏萨",15,20,1,0,"西拉诺西亚","小麦酒港","未知钓场",0,False,"战斗精英 魔法导师","佣兵理符任务",0,"西拉诺西亚","ui/icon/080000/080011.tex","BattleLeve#65597",True,4,0.8,0,0,"LeveRewardItem#169","ui/icon/080000/080028.tex","ui/icon/080000/080005.tex","Level#2540476","ui/icon/110000/110021.tex",True,"Level#4165482","music/ffxiv/BGM_Leves.scd"
576,"巡逻任务：维持德内维尔西路的治安","请帮忙维持德内维尔西路的治安。那条路不仅沿路都是危险的魔物，据称还有和鱼人族勾结干坏事的“海蛇之舌”海盗团。他们可是最恶劣的罪犯，执行任务时千万不要大意了。","黄衫队第三陆战队陆兵 斯克里布斯克夫",1,"佣兵作业","利姆萨·罗敏萨",15,20,1,0,"西拉诺西亚","小麦酒港","未知钓场",0,False,"战斗精英 魔法导师","佣兵理符任务",0,"西拉诺西亚","ui/icon/080000/080011.tex","BattleLeve#65598",True,4,0.8,0,0,"LeveRewardItem#169","ui/icon/080000/080026.tex","ui/icon/080000/080005.tex","Level#2540476","ui/icon/110000/110021.tex",True,"Level#4165480","music/ffxiv/BGM_Leves.scd"
577,"怀柔任务：运货的原牛","原牛是肉食用的动物野生化后的产物。既然本来是家畜，在驯养后不就可以用来搬运沉重的麦酒桶了么。请弱化那些巨兽后，将其捕获。","小麦酒港酿酒师 敏德艾丁",1,"佣兵作业","利姆萨·罗敏萨",15,20,1,0,"西拉诺西亚","小麦酒港","未知钓场",0,False,"战斗精英 魔法导师","佣兵理符任务",0,"西拉诺西亚","ui/icon/080000/080011.tex","BattleLeve#65599",True,4,0.8,0,0,"LeveRewardItem#169","ui/icon/080000/080038.tex","ui/icon/080000/080005.tex","Level#2540476","ui/icon/110000/110021.tex",True,"Level#4165483","music/ffxiv/BGM_Leves.scd"
578,"搜索任务：试饮用的麦酒","喝了些试饮用的麦酒，结果喝到烂醉。醒来后发现自己在原牛的包围下裸睡，便立刻慌慌张张地跑走了。那些重要的“试饮用的麦酒”都留在那里了。希望能够有人帮忙把酒全部捡回来。","小麦酒港酿酒师 敏德艾丁",1,"佣兵作业","利姆萨·罗敏萨",15,20,1,0,"西拉诺西亚","小麦酒港","未知钓场",0,False,"战斗精英 魔法导师","佣兵理符任务",0,"西拉诺西亚","ui/icon/080000/080011.tex","BattleLeve#65600",True,4,0.8,0,0,"LeveRewardItem#169","ui/icon/080000/080055.tex","ui/icon/080000/080005.tex","Level#2540476","ui/icon/110000/110021.tex",True,"Level#4165483","music/ffxiv/BGM_Leves.scd"
579,"引导任务：寻找大麦的酿酒师","酿造麦酒用的大麦有点不够了。所以想去雨燕塔殖民地寻找新的大麦制造商。但道路上危机四伏，希望能够有人一路护送我到雨燕塔殖民地。","小麦酒港酿酒师 奥·阿德布",1,"佣兵作业","利姆萨·罗敏萨",15,20,1,0,"西拉诺西亚","小麦酒港","未知钓场",0,False,"战斗精英 魔法导师","佣兵理符任务",0,"西拉诺西亚","ui/icon/080000/080011.tex","BattleLeve#65601",True,4,0.8,0,0,"LeveRewardItem#169","ui/icon/080000/080056.tex","ui/icon/080000/080005.tex","Level#2540476","ui/icon/110000/110021.tex",True,"Level#4165484","music/ffxiv/BGM_Leves.scd"
580,"引导任务：返回交易站的梅梅卢恩","梅梅卢恩喜欢闪闪金币。梅梅卢恩努力做生意。但梅梅卢恩最讨厌海盗了，想回交易站，可是又害怕海盗。希望能够有人护送。","梅梅卢恩交易商会会长 梅梅卢恩",1,"佣兵作业","利姆萨·罗敏萨",15,20,1,0,"西拉诺西亚","小麦酒港","未知钓场",0,False,"战斗精英 魔法导师","佣兵理符任务",0,"西拉诺西亚","ui/icon/080000/080011.tex","BattleLeve#65728",True,4,0.8,0,0,"LeveRewardItem#169","ui/icon/080000/080056.tex","ui/icon/080000/080004.tex","Level#2540476","ui/icon/110000/110021.tex",False,"Level#4165484","music/ffxiv/BGM_Leves.scd"
581,"讨伐任务：愚蠢战士们的遗骸","在圣阿达玛·兰达玛教会的墓园中，那些迷恋尘世的士兵遗骸死灵化的事件频繁。为了超度他们去札尔神的麾下，请打倒死灵，净化那些灵魂。","纳尔札尔教团助祭 爱蕾尔",1,"佣兵作业","乌尔达哈",15,20,1,0,"东萨纳兰","枯骨营地","未知钓场",0,False,"战斗精英 魔法导师","佣兵理符任务",0,"东萨纳兰","ui/icon/080000/080013.tex","BattleLeve#65584",True,4,0.8,0,0,"LeveRewardItem#170","ui/icon/080000/080021.tex","ui/icon/080000/080005.tex","Level#2540213","ui/icon/110000/110024.tex",True,"Level#3446699","music/ffxiv/BGM_Leves.scd"
582,"追撃任務：砂を呼ぶゴート","ゴートの生息数が目に見えて増えている。このままの勢いで繁殖すれば、やがて草は食い尽くされ、周辺の砂漠化が一挙に進むだろう。キャンプが砂に埋もれる事態を防ぐためにも、ゴートの数を減らしてほしいのだ。","铜刃团兰花联队 阿罗特",1,"佣兵作业","乌尔达哈",15,20,1,0,"东萨纳兰","枯骨营地","未知钓场",0,False,"战斗精英 魔法导师","佣兵理符任务",0,"东萨纳兰","ui/icon/080000/080013.tex","BattleLeve#65585",True,4,0.8,0,0,"LeveRewardItem#170","ui/icon/080000/080022.tex","ui/icon/080000/080005.tex","Level#2540213","ui/icon/110000/110024.tex",True,"Level#3446695","music/ffxiv/BGM_Leves.scd"
583,"索敌任务：袭击商队的小魔精","发生了小魔精袭击商队的事件。据幸存者报告，小魔精变成了土针鼹潜伏于地里。使用小魔精讨厌的“初萤”，就能识破变身的小魔精。希望能够有人去找出袭击犯，将其消灭。","铜刃团兰花联队 阿罗特",1,"佣兵作业","乌尔达哈",15,20,1,0,"东萨纳兰","枯骨营地","未知钓场",0,False,"战斗精英 魔法导师","佣兵理符任务",0,"东萨纳兰","ui/icon/080000/080013.tex","BattleLeve#65586",True,4,0.8,0,0,"LeveRewardItem#170","ui/icon/080000/080028.tex","ui/icon/080000/080005.tex","Level#2540213","ui/icon/110000/110024.tex",True,"Level#3446703","music/ffxiv/BGM_Leves.scd"
584,"巡逻任务：徘徊于墓园的遗骸","圣阿达玛·兰达玛教会的墓园是那些付不起高额安葬费的贫民的长眠之地。因为祭奠品不足，容易导致一些遗骸化作死灵徘徊于墓园。希望能够有人前往墓园巡逻，打倒死灵，净化灵魂。","纳尔札尔教团助祭 爱蕾尔",1,"佣兵作业","乌尔达哈",15,20,1,0,"东萨纳兰","枯骨营地","未知钓场",0,False,"战斗精英 魔法导师","佣兵理符任务",0,"东萨纳兰","ui/icon/080000/080013.tex","BattleLeve#65587",True,4,0.8,0,0,"LeveRewardItem#170","ui/icon/080000/080025.tex","ui/icon/080000/080005.tex","Level#2540213","ui/icon/110000/110024.tex",True,"Level#3446726","music/ffxiv/BGM_Leves.scd"
585,"怀柔任务：拉货用的山羊","如果能驯服比陆行鸟力量更大的野兽的话，就可以一次性拉很多货物了。我认为公山羊很适合，但其性情暴躁。为了让它更容易驯化，请将其弱化后驯服。","商队互助会 茨茨希",1,"佣兵作业","乌尔达哈",15,20,1,0,"东萨纳兰","枯骨营地","未知钓场",0,False,"战斗精英 魔法导师","佣兵理符任务",0,"东萨纳兰","ui/icon/080000/080013.tex","BattleLeve#65588",True,4,0.8,0,0,"LeveRewardItem#170","ui/icon/080000/080038.tex","ui/icon/080000/080005.tex","Level#2540213","ui/icon/110000/110024.tex",True,"Level#3446720","music/ffxiv/BGM_Leves.scd"
586,"搜索任务：土属性的偏属性水晶","因为第七灵灾的影响，有些地方的土属性之力异常增强。放任那些“偏属性水晶”不管的话，将会产生恶性的元精。请去指定区域巡逻，清除偏属性水晶。","铜刃团兰花联队 阿罗特",1,"佣兵作业","乌尔达哈",15,20,1,0,"东萨纳兰","枯骨营地","未知钓场",0,False,"战斗精英 魔法导师","佣兵理符任务",0,"东萨纳兰","ui/icon/080000/080013.tex","BattleLeve#65589",True,4,0.8,0,0,"LeveRewardItem#170","ui/icon/080000/080055.tex","ui/icon/080000/080005.tex","Level#2540213","ui/icon/110000/110024.tex",True,"Level#3446695","music/ffxiv/BGM_Leves.scd"
587,"引导任务：格里达尼亚的商人","真是的！预定一起谈生意的格里达尼亚商人迟迟不来。可能是因为方向感不好，而迷路了。但这一带魔物又多，请去附近寻找那个商人，将其带过来。","商队互助会 茨茨希",1,"佣兵作业","乌尔达哈",15,20,1,0,"东萨纳兰","枯骨营地","未知钓场",0,False,"战斗精英 魔法导师","佣兵理符任务",0,"东萨纳兰","ui/icon/080000/080013.tex","BattleLeve#65639",True,4,0.8,0,0,"LeveRewardItem#170","ui/icon/080000/080056.tex","ui/icon/080000/080005.tex","Level#2540213","ui/icon/110000/110024.tex",True,"Level#4085099","music/ffxiv/BGM_Leves.scd"
588,"引导任务：禁止哥布林商队行商的命令","乌尔达哈因为“兽人驱逐令”，所以禁止和兽人做买卖。可是，哥布林商队不巧来到了这里。虽然他们看上去没什么恶意，但法律终归是法律。请小心护送他们到中萨纳兰。","铜刃团兰花联队 阿罗特",1,"佣兵作业","乌尔达哈",15,20,1,0,"东萨纳兰","枯骨营地","未知钓场",0,False,"战斗精英 魔法导师","佣兵理符任务",0,"东萨纳兰","ui/icon/080000/080013.tex","BattleLeve#65640",True,4,0.8,0,0,"LeveRewardItem#170","ui/icon/080000/080056.tex","ui/icon/080000/080004.tex","Level#2540213","ui/icon/110000/110024.tex",False,"Level#4085097","music/ffxiv/BGM_Leves.scd"
589,"讨伐委托：排除偷猎团伙","我们得到情报说豹爪偷猎团正在准备一场大规模的偷猎活动。请立刻前往指定地点，给这些偷猎者一点教训尝尝。","鬼哭队第五枪队 巴兰",1,"佣兵作业","格里达尼亚",20,20,1,0,"黑衣森林南部林区","石场水车","未知钓场",0,False,"战斗精英 魔法导师","佣兵理符任务",0,"黑衣森林南部林区","ui/icon/080000/080012.tex","BattleLeve#65574",True,4,0.8,0,0,"LeveRewardItem#171","ui/icon/080000/080021.tex","ui/icon/080000/080005.tex","Level#2257020","ui/icon/110000/110005.tex",True,"Level#3258966","music/ffxiv/BGM_Leves.scd"
590,"获得任务：滑润的嫩叶","滑润的嫩叶一直是预防感冒的最佳食材。在辅城里这种嫩叶一直在被广泛使用。不过最近由于蛮族的活跃，辅城的库存受到了很大的影响。希望有热心者能提供给我们飞行陷阱草的嫩叶。我们会给出丰厚的报酬。","石场水车居民 爱德可",1,"佣兵作业","格里达尼亚",20,20,1,0,"黑衣森林南部林区","石场水车","未知钓场",0,False,"战斗精英 魔法导师","佣兵理符任务",0,"黑衣森林南部林区","ui/icon/080000/080012.tex","BattleLeve#65575",True,4,0.8,0,0,"LeveRewardItem#171","ui/icon/080000/080025.tex","ui/icon/080000/080005.tex","Level#2257020","ui/icon/110000/110005.tex",True,"Level#3258965","music/ffxiv/BGM_Leves.scd"
591,"获得任务：没收偷猎物品","“豹爪”团是护月之民组成的一支偷猎团伙，他们近日来活动越来越频繁了。请尽快赶到他们的狩猎地点进行处理，并且一定要将偷猎的物品没收。","鬼哭队第五枪队 巴兰",1,"佣兵作业","格里达尼亚",20,20,1,0,"黑衣森林南部林区","石场水车","未知钓场",0,False,"战斗精英 魔法导师","佣兵理符任务",0,"黑衣森林南部林区","ui/icon/080000/080012.tex","BattleLeve#65576",True,4,0.8,0,0,"LeveRewardItem#171","ui/icon/080000/080025.tex","ui/icon/080000/080005.tex","Level#2257020","ui/icon/110000/110005.tex",True,"Level#3258966","music/ffxiv/BGM_Leves.scd"
592,"追击任务：啃食嫩芽的羚羊","羚羊虽然平时都很温顺，然而一旦不小心吃到了含有微量毒素的草根的话，就会陷入异常兴奋的状态。之前几天就发生了兴奋的羚羊袭击正在工作的人员，并且将树苗的嫩芽都吃光了的事件。请尽快将这些羚羊驱逐吧。","园艺工行会 莱昂索",1,"佣兵作业","格里达尼亚",20,20,1,0,"黑衣森林南部林区","石场水车","未知钓场",0,False,"战斗精英 魔法导师","佣兵理符任务",0,"黑衣森林南部林区","ui/icon/080000/080012.tex","BattleLeve#65577",True,4,0.8,0,0,"LeveRewardItem#171","ui/icon/080000/080022.tex","ui/icon/080000/080005.tex","Level#2257020","ui/icon/110000/110005.tex",True,"Level#3258964","music/ffxiv/BGM_Leves.scd"
593,"巡逻任务：确保难民的安全","灵灾已经过去5年了，不过现在仍有很多难民前去石场水车申请希望能够在黑衣森林中定居。然而这些对森林不熟悉的人经常会在森林中迷路或被魔物袭击。因此请到指定区域去进行巡逻，并消灭可能威胁到人们安全的魔物。","鬼哭队第五枪队 巴兰",1,"佣兵作业","格里达尼亚",20,20,1,0,"黑衣森林南部林区","石场水车","未知钓场",0,False,"战斗精英 魔法导师","佣兵理符任务",0,"黑衣森林南部林区","ui/icon/080000/080012.tex","BattleLeve#65625",True,4,0.8,0,0,"LeveRewardItem#171","ui/icon/080000/080026.tex","ui/icon/080000/080005.tex","Level#2257020","ui/icon/110000/110005.tex",True,"Level#3258966","music/ffxiv/BGM_Leves.scd"
594,"搜索任务：偷猎者的陷阱","森林里有一个由护月之民构成的偷猎者团体，他们以“枯叶堆”为据点，并在森林中设置了很多捕兽夹。这次任务就是要去找到并回收这些捕兽夹，以防对森林的生态造成破坏。另外，任务中有可能遭遇到偷猎者，请万分注意。","狩猎人行会 厄让奈尔",1,"佣兵作业","格里达尼亚",20,20,1,0,"黑衣森林南部林区","石场水车","未知钓场",0,False,"战斗精英 魔法导师","佣兵理符任务",0,"黑衣森林南部林区","ui/icon/080000/080012.tex","BattleLeve#65626",True,4,0.8,0,0,"LeveRewardItem#171","ui/icon/080000/080055.tex","ui/icon/080000/080005.tex","Level#2257020","ui/icon/110000/110005.tex",True,"Level#3258965","music/ffxiv/BGM_Leves.scd"
595,"引导任务：保护吟游莫古力","我可是对诗歌有着浓厚热情的天才吟游莫古力库啵！就这么走上街的话一定会被很多追随者围住的库啵！当个明星真辛苦库啵！有没有能担任保镖的冒险者库啵？有的话赶紧来库啵！","吟游莫古力 库帕恩·咔噗",1,"佣兵作业","格里达尼亚",20,20,1,0,"黑衣森林南部林区","石场水车","未知钓场",0,False,"战斗精英 魔法导师","佣兵理符任务",0,"黑衣森林南部林区","ui/icon/080000/080012.tex","BattleLeve#65627",True,4,0.8,0,0,"LeveRewardItem#171","ui/icon/080000/080056.tex","ui/icon/080000/080005.tex","Level#2257020","ui/icon/110000/110005.tex",True,"Level#3258964","music/ffxiv/BGM_Leves.scd"
596,"怀柔任务：安抚发狂的树精","最近发现了一些新手段的强盗事件，犯罪者首先有意把树精刺激到兴奋状态，再让它们去对商队发动进攻，之后趁乱将物资抢走。这个案件我们自然会处理，但是最大的问题是，现在仍有一些树精还处于兴奋。因此需要招募人手来帮忙让树精安定下来。我们的法师们准备了“平息的清水”，使用这个就可以让树精安定下来了。","鬼哭队第五枪队 巴兰",1,"佣兵作业","格里达尼亚",20,20,1,0,"黑衣森林南部林区","石场水车","未知钓场",0,False,"战斗精英 魔法导师","佣兵理符任务",0,"黑衣森林南部林区","ui/icon/080000/080012.tex","BattleLeve#65628",True,4,0.8,0,0,"LeveRewardItem#171","ui/icon/080000/080038.tex","ui/icon/080000/080004.tex","Level#2257020","ui/icon/110000/110005.tex",False,"Level#3258964","music/ffxiv/BGM_Leves.scd"
597,"討伐任務：放牧されたドードー退治","卵好きのキキルン族たちが、勝手にドードーを解き放ち放牧し始めました。有毒のブレスを吐くドードーが、このまま繁殖すれば、どんな事故が起こることか。ドードーとキキルン族の獣牧士を退治してください。","守炬埠头 哈尔德布罗达",1,"佣兵作业","利姆萨·罗敏萨",20,20,1,0,"拉诺西亚低地","莫拉比造船厂","未知钓场",0,False,"战斗精英 魔法导师","佣兵理符任务",0,"拉诺西亚低地","ui/icon/080000/080011.tex","BattleLeve#65714",True,4,0.8,0,0,"LeveRewardItem#172","ui/icon/080000/080021.tex","ui/icon/080000/080005.tex","Level#4018485","ui/icon/110000/110027.tex",True,"Level#4167150","music/ffxiv/BGM_Leves.scd"
598,"索敌任务：潜伏于蟹群的食人蟹","希望能够有人帮忙消灭食人蟹“大螯陆蟹”。虽然那些家伙看上去和普通的巨型陆蟹没什么区别。但使用“雷元精核心”通电后，其甲壳会变成红色，就可以分辨出来了。","守炬埠头 哈尔德布罗达",1,"佣兵作业","利姆萨·罗敏萨",20,20,1,0,"拉诺西亚低地","莫拉比造船厂","未知钓场",0,False,"战斗精英 魔法导师","佣兵理符任务",0,"拉诺西亚低地","ui/icon/080000/080011.tex","BattleLeve#65715",True,4,0.8,0,0,"LeveRewardItem#172","ui/icon/080000/080028.tex","ui/icon/080000/080005.tex","Level#4018485","ui/icon/110000/110027.tex",True,"Level#4167151","music/ffxiv/BGM_Leves.scd"
599,"巡逻任务：带着长须豹的海盗团","“雷纹”海盗团因灵灾而失去了海盗船“小猎狗号”。现在他们在拉诺西亚低地当强盗。请去指定区域巡逻，一但发现他们，即刻将其讨伐。他们带着长须豹，讨伐时请务必小心。","黄衫队第二陆战队陆士 希尔斯凯辛",1,"佣兵作业","利姆萨·罗敏萨",20,20,1,0,"拉诺西亚低地","莫拉比造船厂","未知钓场",0,False,"战斗精英 魔法导师","佣兵理符任务",0,"拉诺西亚低地","ui/icon/080000/080011.tex","BattleLeve#65716",True,4,0.8,0,0,"LeveRewardItem#172","ui/icon/080000/080026.tex","ui/icon/080000/080005.tex","Level#4018485","ui/icon/110000/110027.tex",True,"Level#4167152","music/ffxiv/BGM_Leves.scd"
600,"怀柔任务：偷蛋的卢恩族","送往莫拉比造船厂的食物在守炬埠头装载。但食物中有蛋的话，卢恩族必定会来偷取。请给那些家伙一点教训，驯服他们，让他们不再行窃。","守炬埠头 哈尔德布罗达",1,"佣兵作业","利姆萨·罗敏萨",20,20,1,0,"拉诺西亚低地","莫拉比造船厂","未知钓场",0,False,"战斗精英 魔法导师","佣兵理符任务",0,"拉诺西亚低地","ui/icon/080000/080011.tex","BattleLeve#65717",True,4,0.8,0,0,"LeveRewardItem#172","ui/icon/080000/080038.tex","ui/icon/080000/080005.tex","Level#4018485","ui/icon/110000/110027.tex",True,"Level#4167150","music/ffxiv/BGM_Leves.scd"
601,"搜索任务：测定盐分用的水","灵灾导致周边的土属性之力变弱，引起了砂盐滩的形成等环境变化。为了调查这个变化情况，需要定期取水测定盐分。希望能够有人前往指定地点，测定盐分的浓度。","博物学家 伊思妲",1,"佣兵作业","利姆萨·罗敏萨",20,20,1,0,"拉诺西亚低地","莫拉比造船厂","未知钓场",0,False,"战斗精英 魔法导师","佣兵理符任务",0,"拉诺西亚低地","ui/icon/080000/080011.tex","BattleLeve#65718",True,4,0.8,0,0,"LeveRewardItem#172","ui/icon/080000/080055.tex","ui/icon/080000/080005.tex","Level#4018485","ui/icon/110000/110027.tex",True,"Level#4167169","music/ffxiv/BGM_Leves.scd"
602,"引导任务：哥布林族矿石商人","希望能够有人帮忙，将前来做矿石生意的哥布林族商人送往守炬埠头。他们最近刚开始和我们公司做买卖，对这一带不熟悉。要是迷路被魔物袭击的话，合约也就泡汤了。","纳尔迪克＆威米利作坊锻铁匠 梅提敏德",1,"佣兵作业","利姆萨·罗敏萨",20,20,1,0,"拉诺西亚低地","莫拉比造船厂","未知钓场",0,False,"战斗精英 魔法导师","佣兵理符任务",0,"拉诺西亚低地","ui/icon/080000/080011.tex","BattleLeve#65719",True,4,0.8,0,0,"LeveRewardItem#172","ui/icon/080000/080056.tex","ui/icon/080000/080005.tex","Level#4018485","ui/icon/110000/110027.tex",True,"Level#4167168","music/ffxiv/BGM_Leves.scd"
603,"索敌任务：潜藏的食人蟹","希望能够有人帮忙消灭潜藏于野生陆蟹中，进行繁殖的食人蟹“大螯陆蟹”。虽然那些家伙看上去和普通的陆蟹没什么区别。但使用“雷元精核心”通电后，其甲壳会变成红色，就可以分辨出来了。","守炬埠头 哈尔德布罗达",1,"佣兵作业","利姆萨·罗敏萨",20,20,1,0,"拉诺西亚低地","莫拉比造船厂","未知钓场",0,False,"战斗精英 魔法导师","佣兵理符任务",0,"拉诺西亚低地","ui/icon/080000/080011.tex","BattleLeve#65720",True,4,0.8,0,0,"LeveRewardItem#172","ui/icon/080000/080028.tex","ui/icon/080000/080004.tex","Level#4018485","ui/icon/110000/110027.tex",False,"Level#4167151","music/ffxiv/BGM_Leves.scd"
604,"获得任务：羚羊腿肉","现在辅城里的难民越来越多，虽然我们无法全部接纳为居民，但是基本的食物还是可以提供的。因此我们需要大量羚羊腿肉来维持食物的供给。希望有热心人能够提供。","石场水车居民 爱德可",1,"佣兵作业","格里达尼亚",25,20,1,0,"黑衣森林南部林区","石场水车","未知钓场",0,False,"战斗精英 魔法导师","佣兵理符任务",0,"黑衣森林南部林区","ui/icon/080000/080012.tex","BattleLeve#65641",True,4,0.8,0,0,"LeveRewardItem#173","ui/icon/080000/080025.tex","ui/icon/080000/080005.tex","Level#2257020","ui/icon/110000/110018.tex",True,"Level#3446785","music/ffxiv/BGM_Leves.scd"
605,"索敌任务：消灭冒牌偷猎团伙","“豹爪”可以说是黑衣森林无人不晓的偷猎团伙，不过最近却出现了一些新的动向。后来经过我们调查，原来这支新势力是变成了豹爪成员的形象的小魔精，它们借着别人的名号在愚弄我们。对于这些可恶的捣蛋鬼，我们一定要给它们个教训。","鬼哭队第五枪队 巴兰",1,"佣兵作业","格里达尼亚",25,20,1,0,"黑衣森林南部林区","石场水车","未知钓场",0,False,"战斗精英 魔法导师","佣兵理符任务",0,"黑衣森林南部林区","ui/icon/080000/080012.tex","BattleLeve#65642",True,4,0.8,0,0,"LeveRewardItem#173","ui/icon/080000/080028.tex","ui/icon/080000/080005.tex","Level#2257020","ui/icon/110000/110018.tex",True,"Level#3446785","music/ffxiv/BGM_Leves.scd"
606,"焚书任务：回收禁书«散发腐臭的怪物»","前一段时间，鬼哭队逮捕了一批邪教教团“最后之民”的成员。据他们交代，在南部林区中藏着封印了异界妖异的禁书——«魔物大全»。封印在这种书里的妖异都是非常恐怖的，一旦被普通人接触后果可能非常严重。因此我们一定要火速赶去目标地点，将所有的书页全部烧毁。","硕老树冥想窟法师 沙利娜",1,"佣兵作业","格里达尼亚",25,20,1,0,"黑衣森林南部林区","石场水车","未知钓场",0,False,"战斗精英 魔法导师","佣兵理符任务",0,"黑衣森林南部林区","ui/icon/080000/080012.tex","BattleLeve#65643",True,4,0.8,0,0,"LeveRewardItem#173","ui/icon/080000/080023.tex","ui/icon/080000/080005.tex","Level#2257020","ui/icon/110000/110018.tex",True,"Level#3446765","music/ffxiv/BGM_Leves.scd"
607,"怀柔任务：调查羚羊的生态","狩猎人行会为了确保狩猎资源，委托一位博物学家到南部林区去调查野兽的生态。为了让这位博物学家的调查更轻松，我们希望能够有人协助将兴奋的羚羊平息下来。","狩猎人行会 厄让奈尔",1,"佣兵作业","格里达尼亚",25,20,1,0,"黑衣森林南部林区","石场水车","未知钓场",0,False,"战斗精英 魔法导师","佣兵理符任务",0,"黑衣森林南部林区","ui/icon/080000/080012.tex","BattleLeve#65644",True,4,0.8,0,0,"LeveRewardItem#173","ui/icon/080000/080038.tex","ui/icon/080000/080005.tex","Level#2257020","ui/icon/110000/110018.tex",True,"Level#3446778","music/ffxiv/BGM_Leves.scd"
608,"搜索任务：回收秘藏的蜂蜜酒","请帮我把放在泉水里冷却的蜂蜜酒取回来吧。那是我偷偷藏在床下的酒，为了不被老婆发现放过去的。但是现在老婆管得太严了……我甚至都没法溜出门……真是太悲哀了啊！","石场水车居民 阿尔德里克",1,"佣兵作业","格里达尼亚",25,20,1,0,"黑衣森林南部林区","石场水车","未知钓场",0,False,"战斗精英 魔法导师","佣兵理符任务",0,"黑衣森林南部林区","ui/icon/080000/080012.tex","BattleLeve#65645",True,4,0.8,0,0,"LeveRewardItem#173","ui/icon/080000/080055.tex","ui/icon/080000/080005.tex","Level#2257020","ui/icon/110000/110018.tex",True,"Level#3446784","music/ffxiv/BGM_Leves.scd"
609,"引导任务：阻止偷猎行为","狩猎人行会有着禁止狩猎适龄羚羊的规定。但是名为“豹爪”的偷猎组织却总是无视这条规定随心所欲地猎杀。请帮帮那些不小心进入了他们领地里的羚羊吧，最好能够把它们带领到石场水车附近。","狩猎人行会 厄让奈尔",1,"佣兵作业","格里达尼亚",25,20,1,0,"黑衣森林南部林区","石场水车","未知钓场",0,False,"战斗精英 魔法导师","佣兵理符任务",0,"黑衣森林南部林区","ui/icon/080000/080012.tex","BattleLeve#65646",True,4,0.8,0,0,"LeveRewardItem#173","ui/icon/080000/080056.tex","ui/icon/080000/080005.tex","Level#2257020","ui/icon/110000/110018.tex",True,"Level#3943221","music/ffxiv/BGM_Leves.scd"
610,"焚书任务：回收禁书«邪眼闪光的怪物»","前一段时间，鬼哭队逮捕了一批邪教教团“最后之民”的成员。据他们交代，在南部林区中藏着封印了异界妖异的禁书——«魔物大全»。封印在这种书里的妖异都是非常恐怖的，还有可能被野兽将书页吃下去。因此我们一定要火速赶去目标地点，将所有的书页全部烧毁。","硕老树冥想窟法师 沙利娜",1,"佣兵作业","格里达尼亚",25,20,1,0,"黑衣森林南部林区","石场水车","未知钓场",0,False,"战斗精英 魔法导师","佣兵理符任务",0,"黑衣森林南部林区","ui/icon/080000/080012.tex","BattleLeve#65647",True,4,0.8,0,0,"LeveRewardItem#173","ui/icon/080000/080023.tex","ui/icon/080000/080005.tex","Level#2257020","ui/icon/110000/110018.tex",True,"Level#3446778","music/ffxiv/BGM_Leves.scd"
611,"追击任务：骸旅团的残党部队","“阿拉米格”的末代皇帝——暴君泰奥德里克，其亲卫队“骸旅团”的残党无恶不作，现于萨纳兰夜间行窃。请彻底消灭那些给祖国蒙羞的家伙。","小阿拉米格居民 格里菲德",1,"佣兵作业","乌尔达哈",25,20,1,0,"南萨纳兰","小阿拉米格","未知钓场",0,False,"战斗精英 魔法导师","佣兵理符任务",0,"南萨纳兰","ui/icon/080000/080013.tex","BattleLeve#65648",True,4,0.8,0,0,"LeveRewardItem#174","ui/icon/080000/080022.tex","ui/icon/080000/080005.tex","Level#3974981","ui/icon/110000/110025.tex",True,"Level#3437845","music/ffxiv/BGM_Leves.scd"
612,"索敌任务：变成火蛟的小魔鬼","听说有利用变身能力，变成凶猛的火蛟吓唬路人的小魔精。我们不能容忍这种恶劣的恶作剧。那些家伙害怕强光，请使用“火元精核心”使其现出原形后，将其打倒。","铜刃团荷花联队 柳莫莫",1,"佣兵作业","乌尔达哈",25,20,1,0,"南萨纳兰","小阿拉米格","未知钓场",0,False,"战斗精英 魔法导师","佣兵理符任务",0,"南萨纳兰","ui/icon/080000/080013.tex","BattleLeve#65649",True,4,0.8,0,0,"LeveRewardItem#174","ui/icon/080000/080028.tex","ui/icon/080000/080005.tex","Level#3974981","ui/icon/110000/110025.tex",True,"Level#3437847","music/ffxiv/BGM_Leves.scd"
613,"焚书任务：回收禁书«滴落腐液的怪物»","送往纳尔札尔教团书库收藏的禁书«妖异全集»，其魔力吸引来的魔物袭击了运输部队，导致禁书的一部分书页散落到了各地。请火速赶往现场，将书页全部回收，并消灭解封的妖异！","纳尔札尔教团主教 玛玛涅",1,"佣兵作业","乌尔达哈",25,20,1,0,"南萨纳兰","小阿拉米格","未知钓场",0,False,"战斗精英 魔法导师","佣兵理符任务",0,"南萨纳兰","ui/icon/080000/080013.tex","BattleLeve#65650",True,4,0.8,0,0,"LeveRewardItem#174","ui/icon/080000/080023.tex","ui/icon/080000/080005.tex","Level#3974981","ui/icon/110000/110025.tex",True,"Level#3437848","music/ffxiv/BGM_Leves.scd"
614,"怀柔任务：稀少的带花仙人掌","最近有一个传言在各地都很火，说仙人刺的花是能治百病的妙药。不管是真是假，都不能错失这个商机。为了栽培、增殖带花的仙人掌，请使其弱化后，将其驯服。","商队互助会 茨茨希",1,"佣兵作业","乌尔达哈",25,20,1,0,"南萨纳兰","小阿拉米格","未知钓场",0,False,"战斗精英 魔法导师","佣兵理符任务",0,"南萨纳兰","ui/icon/080000/080013.tex","BattleLeve#65651",True,4,0.8,0,0,"LeveRewardItem#174","ui/icon/080000/080038.tex","ui/icon/080000/080005.tex","Level#3974981","ui/icon/110000/110025.tex",True,"Level#3437848","music/ffxiv/BGM_Leves.scd"
615,"引导任务：孤儿 贝拉斯拉贝恩","我认识一个在小阿拉米格生活的孤儿。那孩子舍弃了自己的名字，继承了父亲的名字，是个孝顺的孩子。现在那孩子好像去墓地拜祭父亲了，那一带很危险，因此我很担心。希望能够有人帮忙将其带回来。","小阿拉米格居民 格里菲德",1,"佣兵作业","乌尔达哈",25,20,1,0,"南萨纳兰","小阿拉米格","未知钓场",0,False,"战斗精英 魔法导师","佣兵理符任务",0,"南萨纳兰","ui/icon/080000/080013.tex","BattleLeve#65652",True,4,0.8,0,0,"LeveRewardItem#174","ui/icon/080000/080056.tex","ui/icon/080000/080005.tex","Level#3974981","ui/icon/110000/110025.tex",True,"Level#3982997","music/ffxiv/BGM_Leves.scd"
616,"焚书任务：回收禁书«暗夜潜行的怪物»","禁书«妖异全集»里封印着虚无界的恶鬼“石像魔”。但黑市商人将其交给了“骸旅团”。请在那些家伙利用此物干坏事之前，夺回禁书的书页，消灭解封的石像魔。","纳尔札尔教团主教 玛玛涅",1,"佣兵作业","乌尔达哈",25,20,1,0,"南萨纳兰","小阿拉米格","未知钓场",0,False,"战斗精英 魔法导师","佣兵理符任务",0,"南萨纳兰","ui/icon/080000/080013.tex","BattleLeve#65653",True,4,0.8,0,0,"LeveRewardItem#174","ui/icon/080000/080023.tex","ui/icon/080000/080004.tex","Level#3974981","ui/icon/110000/110025.tex",False,"Level#3437845","music/ffxiv/BGM_Leves.scd"
617,"获得任务：鬼哭队的粮草","要保持鬼哭队队员们的士气和身体健康，那么良好的饭菜是不可或缺的。因此我们打算征集一些“兀鹫胸肉”和“鬼鮟鱇刺身”来改善伙食质量。希望有热心的冒险者能够提供给我们材料，我们会有相应的报酬。","鬼哭队第六枪队 阿维雷",1,"佣兵作业","格里达尼亚",30,20,1,0,"黑衣森林南部林区","恬静路营地","未知钓场",0,False,"战斗精英 魔法导师","佣兵理符任务",0,"黑衣森林南部林区","ui/icon/080000/080012.tex","BattleLeve#65680",True,4,0.8,0,0,"LeveRewardItem#175","ui/icon/080000/080025.tex","ui/icon/080000/080005.tex","Level#3643652","ui/icon/110000/110011.tex",True,"Level#3799684","music/ffxiv/BGM_Leves.scd"
618,"追击任务：追击偷猎者","好像有人在南部的飞空艇起落场遗迹办起了交易偷猎品的黑市。我们一定要追查出入这黑市的偷猎者，让这群破坏森林的不法之徒尝到制裁的铁锤的滋味！先招募大量冒险者同行，让我们一起维护森林的和谐吧。","鬼哭队第六枪队 阿维雷",1,"佣兵作业","格里达尼亚",30,20,1,0,"黑衣森林南部林区","恬静路营地","未知钓场",0,False,"战斗精英 魔法导师","佣兵理符任务",0,"黑衣森林南部林区","ui/icon/080000/080012.tex","BattleLeve#65681",True,4,0.8,0,0,"LeveRewardItem#175","ui/icon/080000/080022.tex","ui/icon/080000/080005.tex","Level#3643652","ui/icon/110000/110011.tex",True,"Level#3799687","music/ffxiv/BGM_Leves.scd"
619,"焚书任务：回收禁书«污浊不净的怪物»","有一支运送禁书«妖异全集»的旅商队遭到了魔物的袭击，导致禁书的一部分书页散落到了各地。这些书页中都封印着不洁的妖异，十分危险。请火速赶往现场，将书页全部回收，并消灭解封的妖异！","硕老树冥想窟 艾德斯坦",1,"佣兵作业","格里达尼亚",30,20,1,0,"黑衣森林南部林区","恬静路营地","未知钓场",0,False,"战斗精英 魔法导师","佣兵理符任务",0,"黑衣森林南部林区","ui/icon/080000/080012.tex","BattleLeve#65682",True,4,0.8,0,0,"LeveRewardItem#175","ui/icon/080000/080023.tex","ui/icon/080000/080005.tex","Level#3643652","ui/icon/110000/110011.tex",True,"Level#3799684","music/ffxiv/BGM_Leves.scd"
620,"搜索任务：精金龟的蛋","现在蔓根沼已经被外来物种的精金龟给占领了。不能再任由它们继续繁殖下去，一定要采取一些办法了。我们准备去收取一定量的精金龟蛋，不但能抑制精金龟的繁殖，也可以用来给我们的队员们提供一份新的伙食。欢迎冒险者们来协助我们，不过要小心，收取的时候千万不要打碎了。","鬼哭队第六枪队 阿维雷",1,"佣兵作业","格里达尼亚",30,20,1,0,"黑衣森林南部林区","恬静路营地","未知钓场",0,False,"战斗精英 魔法导师","佣兵理符任务",0,"黑衣森林南部林区","ui/icon/080000/080012.tex","BattleLeve#65683",True,4,0.8,0,0,"LeveRewardItem#175","ui/icon/080000/080055.tex","ui/icon/080000/080005.tex","Level#3643652","ui/icon/110000/110011.tex",True,"Level#3799688","music/ffxiv/BGM_Leves.scd"
621,"引导任务：护卫哥布林商队","“伽特里克斯是好哥布林。行商行商黑衣森林。讨厌讨厌触手。谁来谁来保护。”
看来这位商人是因为有讨厌的魔物挡路，而困在营地里了。请快去帮助他吧。 ——冒险者行会代笔","品行端正的旅行商人 伽特里克斯",1,"佣兵作业","格里达尼亚",30,20,1,0,"黑衣森林南部林区","恬静路营地","未知钓场",0,False,"战斗精英 魔法导师","佣兵理符任务",0,"黑衣森林南部林区","ui/icon/080000/080012.tex","BattleLeve#65684",True,4,0.8,0,0,"LeveRewardItem#175","ui/icon/080000/080056.tex","ui/icon/080000/080005.tex","Level#3643652","ui/icon/110000/110011.tex",True,"Level#3799684","music/ffxiv/BGM_Leves.scd"
622,"搜索任务：没收黑市商品","“豹爪”偷猎团准备在黑市里出售他们偷猎得来的兽皮。现在我们已经查明了他们的货品存放地，请尽快去将赃物没收。不过可能会遭遇敌人的抵抗，务必不要大意。","鬼哭队第六枪队 阿维雷",1,"佣兵作业","格里达尼亚",30,20,1,0,"黑衣森林南部林区","恬静路营地","未知钓场",0,False,"战斗精英 魔法导师","佣兵理符任务",0,"黑衣森林南部林区","ui/icon/080000/080012.tex","BattleLeve#65685",True,4,0.8,0,0,"LeveRewardItem#175","ui/icon/080000/080055.tex","ui/icon/080000/080004.tex","Level#3643652","ui/icon/110000/110011.tex",False,"Level#3799688","music/ffxiv/BGM_Leves.scd"
623,"讨伐任务：维护太阳海岸的景色","我的主人格格鲁玖大人出资将鲜血滨改建成了“太阳海岸”。为了维护此等美景，现召集有志的冒险者前来消灭魔物。望众冒险者积极响应。","格格鲁玖家管家 古古蒂",1,"佣兵作业","利姆萨·罗敏萨",30,20,1,0,"东拉诺西亚","太阳海岸","未知钓场",0,False,"战斗精英 魔法导师","佣兵理符任务",0,"东拉诺西亚","ui/icon/080000/080011.tex","BattleLeve#65721",True,4,0.8,0,0,"LeveRewardItem#176","ui/icon/080000/080021.tex","ui/icon/080000/080005.tex","Level#3999029","ui/icon/110000/110047.tex",True,"Level#4167305","music/ffxiv/BGM_Leves.scd"
624,"追击任务：消灭太阳海岸的噪音","我的主人格格鲁玖大人苦于繁殖期的碧企鹅的叫唤声。在下次繁殖期到来之前，有必要消灭一些碧企鹅。讨伐时注意别让它们跑了。望众冒险者积极响应。","格格鲁玖家管家 古古蒂",1,"佣兵作业","利姆萨·罗敏萨",30,20,1,0,"东拉诺西亚","太阳海岸","未知钓场",0,False,"战斗精英 魔法导师","佣兵理符任务",0,"东拉诺西亚","ui/icon/080000/080011.tex","BattleLeve#65722",True,4,0.8,0,0,"LeveRewardItem#176","ui/icon/080000/080022.tex","ui/icon/080000/080005.tex","Level#3999029","ui/icon/110000/110047.tex",True,"Level#4167315","music/ffxiv/BGM_Leves.scd"
625,"焚书任务：回收禁书«烈焰旺盛的怪物»","大富豪格格鲁玖购入的古书中混入了禁书«妖异全集»喵。虽然他将禁书分散处理掉了，但那书封印着十分危险的魔物喵。希望能够有人火速将书页回收，并消灭解封的妖异喵。","梅尔凡海关 佩·塔嘉",1,"佣兵作业","利姆萨·罗敏萨",30,20,1,0,"东拉诺西亚","太阳海岸","未知钓场",0,False,"战斗精英 魔法导师","佣兵理符任务",0,"东拉诺西亚","ui/icon/080000/080011.tex","BattleLeve#65723",True,4,0.8,0,0,"LeveRewardItem#176","ui/icon/080000/080023.tex","ui/icon/080000/080005.tex","Level#3999029","ui/icon/110000/110047.tex",True,"Level#4167317","music/ffxiv/BGM_Leves.scd"
626,"怀柔任务：逃跑的蜂鸟","我的主人格格鲁玖大人从南洋购入，用作观赏的“蜂鸟”逃跑了。主人希望我们尽快将蜂鸟捉回。即使粗暴点也无妨，请让其弱化后，将其捕获。","格格鲁玖家管家 古古蒂",1,"佣兵作业","利姆萨·罗敏萨",30,20,1,0,"东拉诺西亚","太阳海岸","未知钓场",0,False,"战斗精英 魔法导师","佣兵理符任务",0,"东拉诺西亚","ui/icon/080000/080011.tex","BattleLeve#65724",True,4,0.8,0,0,"LeveRewardItem#176","ui/icon/080000/080038.tex","ui/icon/080000/080005.tex","Level#3999029","ui/icon/110000/110047.tex",True,"Level#4167315","music/ffxiv/BGM_Leves.scd"
627,"搜索任务：冷却的葡萄酒","我们店将葡萄酒瓶放在海里冷却。但盛酒瓶的网破了，有好几瓶酒不知去向。请去海边回收“漂流的酒瓶”。回收时要注意魔物。","飞鲨店主 迪尔斯特维兹",1,"佣兵作业","利姆萨·罗敏萨",30,20,1,0,"东拉诺西亚","太阳海岸","未知钓场",0,False,"战斗精英 魔法导师","佣兵理符任务",0,"东拉诺西亚","ui/icon/080000/080011.tex","BattleLeve#65725",True,4,0.8,0,0,"LeveRewardItem#176","ui/icon/080000/080055.tex","ui/icon/080000/080005.tex","Level#3999029","ui/icon/110000/110047.tex",True,"Level#4167311","music/ffxiv/BGM_Leves.scd"
628,"引导任务：迷路的大水牛","大水牛迷路闯进太阳海岸一带。虽然解决它不是什么难事，但还是担心它暴走起来破坏设施。请在雇主格格鲁玖大人发现之前，将其引导至白鸥塔。","格格鲁玖家警卫 维斯凯特",1,"佣兵作业","利姆萨·罗敏萨",30,20,1,0,"东拉诺西亚","太阳海岸","未知钓场",0,False,"战斗精英 魔法导师","佣兵理符任务",0,"东拉诺西亚","ui/icon/080000/080011.tex","BattleLeve#65726",True,4,0.8,0,0,"LeveRewardItem#176","ui/icon/080000/080056.tex","ui/icon/080000/080005.tex","Level#3999029","ui/icon/110000/110047.tex",True,"Level#4167320","music/ffxiv/BGM_Leves.scd"
629,"巡逻任务：维护太阳海岸的安全","我的主人格格鲁玖大人居住于太阳海岸，为了避免主人遇见魔物招致不快，现需要消灭周边的魔物。请去指定区域巡逻，消灭所有魔物。望众冒险者积极响应。","格格鲁玖家管家 古古蒂",1,"佣兵作业","利姆萨·罗敏萨",30,20,1,0,"东拉诺西亚","太阳海岸","未知钓场",0,False,"战斗精英 魔法导师","佣兵理符任务",0,"东拉诺西亚","ui/icon/080000/080011.tex","BattleLeve#65727",True,4,0.8,0,0,"LeveRewardItem#176","ui/icon/080000/080026.tex","ui/icon/080000/080004.tex","Level#3999029","ui/icon/110000/110047.tex",False,"Level#4167305","music/ffxiv/BGM_Leves.scd"
630,"追击任务：惩罚长须豹","我出货的葡萄酒全部没了。运货人说因为遭到长须豹的袭击，只能丢弃葡萄酒桶逃跑了。我对此很是恼火。请追击那些长须豹，狠狠惩罚它们！","葡萄酒港酿酒师 西兹福鲁斯克",1,"佣兵作业","利姆萨·罗敏萨",35,20,1,0,"东拉诺西亚","葡萄酒港","未知钓场",0,False,"战斗精英 魔法导师","佣兵理符任务",0,"东拉诺西亚","ui/icon/080000/080011.tex","BattleLeve#65654",True,4,0.8,0,0,"LeveRewardItem#178","ui/icon/080000/080022.tex","ui/icon/080000/080005.tex","Level#3629068","ui/icon/110000/110057.tex",True,"Level#3629736","music/ffxiv/BGM_Leves.scd"
631,"索敌任务：葡萄酒仓的入侵者","小魔精变成无害的蔓德拉闯进了葡萄酒仓库，希望能够有人帮忙将其消灭。那些家伙惧怕强光，向其投掷“鬼火种”就能使其现出原形。请将它们消灭。","葡萄酒港酿酒师 西兹福鲁斯克",1,"佣兵作业","利姆萨·罗敏萨",35,20,1,0,"东拉诺西亚","葡萄酒港","未知钓场",0,False,"战斗精英 魔法导师","佣兵理符任务",0,"东拉诺西亚","ui/icon/080000/080011.tex","BattleLeve#65655",True,4,0.8,0,0,"LeveRewardItem#178","ui/icon/080000/080028.tex","ui/icon/080000/080005.tex","Level#3629068","ui/icon/110000/110057.tex",True,"Level#3629738","music/ffxiv/BGM_Leves.scd"
632,"焚书任务：回收禁书«烈焰高涨的怪物»","听说哥布林族在走私封印着强大爆弹怪的禁书«妖异全集»。虽然不知道他们有何目的，但绝不能放过违禁品。请回收全部书页，打倒解封的爆弹怪，处理掉禁书。","梅尔凡海关 佩·塔嘉",1,"佣兵作业","利姆萨·罗敏萨",35,20,1,0,"东拉诺西亚","葡萄酒港","未知钓场",0,False,"战斗精英 魔法导师","佣兵理符任务",0,"东拉诺西亚","ui/icon/080000/080011.tex","BattleLeve#65656",True,4,0.8,0,0,"LeveRewardItem#178","ui/icon/080000/080023.tex","ui/icon/080000/080005.tex","Level#3629068","ui/icon/110000/110057.tex",True,"Level#3629769","music/ffxiv/BGM_Leves.scd"
633,"迎击任务：葡萄酒港的威胁","凶暴的大水牛威胁着葡萄酒港居民的生命安全。获取大水牛爱吃的“蔓德拉的双叶”，以此作为诱饵将其引出，一举消灭。大水牛是凶暴的野兽，请做好准备，全力应战。","黄衫队第四陆战队陆士长 雅·亚拉巴莉",1,"佣兵作业","利姆萨·罗敏萨",35,20,1,0,"东拉诺西亚","葡萄酒港","未知钓场",0,False,"战斗精英 魔法导师","佣兵理符任务",0,"东拉诺西亚","ui/icon/080000/080011.tex","BattleLeve#65657",True,4,0.8,0,0,"LeveRewardItem#178","ui/icon/080000/080024.tex","ui/icon/080000/080005.tex","Level#3629068","ui/icon/110000/110057.tex",True,"Level#3629736","music/ffxiv/BGM_Leves.scd"
634,"引导任务：运送香葡萄酒","我要去趟石绿湖营地，把治疗伤兵用的“香葡萄酒”送过去。但往北的道路上有很多袭击人的魔物，很危险……希望能够有人护送我去石绿湖营地。","葡萄酒港酿酒师 艾·巴恩妲拉",1,"佣兵作业","利姆萨·罗敏萨",35,20,1,0,"东拉诺西亚","葡萄酒港","未知钓场",0,False,"战斗精英 魔法导师","佣兵理符任务",0,"东拉诺西亚","ui/icon/080000/080011.tex","BattleLeve#65658",True,4,0.8,0,0,"LeveRewardItem#178","ui/icon/080000/080056.tex","ui/icon/080000/080005.tex","Level#3629068","ui/icon/110000/110057.tex",True,"Level#4249265","music/ffxiv/BGM_Leves.scd"
635,"迎击任务：暴食的古菩猩猩","不管是肉还是植物，任何东西都能下肚的古菩猩猩，现在在葡萄酒港周围大闹一通。请准备“鹈鹕的肉”引诱出古菩猩猩，全力应战，将其讨伐。","黄衫队第四陆战队陆士长 雅·亚拉巴莉",1,"佣兵作业","利姆萨·罗敏萨",35,20,1,0,"东拉诺西亚","葡萄酒港","未知钓场",0,False,"战斗精英 魔法导师","佣兵理符任务",0,"东拉诺西亚","ui/icon/080000/080011.tex","BattleLeve#65659",True,4,0.8,0,0,"LeveRewardItem#178","ui/icon/080000/080024.tex","ui/icon/080000/080004.tex","Level#3629068","ui/icon/110000/110057.tex",False,"Level#3629769","music/ffxiv/BGM_Leves.scd"
636,"获得任务：白狼的毛皮","灵灾后，库尔札斯变得十分寒冷，防寒衣供不应求。特别是又柔软又保暖的白狼的粗皮很是受欢迎。去狩猎野生狼群，收集它们的毛皮。狼群很凶猛，要小心。","酒保商人 迪维库鲁瓦",1,"佣兵作业","格里达尼亚",35,20,1,0,"库尔札斯中央高地","阿德内尔占星台","未知钓场",0,False,"战斗精英 魔法导师","佣兵理符任务",0,"库尔札斯中央高地","ui/icon/080000/080012.tex","BattleLeve#65660",True,4,0.8,0,0,"LeveRewardItem#179","ui/icon/080000/080025.tex","ui/icon/080000/080005.tex","Level#3643001","ui/icon/110000/110059.tex",True,"Level#3631239","music/ffxiv/BGM_Leves.scd"
637,"索敌任务：违禁药物的温床","请去驱逐头上长有幻觉性香草的古菩猩猩。古菩猩猩的体温很高，只要向它投掷汽油弹怪的小指，就能将雪融化。利用此特征寻找头上长有违禁植物的古菩猩猩。","伊修加德教皇厅神殿骑士 马瑟兰",1,"佣兵作业","格里达尼亚",35,20,1,0,"库尔札斯中央高地","阿德内尔占星台","未知钓场",0,False,"战斗精英 魔法导师","佣兵理符任务",0,"库尔札斯中央高地","ui/icon/080000/080012.tex","BattleLeve#65661",True,4,0.8,0,0,"LeveRewardItem#179","ui/icon/080000/080028.tex","ui/icon/080000/080005.tex","Level#3643001","ui/icon/110000/110059.tex",True,"Level#3631242","music/ffxiv/BGM_Leves.scd"
638,"焚书任务：回收禁书«严寒冰封的怪物»","在焚烧收缴的禁书时，有些书页被风卷走了。请回收禁书«严寒冰封的怪物»的书页，并打倒被封印的妖异。另外，野生的羊可能会因书页的魔力而变得凶暴，请多加小心。","伊修加德教皇厅神殿骑士 马瑟兰",1,"佣兵作业","格里达尼亚",35,20,1,0,"库尔札斯中央高地","阿德内尔占星台","未知钓场",0,False,"战斗精英 魔法导师","佣兵理符任务",0,"库尔札斯中央高地","ui/icon/080000/080012.tex","BattleLeve#65662",True,4,0.8,0,0,"LeveRewardItem#179","ui/icon/080000/080023.tex","ui/icon/080000/080005.tex","Level#3643001","ui/icon/110000/110059.tex",True,"Level#3631241","music/ffxiv/BGM_Leves.scd"
639,"迎击任务：为可怜的牧童报仇","我的一位牧童朋友在雪原被食人魔吃了。食人魔喜欢吃鲜嫩的人肉和羊肉，狩猎黑羊，获得柔软的羊肉，将食人魔引出，为牧童报仇。","酒保商人 迪维库鲁瓦",1,"佣兵作业","格里达尼亚",35,20,1,0,"库尔札斯中央高地","阿德内尔占星台","未知钓场",0,False,"战斗精英 魔法导师","佣兵理符任务",0,"库尔札斯中央高地","ui/icon/080000/080012.tex","BattleLeve#65663",True,4,0.8,0,0,"LeveRewardItem#179","ui/icon/080000/080024.tex","ui/icon/080000/080005.tex","Level#3643001","ui/icon/110000/110059.tex",True,"Level#3631242","music/ffxiv/BGM_Leves.scd"
640,"引导任务：引导离群羊","我买了几头羊，可有一只离群走丢了。它应该还没走远，请将它引导至阿德内尔占星台。周边有很多饥饿的野兽，请多加小心。","酒保商人 迪维库鲁瓦",1,"佣兵作业","格里达尼亚",35,20,1,0,"库尔札斯中央高地","阿德内尔占星台","未知钓场",0,False,"战斗精英 魔法导师","佣兵理符任务",0,"库尔札斯中央高地","ui/icon/080000/080012.tex","BattleLeve#65664",True,4,0.8,0,0,"LeveRewardItem#179","ui/icon/080000/080056.tex","ui/icon/080000/080005.tex","Level#3643001","ui/icon/110000/110059.tex",True,"Level#4249432","music/ffxiv/BGM_Leves.scd"
641,"搜索任务：调查库尔札斯的植被","为了调查库尔札斯地区的植被随着气候发生了怎样的变化，我需要库尔札斯的土壤。请前往指定地点，收集调查植被土样。请注意周围饥饿的野兽。","博物学家 伊思妲",1,"佣兵作业","格里达尼亚",35,20,1,0,"库尔札斯中央高地","阿德内尔占星台","未知钓场",0,False,"战斗精英 魔法导师","佣兵理符任务",0,"库尔札斯中央高地","ui/icon/080000/080012.tex","BattleLeve#65665",True,4,0.8,0,0,"LeveRewardItem#179","ui/icon/080000/080055.tex","ui/icon/080000/080005.tex","Level#3643001","ui/icon/110000/110059.tex",True,"Level#3631240","music/ffxiv/BGM_Leves.scd"
642,"迎击任务：邪恶的龙族眷属","阿德内尔占星台的附近出现了邪恶的龙族眷属鲜红龙鸟。用中音巨鳄肉把它引出来并将它打倒。代替战神，惩戒龙族！","阿德内尔占星台占星学家 埃德梅勒",1,"佣兵作业","格里达尼亚",35,20,1,0,"库尔札斯中央高地","阿德内尔占星台","未知钓场",0,False,"战斗精英 魔法导师","佣兵理符任务",0,"库尔札斯中央高地","ui/icon/080000/080012.tex","BattleLeve#65666",True,4,0.8,0,0,"LeveRewardItem#179","ui/icon/080000/080024.tex","ui/icon/080000/080004.tex","Level#3643001","ui/icon/110000/110059.tex",False,"Level#3631241","music/ffxiv/BGM_Leves.scd"
643,"讨伐任务：犯罪组织巴特商会","近来，乌尔达哈市面上出现了不少价格过低的商品，经查明，这些全是巴特商会贩卖的灵灾受害者的遗物。前往他们在北萨纳兰的据点，将犯罪者一网打尽。","铜刃团凤仙花联队 蔻蔻碧",1,"佣兵作业","乌尔达哈",40,20,1,0,"北萨纳兰","蓝雾营地","未知钓场",0,False,"战斗精英 魔法导师","佣兵理符任务",0,"北萨纳兰","ui/icon/080000/080013.tex","BattleLeve#65674",True,4,0.8,0,0,"LeveRewardItem#180","ui/icon/080000/080021.tex","ui/icon/080000/080005.tex","Level#3645035","ui/icon/110000/110058.tex",True,"Level#3633687","music/ffxiv/BGM_Leves.scd"
644,"焚书任务：回收禁书«异界火焰的怪物»","贩卖赃物的犯罪组织巴特商会得到了«妖异全集»，我们突袭了交易现场，阻止了禁书的贩卖。但在与他们战斗时，禁书的书页飞散到了四处。收集起四散的书页，打倒被封印的妖异。","纳尔札尔教团主教 玛玛涅",1,"佣兵作业","乌尔达哈",40,20,1,0,"北萨纳兰","蓝雾营地","未知钓场",0,False,"战斗精英 魔法导师","佣兵理符任务",0,"北萨纳兰","ui/icon/080000/080013.tex","BattleLeve#65675",True,4,0.8,0,0,"LeveRewardItem#180","ui/icon/080000/080023.tex","ui/icon/080000/080005.tex","Level#3645035","ui/icon/110000/110058.tex",True,"Level#3633692","music/ffxiv/BGM_Leves.scd"
645,"迎击任务：恶神之眼巴罗尔","神出鬼没的妖异威胁着物资补给通道的安全。为防止青磷精炼所被孤立，我们要想办法打倒巴罗尔。洒下从巴罗尔之铃身上得到的忘忧泪，将其引出并歼灭。","艾玛吉娜矿山公司 布兰布鲁斯",1,"佣兵作业","乌尔达哈",40,20,1,0,"北萨纳兰","蓝雾营地","未知钓场",0,False,"战斗精英 魔法导师","佣兵理符任务",0,"北萨纳兰","ui/icon/080000/080013.tex","BattleLeve#65676",True,4,0.8,0,0,"LeveRewardItem#180","ui/icon/080000/080024.tex","ui/icon/080000/080005.tex","Level#3645035","ui/icon/110000/110058.tex",True,"Level#3633697","music/ffxiv/BGM_Leves.scd"
646,"巡逻任务：确保补给通道的安全","北边的青磷精炼所是我社重要的据点之一。在恒辉队的保护下，精炼所十分安全，但在搬运青磷水的补给通道上经常出问题，请前往指定区域，消灭威胁补给通道的魔物。","艾玛吉娜矿山公司 布兰布鲁斯",1,"佣兵作业","乌尔达哈",40,20,1,0,"北萨纳兰","蓝雾营地","未知钓场",0,False,"战斗精英 魔法导师","佣兵理符任务",0,"北萨纳兰","ui/icon/080000/080013.tex","BattleLeve#65677",True,4,0.8,0,0,"LeveRewardItem#180","ui/icon/080000/080026.tex","ui/icon/080000/080005.tex","Level#3645035","ui/icon/110000/110058.tex",True,"Level#3633692","music/ffxiv/BGM_Leves.scd"
647,"引导任务：失踪的警犬","为强化青磷精炼所的警备，我社正在训练警犬。前些天，有一只警犬在训练中走失了。请找到它并将它带回来。","艾玛吉娜矿山公司 阿梅恩加尔德",1,"佣兵作业","乌尔达哈",40,20,1,0,"北萨纳兰","蓝雾营地","未知钓场",0,False,"战斗精英 魔法导师","佣兵理符任务",0,"北萨纳兰","ui/icon/080000/080013.tex","BattleLeve#65678",True,4,0.8,0,0,"LeveRewardItem#180","ui/icon/080000/080056.tex","ui/icon/080000/080005.tex","Level#3645035","ui/icon/110000/110058.tex",True,"Level#4249370","music/ffxiv/BGM_Leves.scd"
648,"获得任务：新型炸药的试验材料","如果能做出威力足以炸飞帝国军魔导装甲的炸药，是不是就能大赚一笔了？为研究此种炸药，请收集所有你能想得到的低燃点物质。","炼金术士行会 阿莱温",1,"佣兵作业","乌尔达哈",40,20,1,0,"北萨纳兰","蓝雾营地","未知钓场",0,False,"战斗精英 魔法导师","佣兵理符任务",0,"北萨纳兰","ui/icon/080000/080013.tex","BattleLeve#65679",True,4,0.8,0,0,"LeveRewardItem#180","ui/icon/080000/080025.tex","ui/icon/080000/080004.tex","Level#3645035","ui/icon/110000/110058.tex",False,"Level#3633697","music/ffxiv/BGM_Leves.scd"
649,"焚书任务：回收禁书«黑暗羽翼的怪物»","异端者偷走了封印着妖异的禁书。也许是惹怒了战神，异端者被野兽吃掉了，禁书也随之一起进入了野兽的肚子。回收禁书，净化被封印的妖异。","伊修加德教皇厅神殿骑士 马瑟兰",1,"佣兵作业","格里达尼亚",40,20,1,0,"库尔札斯中央高地","白云崖前哨","未知钓场",0,False,"战斗精英 魔法导师","佣兵理符任务",0,"库尔札斯中央高地","ui/icon/080000/080012.tex","BattleLeve#65667",True,4,0.8,0,0,"LeveRewardItem#181","ui/icon/080000/080023.tex","ui/icon/080000/080005.tex","Level#3643492","ui/icon/110000/110060.tex",True,"Level#3637456","music/ffxiv/BGM_Leves.scd"
650,"迎击任务：徘徊的利剑牛头魔","妖异牛头魔从魔胃洞中出来，徘徊在白云崖的雪原上。为保护出入前哨的补给队，用骏鹰腿肉将其引诱出来并讨伐。","福尔唐家骑兵 阿蒂里乌",1,"佣兵作业","格里达尼亚",40,20,1,0,"库尔札斯中央高地","白云崖前哨","未知钓场",0,False,"战斗精英 魔法导师","佣兵理符任务",0,"库尔札斯中央高地","ui/icon/080000/080012.tex","BattleLeve#65668",True,4,0.8,0,0,"LeveRewardItem#181","ui/icon/080000/080024.tex","ui/icon/080000/080005.tex","Level#3643492","ui/icon/110000/110060.tex",True,"Level#3637466","music/ffxiv/BGM_Leves.scd"
651,"迎击任务：龙族眷属鲜红龙鸟","我们正在寻找能打败鲜红龙鸟的冒险者。此龙族眷属喜欢吃肉，用雷蛟筋腱将其引诱出来，在它出去害人之前将它了结。","福尔唐家骑兵 阿蒂里乌",1,"佣兵作业","格里达尼亚",40,20,1,0,"库尔札斯中央高地","白云崖前哨","未知钓场",0,False,"战斗精英 魔法导师","佣兵理符任务",0,"库尔札斯中央高地","ui/icon/080000/080012.tex","BattleLeve#65669",True,4,0.8,0,0,"LeveRewardItem#181","ui/icon/080000/080024.tex","ui/icon/080000/080005.tex","Level#3643492","ui/icon/110000/110060.tex",True,"Level#3637488","music/ffxiv/BGM_Leves.scd"
652,"巡逻任务：巡逻白云崖的街道","最近，想往白云崖前哨里运物资是要冒生命危险的。如果不能保证物资运输通道的安全，那么不久的将来，就不会有运货人愿意来送货了。请沿着街道驱逐野兽和魔物。","酒保商人 兰凯尔",1,"佣兵作业","格里达尼亚",40,20,1,0,"库尔札斯中央高地","白云崖前哨","未知钓场",0,False,"战斗精英 魔法导师","佣兵理符任务",0,"库尔札斯中央高地","ui/icon/080000/080012.tex","BattleLeve#65670",True,4,0.8,0,0,"LeveRewardItem#181","ui/icon/080000/080026.tex","ui/icon/080000/080005.tex","Level#3643492","ui/icon/110000/110060.tex",True,"Level#3637466","music/ffxiv/BGM_Leves.scd"
653,"怀柔任务：狩猎表演的重头戏","为了使斗技场举办的狩猎表演更加精彩，请为我们提供珍奇的魔物。请用特制镇定药捉来毛色淡的高山骏雕。削弱对方的体力后再使用炼金药。","斗技场财团 乌维尔兴",1,"佣兵作业","格里达尼亚",40,20,1,0,"库尔札斯中央高地","白云崖前哨","未知钓场",0,False,"战斗精英 魔法导师","佣兵理符任务",0,"库尔札斯中央高地","ui/icon/080000/080012.tex","BattleLeve#65671",True,4,0.8,0,0,"LeveRewardItem#181","ui/icon/080000/080038.tex","ui/icon/080000/080005.tex","Level#3643492","ui/icon/110000/110060.tex",True,"Level#3637488","music/ffxiv/BGM_Leves.scd"
654,"引导任务：贵族的宠物","有位贵族养的雪足山鼠逃走了。有人在白云崖雪原上发现了它，请前往当地，将其引导出来，千万不要让它成为饥饿的野兽们的盘中餐。","伊修加德教皇厅神殿骑士 马瑟兰",1,"佣兵作业","格里达尼亚",40,20,1,0,"库尔札斯中央高地","白云崖前哨","未知钓场",0,False,"战斗精英 魔法导师","佣兵理符任务",0,"库尔札斯中央高地","ui/icon/080000/080012.tex","BattleLeve#65672",True,4,0.8,0,0,"LeveRewardItem#181","ui/icon/080000/080056.tex","ui/icon/080000/080005.tex","Level#3643492","ui/icon/110000/110060.tex",True,"Level#4249559","music/ffxiv/BGM_Leves.scd"
655,"讨伐任务：讨伐白云崖的野兽","我在白云崖前哨做买卖，但由于物资运输通道十分危险，运货人都要求涨工资。再这样下去我就该破产了。请消灭指定地区的野兽。","酒保商人 兰凯尔",1,"佣兵作业","格里达尼亚",40,20,1,0,"库尔札斯中央高地","白云崖前哨","未知钓场",0,False,"战斗精英 魔法导师","佣兵理符任务",0,"库尔札斯中央高地","ui/icon/080000/080012.tex","BattleLeve#65673",True,4,0.8,0,0,"LeveRewardItem#181","ui/icon/080000/080021.tex","ui/icon/080000/080004.tex","Level#3643492","ui/icon/110000/110060.tex",False,"Level#3637501","music/ffxiv/BGM_Leves.scd"
656,"索敌任务：欺弱怕强的妖异","有一种妖异十分喜欢猎食人类的恐惧之心。它们化为基迦巨人族，惊吓调查员，十分讨厌。请用冰元精核心惊吓它，待它变回原形后进行讨伐。","圣寇伊纳克财团文化人类学者 拉姆布鲁斯",1,"佣兵作业","乌尔达哈",45,20,1,0,"摩杜纳","圣寇伊纳克调查地","未知钓场",0,False,"战斗精英 魔法导师","佣兵理符任务",0,"摩杜纳","ui/icon/080000/080013.tex","BattleLeve#65729",True,4,0.8,0,0,"LeveRewardItem#182","ui/icon/080000/080028.tex","ui/icon/080000/080005.tex","Level#4258822","ui/icon/110000/110061.tex",True,"Level#4261624","music/ffxiv/BGM_Leves.scd"
657,"焚书任务：回收禁书«尖牙利齿的怪物»","研究标明，自亚拉戈帝国时代起就有将妖异封印在书中的技术。也正因此，在调查地周边经常能发现禁书。请回收禁书的书页，讨伐被封印的妖异。","圣寇伊纳克财团调查员 纳吉尔·都吉尔",1,"佣兵作业","乌尔达哈",45,20,1,0,"摩杜纳","圣寇伊纳克调查地","未知钓场",0,False,"战斗精英 魔法导师","佣兵理符任务",0,"摩杜纳","ui/icon/080000/080013.tex","BattleLeve#65730",True,4,0.8,0,0,"LeveRewardItem#182","ui/icon/080000/080023.tex","ui/icon/080000/080005.tex","Level#4258822","ui/icon/110000/110061.tex",True,"Level#4261622","music/ffxiv/BGM_Leves.scd"
658,"迎击任务：验证哈帕利特奴隶末裔说的真伪","据出土石碑记载，亚拉戈帝国的魔法师曾从异界召唤出妖异哈帕利特，并将其当做奴隶使役。据说只要用骏鹰腿肉就能把它们引出来，去验证碑文记载内容的真伪。","圣寇伊纳克财团调查员 纳吉尔·都吉尔",1,"佣兵作业","乌尔达哈",45,20,1,0,"摩杜纳","圣寇伊纳克调查地","未知钓场",0,False,"战斗精英 魔法导师","佣兵理符任务",0,"摩杜纳","ui/icon/080000/080013.tex","BattleLeve#65731",True,4,0.8,0,0,"LeveRewardItem#182","ui/icon/080000/080024.tex","ui/icon/080000/080005.tex","Level#4258822","ui/icon/110000/110061.tex",True,"Level#4261601","music/ffxiv/BGM_Leves.scd"
659,"巡逻任务：抢夺宝石饰品的基迦巨人族","财团调查员被基迦巨人族袭击，敌人的目标很可能是遗迹中的宝石饰品。不能任由他们为所欲为，在指定区域巡逻，讨伐基迦巨人族。","圣寇伊纳克财团文化人类学者 拉姆布鲁斯",1,"佣兵作业","乌尔达哈",45,20,1,0,"摩杜纳","圣寇伊纳克调查地","未知钓场",0,False,"战斗精英 魔法导师","佣兵理符任务",0,"摩杜纳","ui/icon/080000/080013.tex","BattleLeve#65732",True,4,0.8,0,0,"LeveRewardItem#182","ui/icon/080000/080026.tex","ui/icon/080000/080005.tex","Level#4258822","ui/icon/110000/110061.tex",True,"Level#4261601","music/ffxiv/BGM_Leves.scd"
660,"引导任务：落单的学士","一名隶属我财团的学士前往发掘地进行调查，至今未归。很可能是太专心研究遗迹而被留下了。那里魔物成群，还面临着基迦巨人族的威胁，请迅速将学士带回来。","圣寇伊纳克财团文化人类学者 拉姆布鲁斯",1,"佣兵作业","乌尔达哈",45,20,1,0,"摩杜纳","圣寇伊纳克调查地","未知钓场",0,False,"战斗精英 魔法导师","佣兵理符任务",0,"摩杜纳","ui/icon/080000/080013.tex","BattleLeve#65733",True,4,0.8,0,0,"LeveRewardItem#182","ui/icon/080000/080056.tex","ui/icon/080000/080005.tex","Level#4258822","ui/icon/110000/110061.tex",True,"Level#4262305","music/ffxiv/BGM_Leves.scd"
661,"怀柔任务：验证夜蟾蜍品种改良说的真伪","据说，属夜蟾蜍种的巨蟾蜍是古代亚拉戈人为了食用，用魔科学改良后人为培养出的巨型品种。为了验证此说法是否正确，需要这种蟾蜍的活体样本。请削弱它的体力，将样本带回来。","圣寇伊纳克财团调查员 纳吉尔·都吉尔",1,"佣兵作业","乌尔达哈",45,20,1,0,"摩杜纳","圣寇伊纳克调查地","未知钓场",0,False,"战斗精英 魔法导师","佣兵理符任务",0,"摩杜纳","ui/icon/080000/080013.tex","BattleLeve#65734",True,4,0.8,0,0,"LeveRewardItem#182","ui/icon/080000/080038.tex","ui/icon/080000/080004.tex","Level#4258822","ui/icon/110000/110061.tex",False,"Level#4261624","music/ffxiv/BGM_Leves.scd"
662,"","","",0,"","不知何处",0,0,0,0,"","","未知钓场",0,False,"","",0,"",,,False,0,0,0,0,"LeveRewardItem#0","","",,,False,,""
663,"","","",0,"","不知何处",0,0,0,0,"","","未知钓场",0,False,"","",0,"",,,False,0,0,0,0,"LeveRewardItem#0","","",,,False,,""
664,"","","",0,"","不知何处",0,0,0,0,"","","未知钓场",0,False,"","",0,"",,,False,0,0,0,0,"LeveRewardItem#0","","",,,False,,""
665,"","","",0,"","不知何处",0,0,0,0,"","","未知钓场",0,False,"","",0,"",,,False,0,0,0,0,"LeveRewardItem#0","","",,,False,,""
666,"","","",0,"","不知何处",0,0,0,0,"","","未知钓场",0,False,"","",0,"",,,False,0,0,0,0,"LeveRewardItem#0","","",,,False,,""
667,"","","",0,"","不知何处",0,0,0,0,"","","未知钓场",0,False,"","",0,"",,,False,0,0,0,0,"LeveRewardItem#0","","",,,False,,""
668,"","","",0,"","不知何处",0,0,0,0,"","","未知钓场",0,False,"","",0,"",,,False,0,0,0,0,"LeveRewardItem#0","","",,,False,,""
669,"","","",0,"","不知何处",0,0,0,0,"","","未知钓场",0,False,"","",0,"",,,False,0,0,0,0,"LeveRewardItem#0","","",,,False,,""
670,"","","",0,"","不知何处",0,0,0,0,"","","未知钓场",0,False,"","",0,"",,,False,0,0,0,0,"LeveRewardItem#0","","",,,False,,""
671,"","","",0,"","不知何处",0,0,0,0,"","","未知钓场",0,False,"","",0,"",,,False,0,0,0,0,"LeveRewardItem#0","","",,,False,,""
672,"","","",0,"","不知何处",0,0,0,0,"","","未知钓场",0,False,"","",0,"",,,False,0,0,0,0,"LeveRewardItem#0","","",,,False,,""
673,"","","",0,"","不知何处",0,0,0,0,"","","未知钓场",0,False,"","",0,"",,,False,0,0,0,0,"LeveRewardItem#0","","",,,False,,""
674,"采集确认：调查树精生息地的植物","第七灵灾之后，在城邦附近都能看到有树精在活动了。因此我们需要调查一下树精的活动范围扩大之后对其他的植物有没有什么影响。请到指定地点采集部分植物的样本交给我们。","园艺工行会 莱昂索",1,"园艺工","格里达尼亚",1,20,1,1,"黑衣森林中央林区","烤饼练兵所","未知钓场",0,False,"园艺工","园艺工理符任务",0,"黑衣森林中央林区","ui/icon/080000/080012.tex","GatheringLeve#131080",True,4,50,0,0,"LeveRewardItem#213","ui/icon/080000/080029.tex","ui/icon/080000/080005.tex","Level#2648030","ui/icon/110000/110012.tex",True,"Level#3804097","music/ffxiv/BGM_Leves_Easy.scd"
675,"采集确认：调查西叶脉东岸的植被","园艺工行会准备到中央林区的“西叶脉”河东岸进行植被调查，以确认灵灾之后森林的恢复情况。请砍伐一部分树龄5年以下树木交给我们。","园艺工行会 莱昂索",1,"园艺工","格里达尼亚",1,20,1,1,"黑衣森林中央林区","烤饼练兵所","未知钓场",0,False,"园艺工","园艺工理符任务",0,"黑衣森林中央林区","ui/icon/080000/080012.tex","GatheringLeve#131081",True,4,50,0,0,"LeveRewardItem#213","ui/icon/080000/080029.tex","ui/icon/080000/080005.tex","Level#2648030","ui/icon/110000/110012.tex",True,"Level#3804098","music/ffxiv/BGM_Leves_Easy.scd"
676,"指定采集：收集用于野营训练的木柴","双蛇党准备实施以新兵为对象的野营训练。届时教官们会现场示范战地口粮的制作方法。由于要演示无法使用水晶之力的情况，所以需要一批生火用的木柴。希望有热心的冒险者能够提供给我们。","神勇队人马师团 加尔弗里德教官",1,"园艺工","格里达尼亚",1,20,1,1,"黑衣森林中央林区","烤饼练兵所","未知钓场",0,False,"园艺工","园艺工理符任务",0,"黑衣森林中央林区","ui/icon/080000/080012.tex","GatheringLeve#131082",True,4,55,0,0,"LeveRewardItem#213","ui/icon/080000/080044.tex","ui/icon/080000/080005.tex","Level#2648030","ui/icon/110000/110012.tex",True,"Level#3804099","music/ffxiv/BGM_Leves_Easy.scd"
677,"指定采集：提供给顾客试用的乳胶","乌尔达哈的炼金术士行会向我们打听有没有乳胶可以出售。于是园艺工行会准备先行提供一些试用品给他们。为了促成这笔交易，我们一定要保证样品的品质，请采集到无杂质的乳胶提供给我们。","园艺工行会 莱昂索",1,"园艺工","格里达尼亚",1,20,1,1,"黑衣森林中央林区","烤饼练兵所","未知钓场",0,False,"园艺工","园艺工理符任务",0,"黑衣森林中央林区","ui/icon/080000/080012.tex","GatheringLeve#131083",True,4,55,0,0,"LeveRewardItem#213","ui/icon/080000/080044.tex","ui/icon/080000/080005.tex","Level#2648030","ui/icon/110000/110012.tex",True,"Level#3810606","music/ffxiv/BGM_Leves_Easy.scd"
678,"采集确认：翠泪择伐区的间伐","有没有人能来协助我们在翠泪择伐区的间伐工作呢？择伐地的树木由于是混种的，不定期清理的话会影响树苗以后的成长。所以我们需要砍伐部分高到一定程度的树。欢迎有兴趣的冒险者联系我们。","园艺工行会 加比诺老爹",1,"园艺工","格里达尼亚",5,20,1,1,"黑衣森林中央林区","烤饼练兵所","未知钓场",0,False,"园艺工","园艺工理符任务",0,"黑衣森林中央林区","ui/icon/080000/080012.tex","GatheringLeve#131084",True,4,50,0,0,"LeveRewardItem#214","ui/icon/080000/080029.tex","ui/icon/080000/080005.tex","Level#2648030","ui/icon/110000/110013.tex",True,"Level#3812135","music/ffxiv/BGM_Leves_Easy.scd"
679,"采集确认：调查天柱树的状态","在传说中，大地女神诺菲卡的镰刀的柄便是由天柱树的木材打造的。这棵巨大的古树若是发生了什么变化，对周围环境的影响结果难以预计。因此我们园艺工行会会定期对天柱树的状态进行调差。请去采集一部分天柱树的树根带给我们，我们可以验证其在灵灾中受伤的程度。","园艺工行会 莱昂索",1,"园艺工","格里达尼亚",5,20,1,1,"黑衣森林中央林区","烤饼练兵所","未知钓场",0,False,"园艺工","园艺工理符任务",0,"黑衣森林中央林区","ui/icon/080000/080012.tex","GatheringLeve#131085",True,4,50,0,0,"LeveRewardItem#214","ui/icon/080000/080029.tex","ui/icon/080000/080005.tex","Level#2648030","ui/icon/110000/110013.tex",True,"Level#3812136","music/ffxiv/BGM_Leves_Easy.scd"
680,"指定采集：大口花的种子","翠泪择伐区最近小口花的数量在持续增加，这说明一定有大口花将种子散播到这附近了。数量过多的话会将择伐地种植的树木的养分都抢走，所以我们一定要尽快找到种子并将其排除。","园艺工行会 加比诺老爹",1,"园艺工","格里达尼亚",5,20,1,1,"黑衣森林中央林区","烤饼练兵所","未知钓场",0,False,"园艺工","园艺工理符任务",0,"黑衣森林中央林区","ui/icon/080000/080012.tex","GatheringLeve#131086",True,4,55,0,0,"LeveRewardItem#214","ui/icon/080000/080044.tex","ui/icon/080000/080005.tex","Level#2648030","ui/icon/110000/110013.tex",True,"Level#3812138","music/ffxiv/BGM_Leves_Easy.scd"
681,"大量采集：移除魔菇的菌床","魔菇可以通过将孢子散布到树木上来进行繁殖，只需很短的时间就能长出大量的新魔菇，这样一来树木会损失很多养分。因此我们需要将那些孢子都清除掉。请去找出附着在树干上的白色孢子并着手处理，清除得越多越好。","园艺工行会 加比诺老爹",1,"园艺工","格里达尼亚",5,20,1,1,"黑衣森林中央林区","烤饼练兵所","未知钓场",0,False,"园艺工","园艺工理符任务",0,"黑衣森林中央林区","ui/icon/080000/080012.tex","GatheringLeve#131087",True,4,55,0,0,"LeveRewardItem#214","ui/icon/080000/080030.tex","ui/icon/080000/080005.tex","Level#2648030","ui/icon/110000/110013.tex",True,"Level#3812139","music/ffxiv/BGM_Leves_Easy.scd"
682,"采集确认：预测山栗的收获成果","为了预测本季度中央林区的山栗收获量，我们希望能够招募到人手协助采集。希望有意向协助的人能够尽量采集一些适合食用的山栗样品，并收集一些对预测来说的必要情报。","园艺工行会 莱昂索",1,"园艺工","格里达尼亚",10,20,1,1,"黑衣森林中央林区","弯枝牧场","未知钓场",0,False,"园艺工","园艺工理符任务",0,"黑衣森林中央林区","ui/icon/080000/080012.tex","GatheringLeve#131088",True,4,60,0,0,"LeveRewardItem#215","ui/icon/080000/080029.tex","ui/icon/080000/080005.tex","Level#1672782","ui/icon/110000/110014.tex",True,"Level#3812140","music/ffxiv/BGM_Leves_Easy.scd"
683,"采集确认：调查西叶脉西岸的植被","园艺工行会准备到中央林区的“西叶脉”河西岸进行植被调查，以确认灵灾之后森林的恢复情况。请砍伐一部分树龄5年以下树木交给我们。","园艺工行会 莱昂索",1,"园艺工","格里达尼亚",10,20,1,1,"黑衣森林中央林区","弯枝牧场","未知钓场",0,False,"园艺工","园艺工理符任务",0,"黑衣森林中央林区","ui/icon/080000/080012.tex","GatheringLeve#131089",True,4,60,0,0,"LeveRewardItem#215","ui/icon/080000/080029.tex","ui/icon/080000/080005.tex","Level#1672782","ui/icon/110000/110014.tex",True,"Level#3812142","music/ffxiv/BGM_Leves_Easy.scd"
684,"指定采集：采伐栅栏的建材","对于弯枝牧场来说，陆行鸟是他们独一无二的宝贝。而为了防止这些宝贝被不法之徒抢走，牧场负责人准备在附近增加一些栅栏。希望有热心的冒险者能够提供适合用作栅栏的梣木木材。","莫古力礼峰牧童 居斯塔万",1,"园艺工","格里达尼亚",10,20,1,1,"黑衣森林中央林区","弯枝牧场","未知钓场",0,False,"园艺工","园艺工理符任务",0,"黑衣森林中央林区","ui/icon/080000/080012.tex","GatheringLeve#131090",True,4,66,0,0,"LeveRewardItem#215","ui/icon/080000/080044.tex","ui/icon/080000/080005.tex","Level#1672782","ui/icon/110000/110014.tex",True,"Level#3812151","music/ffxiv/BGM_Leves_Easy.scd"
685,"强行采集：调查妖红花的繁殖情况","“境树”是守护黑衣森林的神圣之树，但是最近境树附近妖红花的数量却在逐渐增加。这些妖花可能将自己的种子埋到的周围的树中，因此我们需要对该地区的树木进行彻底调查，来推测妖红花的繁殖情况。","硕老树冥想窟法师 瓦尔迪尤",1,"园艺工","格里达尼亚",10,20,1,1,"黑衣森林中央林区","弯枝牧场","未知钓场",0,False,"园艺工","园艺工理符任务",0,"黑衣森林中央林区","ui/icon/080000/080012.tex","GatheringLeve#131091",True,4,45,0,0,"LeveRewardItem#215","ui/icon/080000/080040.tex","ui/icon/080000/080005.tex","Level#1672782","ui/icon/110000/110014.tex",True,"Level#3812153","music/ffxiv/BGM_Leves_Easy.scd"
686,"采集确认：割除境树附近的杂草","招募能够到境树附近清除“扫子草”的冒险者。这种杂草生长的速度非常快，如果不加以控制很容易对周围的植物造成影响。而境树是我们黑衣森林的守护之树，无论如何都要保护其生长不受到任何杂草的影响。","硕老树冥想窟法师 瓦尔迪尤",1,"园艺工","格里达尼亚",15,20,1,1,"黑衣森林东部林区","霍桑山寨","未知钓场",0,False,"园艺工","园艺工理符任务",0,"黑衣森林东部林区","ui/icon/080000/080012.tex","GatheringLeve#131092",True,4,91,0,0,"LeveRewardItem#216","ui/icon/080000/080029.tex","ui/icon/080000/080005.tex","Level#1646078","ui/icon/110000/110015.tex",True,"Level#3746651","music/ffxiv/BGM_Leves_Easy.scd"
687,"指定采集：用于蜂蜜酒的枫树树汁","黑衣森林中就没人不晓得我酿造的蜂蜜酒。要说酒香的秘诀，那就是在其中加入了美味的枫糖浆了。不过这种糖浆必须要用养蜂场的特浓蜂蜜和南部林区独有的特浓枫树树汁才能调合出来。现在我手上的特浓枫树树汁马上就要见底了，为了制作更多的美酒，请好心人帮我采集一些树汁来！我一定会给出丰厚的报酬！","盛花养蜂场 罗莎·霍桑",1,"园艺工","格里达尼亚",15,20,1,1,"黑衣森林东部林区","霍桑山寨","未知钓场",0,False,"园艺工","园艺工理符任务",0,"黑衣森林东部林区","ui/icon/080000/080012.tex","GatheringLeve#131093",True,4,101,0,0,"LeveRewardItem#216","ui/icon/080000/080044.tex","ui/icon/080000/080005.tex","Level#1646078","ui/icon/110000/110015.tex",True,"Level#3746653","music/ffxiv/BGM_Leves_Easy.scd"
688,"指定采集：除去雷神拉姆印记","不知道是什么人在妖精暂留地附近的树上刻上了雷神拉姆的印记。虽然不知道这一举动有什么目的，但是我们绝对不能放置不管。请尽快到暂留地调查附近的树木，如果发现带有刻印的树，请将刻印部分的树皮剥下并带回来。","鬼哭队第四枪队 弗洛里蒙",1,"园艺工","格里达尼亚",15,20,1,1,"黑衣森林东部林区","霍桑山寨","未知钓场",0,False,"园艺工","园艺工理符任务",0,"黑衣森林东部林区","ui/icon/080000/080012.tex","GatheringLeve#131094",True,4,101,0,0,"LeveRewardItem#216","ui/icon/080000/080044.tex","ui/icon/080000/080005.tex","Level#1646078","ui/icon/110000/110015.tex",True,"Level#3746652","music/ffxiv/BGM_Leves_Easy.scd"
689,"强行采集：调查霍桑山寨的植被","最近我们山寨附近出现了一些凶猛的魔物，直接影响到了来往这里的人们。据说可能是山寨的北边有什么东西把它们吸引过来的。希望能有人帮我调查一下那附近的区域，如果发现了疑似魔物的植物一定要记录下来。","森林居民 罗尔佛·霍桑",1,"园艺工","格里达尼亚",15,20,1,1,"黑衣森林东部林区","霍桑山寨","未知钓场",0,False,"园艺工","园艺工理符任务",0,"黑衣森林东部林区","ui/icon/080000/080012.tex","GatheringLeve#131095",True,4,69,0,0,"LeveRewardItem#216","ui/icon/080000/080040.tex","ui/icon/080000/080005.tex","Level#1646078","ui/icon/110000/110015.tex",True,"Level#3746657","music/ffxiv/BGM_Leves_Easy.scd"
690,"采集确认：保证街道的安全","我的店与石场水车之间的通路是在灵灾时崩塌的地势上修整的。一旦这里也崩塌了的话顾客们就无法到我的店里来了。所以我想知道现在的树根能不能将地基巩固起来。请砍掉一部分树根带给我。","巴斯卡隆酒家老板：巴斯卡隆",1,"园艺工","格里达尼亚",20,20,1,1,"黑衣森林南部林区","石场水车","未知钓场",0,False,"园艺工","园艺工理符任务",0,"黑衣森林南部林区","ui/icon/080000/080012.tex","GatheringLeve#131096",True,4,91,0,0,"LeveRewardItem#217","ui/icon/080000/080029.tex","ui/icon/080000/080005.tex","Level#2257020","ui/icon/110000/110016.tex",True,"Level#3804003","music/ffxiv/BGM_Leves_Easy.scd"
691,"指定采集：筹集婴猴薄荷","盛花养蜂场的蜂蜜酒在我的店里真是相当受欢迎，不过也正因为这样，有些顾客表示想要尝试一下加入了香料的变种酒。为了满足这些顾客，请帮我筹集一些上等的婴猴薄荷来。","巴斯卡隆酒家老板：巴斯卡隆",1,"园艺工","格里达尼亚",20,20,1,1,"黑衣森林南部林区","石场水车","未知钓场",0,False,"园艺工","园艺工理符任务",0,"黑衣森林南部林区","ui/icon/080000/080012.tex","GatheringLeve#131097",True,4,101,0,0,"LeveRewardItem#217","ui/icon/080000/080044.tex","ui/icon/080000/080005.tex","Level#2257020","ui/icon/110000/110016.tex",True,"Level#3804004","music/ffxiv/BGM_Leves_Easy.scd"
692,"指定采集：收集格尔莫拉古钱","在“空居”的下面沉眠着格尔莫拉时期的遗迹。在调查附近的树根的时候时不时会发现一些旧时代的古钱埋在土里。这些古钱对于研究格里达尼亚的历史有着重要的作用。希望有人能够去将它们挖掘出来，我会支付相应的报酬。","格尔莫拉探索者 罗朗代",1,"园艺工","格里达尼亚",20,20,1,1,"黑衣森林南部林区","石场水车","未知钓场",0,False,"园艺工","园艺工理符任务",0,"黑衣森林南部林区","ui/icon/080000/080012.tex","GatheringLeve#131098",True,4,101,0,0,"LeveRewardItem#217","ui/icon/080000/080044.tex","ui/icon/080000/080005.tex","Level#2257020","ui/icon/110000/110016.tex",True,"Level#3804005","music/ffxiv/BGM_Leves_Easy.scd"
693,"大量采集：巴斯卡隆杯砍柴大赛","在这附近活动的园艺工之间要举行一场较量，看看究竟谁才是砍柴的第一把好手。规则很简单，到指定的地区内砍柴，谁能在规定的时间内带回数量最多的木柴即是胜利。欢迎各路的园艺高手前来参加。","巴斯卡隆酒家老板：巴斯卡隆",1,"园艺工","格里达尼亚",20,20,1,1,"黑衣森林南部林区","石场水车","未知钓场",0,False,"园艺工","园艺工理符任务",0,"黑衣森林南部林区","ui/icon/080000/080012.tex","GatheringLeve#131099",True,4,101,0,0,"LeveRewardItem#217","ui/icon/080000/080030.tex","ui/icon/080000/080005.tex","Level#2257020","ui/icon/110000/110016.tex",True,"Level#3804006","music/ffxiv/BGM_Leves_Easy.scd"
694,"采集确认：石场水车庭院作业","石场水车的周围都是坚固的防御壁，而且还有鬼哭队和神勇队负责保安，安全问题是不用担心了，但是活动范围比较狭窄这点却是白璧微瑕。为了改善生活环境，就算不能进行扩建，时刻保持内部的整洁也是必要的。请将那些过度生长的树枝及杂草清理一下吧。","石场水车居民 爱德可",1,"园艺工","格里达尼亚",25,20,1,1,"黑衣森林南部林区","石场水车","未知钓场",0,False,"园艺工","园艺工理符任务",0,"黑衣森林南部林区","ui/icon/080000/080012.tex","GatheringLeve#131100",True,4,91,0,0,"LeveRewardItem#218","ui/icon/080000/080029.tex","ui/icon/080000/080005.tex","Level#2257020","ui/icon/110000/110017.tex",True,"Level#3803997","music/ffxiv/BGM_Leves_Easy.scd"
695,"指定采集：采集战妆的材料","我们护月之民一向有着在狩猎和战斗之前往脸上画上战妆的风俗。这也是为了表明我们有着双手沾血的觉悟以及氏族的荣耀。我们使用的战妆主要是由一种叫做朱刺的红色植物的果实制作的，请帮我们采集来这种果实吧，我会支付相应的报酬。","鬼哭队第二枪队 皮茉·奈尔赫",1,"园艺工","格里达尼亚",25,20,1,1,"黑衣森林南部林区","石场水车","未知钓场",0,False,"园艺工","园艺工理符任务",0,"黑衣森林南部林区","ui/icon/080000/080012.tex","GatheringLeve#131101",True,4,101,0,0,"LeveRewardItem#218","ui/icon/080000/080044.tex","ui/icon/080000/080005.tex","Level#2257020","ui/icon/110000/110017.tex",True,"Level#3803998","music/ffxiv/BGM_Leves_Easy.scd"
696,"大量采集：协助果树园收获","我们在灵灾之后种植下的苹果终于能够稳定地结果了。果树这一季结出了很多的果实，只靠我们自己根本收获不过来。希望有冒险者能够前来帮忙，地点是石场水车里的果树园。","园艺工行会 莱昂索",1,"园艺工","格里达尼亚",25,20,1,1,"黑衣森林南部林区","石场水车","未知钓场",0,False,"园艺工","园艺工理符任务",0,"黑衣森林南部林区","ui/icon/080000/080012.tex","GatheringLeve#131102",True,4,101,0,0,"LeveRewardItem#218","ui/icon/080000/080030.tex","ui/icon/080000/080005.tex","Level#2257020","ui/icon/110000/110017.tex",True,"Level#3803999","music/ffxiv/BGM_Leves_Easy.scd"
697,"大量采集：调查哥布林族的蘑菇","在哥布林族来到黑衣森林之后，各地的树上都长出了奇怪的蘑菇。看来是这些哥布林在有意识地进行栽培。但是我们现在对这种蘑菇还不够了解，不能判断到底对树木有没有危害。希望能够有人帮我们采集大量的样本以供研究。","鬼哭队第五枪队 卡斯特兰",1,"园艺工","格里达尼亚",25,20,1,1,"黑衣森林南部林区","石场水车","未知钓场",0,False,"园艺工","园艺工理符任务",0,"黑衣森林南部林区","ui/icon/080000/080012.tex","GatheringLeve#131103",True,4,101,0,0,"LeveRewardItem#218","ui/icon/080000/080030.tex","ui/icon/080000/080005.tex","Level#2257020","ui/icon/110000/110017.tex",True,"Level#3804000","music/ffxiv/BGM_Leves_Easy.scd"
698,"采集确认：采集西米棕榈树的西米","大富豪格格鲁玖在鲜血滨附近种植南洋原产的“西米棕榈树”。听说可以从这种树的树干和种子采集西米。现需要将西米作为食材，希望能够有人帮忙采集。","俾斯麦餐厅总厨师长 林格萨斯",1,"园艺工","利姆萨·罗敏萨",30,20,1,1,"东拉诺西亚","太阳海岸","未知钓场",0,False,"园艺工","园艺工理符任务",0,"东拉诺西亚","ui/icon/080000/080011.tex","GatheringLeve#131104",True,4,91,0,0,"LeveRewardItem#219","ui/icon/080000/080029.tex","ui/icon/080000/080005.tex","Level#3999029","ui/icon/110000/110039.tex",True,"Level#4031135","music/ffxiv/BGM_Leves_Easy.scd"
699,"指定采集：维护太阳海岸的景色","我的主人格格鲁玖大人喜爱南国诸岛风情。因此种了许多南洋原产的色彩鲜艳的植物。为了保持这些植物的观赏性，需要清理枯叶。望众冒险者积极响应。","格格鲁玖家管家 古古蒂",1,"园艺工","利姆萨·罗敏萨",30,20,1,1,"东拉诺西亚","太阳海岸","未知钓场",0,False,"园艺工","园艺工理符任务",0,"东拉诺西亚","ui/icon/080000/080011.tex","GatheringLeve#131105",True,4,101,0,0,"LeveRewardItem#219","ui/icon/080000/080044.tex","ui/icon/080000/080005.tex","Level#3999029","ui/icon/110000/110039.tex",True,"Level#4031136","music/ffxiv/BGM_Leves_Easy.scd"
700,"大量采集：旅神葵的花萼","我们店里，酒以外的饮品也一应齐全。其中有种醒酒的花茶名为“放浪男孩之茶”。为了制作这种花茶，需要“旅神葵的花萼”作为材料，请大量采集这种材料。","飞鲨店主 迪尔斯特维兹",1,"园艺工","利姆萨·罗敏萨",30,20,1,1,"东拉诺西亚","太阳海岸","未知钓场",0,False,"园艺工","园艺工理符任务",0,"东拉诺西亚","ui/icon/080000/080011.tex","GatheringLeve#131106",True,4,101,0,0,"LeveRewardItem#219","ui/icon/080000/080030.tex","ui/icon/080000/080005.tex","Level#3999029","ui/icon/110000/110039.tex",True,"Level#4031137","music/ffxiv/BGM_Leves_Easy.scd"
701,"大量采集：收集制作椰汁的材料","我们店里，酒以外的饮品也一应齐全。毕竟拜访格格鲁玖老板的客人中，有些人是不会喝酒的。所以需要准备些椰汁。请大量采集作为材料的椰子果实。","飞鲨店主 迪尔斯特维兹",1,"园艺工","利姆萨·罗敏萨",30,20,1,1,"东拉诺西亚","太阳海岸","未知钓场",0,False,"园艺工","园艺工理符任务",0,"东拉诺西亚","ui/icon/080000/080011.tex","GatheringLeve#131107",True,4,101,0,0,"LeveRewardItem#219","ui/icon/080000/080030.tex","ui/icon/080000/080005.tex","Level#3999029","ui/icon/110000/110039.tex",True,"Level#4031138","music/ffxiv/BGM_Leves_Easy.scd"
702,"采集确认：防空设施用的药草","天火要塞群是从龙族手中保护市民的防空设施，为未雨绸缪，那里正在储备药品。而由于气温连年降低，药品的原料草药也在产量逐年减少。请寻找能采到草药的地方。","艾因哈特家骑兵 普雷里约",1,"园艺工","格里达尼亚",35,20,1,1,"库尔札斯中央高地","阿德内尔占星台","未知钓场",0,False,"园艺工","园艺工理符任务",0,"库尔札斯中央高地","ui/icon/080000/080012.tex","GatheringLeve#131108",True,4,91,0,0,"LeveRewardItem#220","ui/icon/080000/080029.tex","ui/icon/080000/080005.tex","Level#3643001","ui/icon/110000/110065.tex",True,"Level#4307524","music/ffxiv/BGM_Leves_Easy.scd"
703,"指定采集：防龙栅栏的建材","为提高巨龙首营地的防御，我们想紧急建造防龙栅栏，用削尖的巨木挡住低空飞来的龙族眷属。请为我们采伐橡木原木。","福尔唐家骑兵 科朗蒂奥",1,"园艺工","格里达尼亚",35,20,1,1,"库尔札斯中央高地","阿德内尔占星台","未知钓场",0,False,"园艺工","园艺工理符任务",0,"库尔札斯中央高地","ui/icon/080000/080012.tex","GatheringLeve#131109",True,4,101,0,0,"LeveRewardItem#220","ui/icon/080000/080044.tex","ui/icon/080000/080005.tex","Level#3643001","ui/icon/110000/110065.tex",True,"Level#4307540","music/ffxiv/BGM_Leves_Easy.scd"
704,"大量采集：基萨尔菜田的天敌","要想使陆行鸟精神焕发，新鲜基萨尔野菜是不可少的食物，因此要好好打理基萨尔菜田。可现在由于与龙族的战争，菜田人手不足。请帮忙割除田里的杂草。","狄兰达尔家牧童 昂里奥",1,"园艺工","格里达尼亚",35,20,1,1,"库尔札斯中央高地","阿德内尔占星台","未知钓场",0,False,"园艺工","园艺工理符任务",0,"库尔札斯中央高地","ui/icon/080000/080012.tex","GatheringLeve#131110",True,4,101,0,0,"LeveRewardItem#220","ui/icon/080000/080030.tex","ui/icon/080000/080005.tex","Level#3643001","ui/icon/110000/110065.tex",True,"Level#4307556","music/ffxiv/BGM_Leves_Easy.scd"
705,"强行采集：用于烧柴的浮木","在阿德内尔占星台进行天体观测时，最大的问题就是夜晚太寒冷。就算是去采伐木材做柴火，合适的木材也会优先被骑兵团采伐走。因此请帮我们调查浮木是否适合当柴火。","阿德内尔占星台占星学家 埃德梅勒",1,"园艺工","格里达尼亚",35,20,1,1,"库尔札斯中央高地","阿德内尔占星台","未知钓场",0,False,"园艺工","园艺工理符任务",0,"库尔札斯中央高地","ui/icon/080000/080012.tex","GatheringLeve#131111",True,4,69,0,0,"LeveRewardItem#220","ui/icon/080000/080040.tex","ui/icon/080000/080005.tex","Level#3643001","ui/icon/110000/110065.tex",True,"Level#4307564","music/ffxiv/BGM_Leves_Easy.scd"
706,"采集确认：啃食森林资源的害虫","第七灵灾和龙族来袭，这双重灾难使库尔札斯的森林资源遭到了严重的破坏。为保护珍贵的森林资源，请检查一下树木，去除长虫害病的树皮。","狄兰达尔家骑兵 布吕纳迪耶",1,"园艺工","格里达尼亚",40,20,1,1,"库尔札斯中央高地","白云崖前哨","未知钓场",0,False,"园艺工","园艺工理符任务",0,"库尔札斯中央高地","ui/icon/080000/080012.tex","GatheringLeve#131112",True,4,91,0,0,"LeveRewardItem#221","ui/icon/080000/080029.tex","ui/icon/080000/080005.tex","Level#3643492","ui/icon/110000/110066.tex",True,"Level#4307593","music/ffxiv/BGM_Leves_Easy.scd"
707,"指定采集：射龙之箭","龙族和其眷属大多数都在高空飞行。和这类强敌战斗，能飞的武器是最合适不过了。我们骑兵团正为下次战争制造大量的箭，请为我们提供适合造箭的笔直树枝。","狄兰达尔家骑兵 布吕纳迪耶",1,"园艺工","格里达尼亚",40,20,1,1,"库尔札斯中央高地","白云崖前哨","未知钓场",0,False,"园艺工","园艺工理符任务",0,"库尔札斯中央高地","ui/icon/080000/080012.tex","GatheringLeve#131113",True,4,101,0,0,"LeveRewardItem#221","ui/icon/080000/080044.tex","ui/icon/080000/080005.tex","Level#3643492","ui/icon/110000/110066.tex",True,"Level#4307606","music/ffxiv/BGM_Leves_Easy.scd"
708,"大量采集：前哨防御壁的建材","我们想加固白云崖前哨的防御壁。但木材的储备却已捉襟见肘了。需要抓紧时间补足建材。请为我们提供大量高地柚木原木。","狄兰达尔家骑兵 布吕纳迪耶",1,"园艺工","格里达尼亚",40,20,1,1,"库尔札斯中央高地","白云崖前哨","未知钓场",0,False,"园艺工","园艺工理符任务",0,"库尔札斯中央高地","ui/icon/080000/080012.tex","GatheringLeve#131114",True,4,101,0,0,"LeveRewardItem#221","ui/icon/080000/080030.tex","ui/icon/080000/080005.tex","Level#3643492","ui/icon/110000/110066.tex",True,"Level#4307618","music/ffxiv/BGM_Leves_Easy.scd"
709,"强行采集：清除异端者的记号","一些被伊修加德追捕的异端者躲藏在了山里。他们在树干上刻记号，以此与同伴交流。如果在树干上看到了奇怪的记号，请将它们削除并记录下来。","伊修加德教皇厅神殿骑士 马瑟兰",1,"园艺工","格里达尼亚",40,20,1,1,"库尔札斯中央高地","白云崖前哨","未知钓场",0,False,"园艺工","园艺工理符任务",0,"库尔札斯中央高地","ui/icon/080000/080012.tex","GatheringLeve#131115",True,4,69,0,0,"LeveRewardItem#221","ui/icon/080000/080040.tex","ui/icon/080000/080005.tex","Level#3643492","ui/icon/110000/110066.tex",True,"Level#4307626","music/ffxiv/BGM_Leves_Easy.scd"
710,"采集确认：沉睡在草地下的文物","我们寇伊纳克财团正在挖掘古代亚拉戈文明的遗迹。但由于人手不足，有不少地方都没能进行挖掘。割除指定地点的杂草，挖掘文物。","圣寇伊纳克财团 莎伊艾勒",1,"园艺工","乌尔达哈",45,20,1,1,"摩杜纳","圣寇伊纳克调查地","未知钓场",0,False,"园艺工","园艺工理符任务",0,"摩杜纳","ui/icon/080000/080013.tex","GatheringLeve#131116",True,4,91,0,0,"LeveRewardItem#222","ui/icon/080000/080029.tex","ui/icon/080000/080005.tex","Level#4258822","ui/icon/110000/110067.tex",True,"Level#4306515","music/ffxiv/BGM_Leves_Easy.scd"
711,"指定采集：调查地的踏台用建材","我们在银泪湖沿岸的调查地发现了大量古代亚拉戈文明的建筑。在调查保存状态良好的建筑时，需要踩着踏台在高处进行作业。请为我们补充适合做踏台的木材。","圣寇伊纳克财团 莎伊艾勒",1,"园艺工","乌尔达哈",45,20,1,1,"摩杜纳","圣寇伊纳克调查地","未知钓场",0,False,"园艺工","园艺工理符任务",0,"摩杜纳","ui/icon/080000/080013.tex","GatheringLeve#131117",True,4,101,0,0,"LeveRewardItem#222","ui/icon/080000/080044.tex","ui/icon/080000/080005.tex","Level#4258822","ui/icon/110000/110067.tex",True,"Level#4306518","music/ffxiv/BGM_Leves_Easy.scd"
712,"大量采集：结晶化杂草","摩杜纳银泪湖沿岸生长着水晶化的杂草。由于它们十分脆，因此很难采集。我想将它们作为艺术品卖出去，题目就叫“镌刻永恒的爱之结晶草”。怎么样？是不是会火？","东阿尔迪纳德商会 修修内恩",1,"园艺工","乌尔达哈",45,20,1,1,"摩杜纳","圣寇伊纳克调查地","未知钓场",0,False,"园艺工","园艺工理符任务",0,"摩杜纳","ui/icon/080000/080013.tex","GatheringLeve#131118",True,4,101,0,0,"LeveRewardItem#222","ui/icon/080000/080030.tex","ui/icon/080000/080005.tex","Level#4258822","ui/icon/110000/110067.tex",True,"Level#4306521","music/ffxiv/BGM_Leves_Easy.scd"
713,"强行采集：研究结晶化现象","银泪湖上空战造成摩杜纳地区出现大规模结晶化现象。采伐半结晶化的树木，记录下它们的状态，以便我们研究生物结晶化的原因。","博物学家 伊思妲",1,"园艺工","乌尔达哈",45,20,1,1,"摩杜纳","圣寇伊纳克调查地","未知钓场",0,False,"园艺工","园艺工理符任务",0,"摩杜纳","ui/icon/080000/080013.tex","GatheringLeve#131119",True,4,69,0,0,"LeveRewardItem#222","ui/icon/080000/080040.tex","ui/icon/080000/080005.tex","Level#4258822","ui/icon/110000/110067.tex",True,"Level#4306524","music/ffxiv/BGM_Leves_Easy.scd"
714,"采集确认：拆除快倒塌石墙","作为高级住宅区建设计划的一环，准备整修“娜娜莫新门”前的“萨萨莫八十罪梯”。作为事前准备，需要拆除快倒塌的石墙。希望能够有人前往指定地点，清除砖块。","艾玛吉娜矿山公司 阿德拉德",1,"采矿工","乌尔达哈",1,20,1,1,"西萨纳兰","毒蝎交易所","未知钓场",0,False,"采矿工","采矿工理符任务",0,"西萨纳兰","ui/icon/080000/080013.tex","GatheringLeve#131120",True,4,50,0,0,"LeveRewardItem#223","ui/icon/080000/080029.tex","ui/icon/080000/080005.tex","Level#3958072","ui/icon/110000/110043.tex",True,"Level#4031108","music/ffxiv/BGM_Leves_Easy.scd"
715,"采集确认：用钱买来的悬崖塌陷事故","“萨萨莫八十罪梯”附近的悬崖需要敲下一些石头，做得像发生过悬崖塌陷的样子就行了。因为某位大富豪走楼梯时不慎摔伤，但他为了保全面子，说成是“遭遇悬崖塌陷事故”而造成的。","匿名委托人",1,"采矿工","乌尔达哈",1,20,1,1,"西萨纳兰","毒蝎交易所","未知钓场",0,False,"采矿工","采矿工理符任务",0,"西萨纳兰","ui/icon/080000/080013.tex","GatheringLeve#131121",True,4,50,0,0,"LeveRewardItem#223","ui/icon/080000/080029.tex","ui/icon/080000/080005.tex","Level#3958072","ui/icon/110000/110043.tex",True,"Level#4031109","music/ffxiv/BGM_Leves_Easy.scd"
716,"指定采集：作为建材的黄铜矿","随着高级住宅区建设计划的展开，作为建材的黄铜矿的需求量也有增长趋势。虽然住宅区的建设还没开始，但现在就需要确保黄铜矿的库存。希望能够有人帮忙采集“优质黄铜矿”。","艾玛吉娜矿山公司 克若克德·哈福特",1,"采矿工","乌尔达哈",1,20,1,1,"西萨纳兰","毒蝎交易所","未知钓场",0,False,"采矿工","采矿工理符任务",0,"西萨纳兰","ui/icon/080000/080013.tex","GatheringLeve#131122",True,4,55,0,0,"LeveRewardItem#223","ui/icon/080000/080044.tex","ui/icon/080000/080005.tex","Level#3958072","ui/icon/110000/110043.tex",True,"Level#4031110","music/ffxiv/BGM_Leves_Easy.scd"
717,"指定采集：挖掘低纯度铜矿","铜铃铜山因为事故，现在停止作业了。受其影响，现在铜矿的库存也不断减少。在指定地点，多少还能挖掘到一些纯度较低的“低纯度铜矿”，希望能够有人帮忙采集。","艾玛吉娜矿山公司 琳内特",1,"采矿工","乌尔达哈",1,20,1,1,"西萨纳兰","毒蝎交易所","未知钓场",0,False,"采矿工","采矿工理符任务",0,"西萨纳兰","ui/icon/080000/080013.tex","GatheringLeve#131123",True,4,55,0,0,"LeveRewardItem#223","ui/icon/080000/080044.tex","ui/icon/080000/080005.tex","Level#3958072","ui/icon/110000/110043.tex",True,"Level#4031111","music/ffxiv/BGM_Leves_Easy.scd"
718,"采集确认：清扫住宅区建设地","希望能够有人帮忙前往高级住宅区建设地，清除当地残存的砖瓦。那一带还残留着第七灵灾时倒塌的部分建筑物。为了平整作业完成后就能开始施工，请彻底清除砖瓦。","艾玛吉娜矿山公司 阿德拉德",1,"采矿工","乌尔达哈",5,20,1,1,"西萨纳兰","毒蝎交易所","未知钓场",0,False,"采矿工","采矿工理符任务",0,"西萨纳兰","ui/icon/080000/080013.tex","GatheringLeve#131124",True,4,50,0,0,"LeveRewardItem#224","ui/icon/080000/080029.tex","ui/icon/080000/080005.tex","Level#3958072","ui/icon/110000/110043.tex",True,"Level#4031113","music/ffxiv/BGM_Leves_Easy.scd"
719,"采集确认：矿爬虫的秘密","在金锤台地栖息着一群矿爬虫。有传言说，矿爬虫有分辨矿脉的能力。因此我想证明其真假，解开这个谜团。现需要矿爬虫栖息地的岩石作为样本进行研究，希望能够有人帮忙采集。","博物学家 马尔塞特",1,"采矿工","乌尔达哈",5,20,1,1,"西萨纳兰","毒蝎交易所","未知钓场",0,False,"采矿工","采矿工理符任务",0,"西萨纳兰","ui/icon/080000/080013.tex","GatheringLeve#131125",True,4,50,0,0,"LeveRewardItem#224","ui/icon/080000/080029.tex","ui/icon/080000/080005.tex","Level#3958072","ui/icon/110000/110043.tex",True,"Level#4031114","music/ffxiv/BGM_Leves_Easy.scd"
720,"指定采集：挖掘传说中的宝玉","从酒馆认识的情报商那里得到了不得了的情报！据说在某个地方可以挖到传说中的宝玉“娜夏孔雀石”！我终于也要转运了！希望能够有人帮忙前往指定地点，把所有石头挖回来！","做梦人 皮皮库利",1,"采矿工","乌尔达哈",5,20,1,1,"西萨纳兰","毒蝎交易所","未知钓场",0,False,"采矿工","采矿工理符任务",0,"西萨纳兰","ui/icon/080000/080013.tex","GatheringLeve#131126",True,4,55,0,0,"LeveRewardItem#224","ui/icon/080000/080044.tex","ui/icon/080000/080005.tex","Level#3958072","ui/icon/110000/110043.tex",True,"Level#4031115","music/ffxiv/BGM_Leves_Easy.scd"
721,"大量采集：装饰用的锌矿","锌矿很适合作为便宜的装饰品材料。现有个地方可以挖掘到锌矿。不过，那里可是悬崖峭壁的边上，因为害怕，所以我希望能够有人代替我前去挖掘。挖掘时请小心，别老往下看。","艾玛吉娜矿山公司 克若克德·哈福特",1,"采矿工","乌尔达哈",5,20,1,1,"西萨纳兰","毒蝎交易所","未知钓场",0,False,"采矿工","采矿工理符任务",0,"西萨纳兰","ui/icon/080000/080013.tex","GatheringLeve#131127",True,4,55,0,0,"LeveRewardItem#224","ui/icon/080000/080030.tex","ui/icon/080000/080005.tex","Level#3958072","ui/icon/110000/110043.tex",True,"Level#4031117","music/ffxiv/BGM_Leves_Easy.scd"
722,"采集确认：拆毁足迹谷的遗迹","我想拆毁出土的遗迹，作为建材贩卖。我才不管那是不是宝贵的历史遗产。只要能挣钱，我连妻儿都能卖。这就是乌尔达哈风格的买卖。","东阿尔迪纳德商会 修修内恩",1,"采矿工","乌尔达哈",10,20,1,1,"西萨纳兰","地平关","未知钓场",0,False,"采矿工","采矿工理符任务",0,"西萨纳兰","ui/icon/080000/080013.tex","GatheringLeve#131128",True,4,60,0,0,"LeveRewardItem#225","ui/icon/080000/080029.tex","ui/icon/080000/080005.tex","Level#2540071","ui/icon/110000/110045.tex",True,"Level#4031123","music/ffxiv/BGM_Leves_Easy.scd"
723,"采集确认：调查地平的矿脉","从酒馆认识的占卜师那里得到了超棒的情报！她说梦见地平那里有金矿脉！我终于也要转运了！希望能够有人帮忙去指定地点，调查有无矿脉。","做梦人 皮皮库利",1,"采矿工","乌尔达哈",10,20,1,1,"西萨纳兰","地平关","未知钓场",0,False,"采矿工","采矿工理符任务",0,"西萨纳兰","ui/icon/080000/080013.tex","GatheringLeve#131129",True,4,60,0,0,"LeveRewardItem#225","ui/icon/080000/080029.tex","ui/icon/080000/080005.tex","Level#2540071","ui/icon/110000/110045.tex",True,"Level#4031124","music/ffxiv/BGM_Leves_Easy.scd"
724,"指定采集：收集毒蜥蜴的蜕皮","毒蜥蜴蜕皮后的皮十分透薄。我想这或许可以作为新饰品的创作材料。毒蜥蜴会利用岩石将蜕皮蹭下来，希望能够有人帮忙去石场寻找。","雕金匠行会高级雕金匠 艾乌尔德",1,"采矿工","乌尔达哈",10,20,1,1,"西萨纳兰","地平关","未知钓场",0,False,"采矿工","采矿工理符任务",0,"西萨纳兰","ui/icon/080000/080013.tex","GatheringLeve#131130",True,4,66,0,0,"LeveRewardItem#225","ui/icon/080000/080044.tex","ui/icon/080000/080005.tex","Level#2540071","ui/icon/110000/110045.tex",True,"Level#4031126","music/ffxiv/BGM_Leves_Easy.scd"
725,"强行采集：调查坑道的挖掘地","我想在水源丰富的丰饶神井，建造清洗、拣选矿石的设施。为了弄清能否开通直通铜铃铜山坑道的新坑道，希望能够有人帮忙调查岩盘的硬度。","艾玛吉娜矿山公司 德兰肯·斯塔格",1,"采矿工","乌尔达哈",10,20,1,1,"西萨纳兰","地平关","未知钓场",0,False,"采矿工","采矿工理符任务",0,"西萨纳兰","ui/icon/080000/080013.tex","GatheringLeve#131131",True,4,45,0,0,"LeveRewardItem#225","ui/icon/080000/080040.tex","ui/icon/080000/080005.tex","Level#2540071","ui/icon/110000/110045.tex",True,"Level#4031127","music/ffxiv/BGM_Leves_Easy.scd"
726,"采集确认：调查传说中的秘银矿脉","从酒馆认识的旅行者那里得到了令人兴奋的情报！他说在枯骨看见了发出闪光的东西！我终于也要转运了！那一定是传说中的秘银矿脉！希望能够有人火速前去帮忙调查！","做梦人 皮皮库利",1,"采矿工","乌尔达哈",15,20,1,1,"东萨纳兰","枯骨营地","未知钓场",0,False,"采矿工","采矿工理符任务",0,"东萨纳兰","ui/icon/080000/080013.tex","GatheringLeve#131132",True,4,91,0,0,"LeveRewardItem#226","ui/icon/080000/080029.tex","ui/icon/080000/080005.tex","Level#2540213","ui/icon/110000/110046.tex",True,"Level#4031128","music/ffxiv/BGM_Leves_Easy.scd"
727,"指定采集：收集新商品的材料","土元精多的地方代表该地有强大的土属性之力。我想使用那种地方挖掘的矿石，制作新商品。新商品准备起名叫“土属性能量喷发的幸运护身符”。想必一定能够大卖吧。","东阿尔迪纳德商会 修修内恩",1,"采矿工","乌尔达哈",15,20,1,1,"东萨纳兰","枯骨营地","未知钓场",0,False,"采矿工","采矿工理符任务",0,"东萨纳兰","ui/icon/080000/080013.tex","GatheringLeve#131133",True,4,101,0,0,"LeveRewardItem#226","ui/icon/080000/080044.tex","ui/icon/080000/080005.tex","Level#2540213","ui/icon/110000/110046.tex",True,"Level#4031129","music/ffxiv/BGM_Leves_Easy.scd"
728,"指定采集：墓园的整顿作业","本教会的墓园中，有许多灵灾的受害者在此长眠。但是，因为祭奠品不足，导致死灵出没……为了平息那些灵魂，需要整顿墓园。希望能够有人帮忙筹备合适的石材。","纳尔札尔教团助祭 爱蕾尔",1,"采矿工","乌尔达哈",15,20,1,1,"东萨纳兰","枯骨营地","未知钓场",0,False,"采矿工","采矿工理符任务",0,"东萨纳兰","ui/icon/080000/080013.tex","GatheringLeve#131134",True,4,101,0,0,"LeveRewardItem#226","ui/icon/080000/080044.tex","ui/icon/080000/080005.tex","Level#2540213","ui/icon/110000/110046.tex",True,"Level#4031130","music/ffxiv/BGM_Leves_Easy.scd"
729,"强行采集：回收无影之城的岩石","贝拉哈迪亚时期的遗迹被称为无影之城。我认为这些遗迹是因为魔法而陷在了岩石缝中。为了证明这个设想，希望能够有人帮忙收集覆盖遗迹的岩石。不过，收集时要小心凶暴的小魔精。","纳尔札尔教团主教 利利莫鲁",1,"采矿工","乌尔达哈",15,20,1,1,"东萨纳兰","枯骨营地","未知钓场",0,False,"采矿工","采矿工理符任务",0,"东萨纳兰","ui/icon/080000/080013.tex","GatheringLeve#131135",True,4,69,0,0,"LeveRewardItem#226","ui/icon/080000/080040.tex","ui/icon/080000/080005.tex","Level#2540213","ui/icon/110000/110046.tex",True,"Level#4031133","music/ffxiv/BGM_Leves_Easy.scd"
730,"采集确认：调查可以采集沙金的河流","从酒馆认识的旅行商人那里得到了惊人的情报！据说在黑衣森林南部的河流，可以采集到沙金！我终于也要转运了！希望能够有人帮忙前去指定地点，采集所有可采集的沙砾！","做梦人 皮皮库利",1,"采矿工","格里达尼亚",20,20,1,1,"黑衣森林南部林区","石场水车","未知钓场",0,False,"采矿工","采矿工理符任务",0,"黑衣森林南部林区","ui/icon/080000/080012.tex","GatheringLeve#131136",True,4,91,0,0,"LeveRewardItem#227","ui/icon/080000/080029.tex","ui/icon/080000/080005.tex","Level#2257020","ui/icon/110000/110040.tex",True,"Level#4031100","music/ffxiv/BGM_Leves_Easy.scd"
731,"指定采集：回收格尔莫拉时期的石材","托托·拉克千狱周边的地下残留着格尔莫拉时期的残迹。为了将森林归还给元灵，需要将其清除。请使用锤头将其敲碎，让不需要的东西从森林中消失。","硕老树冥想窟法师 沙利娜",1,"采矿工","格里达尼亚",20,20,1,1,"黑衣森林南部林区","石场水车","未知钓场",0,False,"采矿工","采矿工理符任务",0,"黑衣森林南部林区","ui/icon/080000/080012.tex","GatheringLeve#131137",True,4,101,0,0,"LeveRewardItem#227","ui/icon/080000/080044.tex","ui/icon/080000/080005.tex","Level#2257020","ui/icon/110000/110040.tex",True,"Level#4031101","music/ffxiv/BGM_Leves_Easy.scd"
732,"指定采集：调查空居的石材","我在调查地下城市“格尔莫拉”时期的遗迹。想修缮这个崩塌的地下遗迹，作为黑影之民的居住地。希望能够有人帮忙前去遗迹周围，寻找可用于遗迹再建的结实石材。","格尔莫拉探索者 罗朗代",1,"采矿工","格里达尼亚",20,20,1,1,"黑衣森林南部林区","石场水车","未知钓场",0,False,"采矿工","采矿工理符任务",0,"黑衣森林南部林区","ui/icon/080000/080012.tex","GatheringLeve#131138",True,4,101,0,0,"LeveRewardItem#227","ui/icon/080000/080044.tex","ui/icon/080000/080005.tex","Level#2257020","ui/icon/110000/110040.tex",True,"Level#4031102","music/ffxiv/BGM_Leves_Easy.scd"
733,"大量采集：收集石墙用的石材","我在店铺周围围上了石墙，不过现在还没有完全围上。这次想在店铺的后面建造新的石墙，所以需要石材。希望能够有人帮忙收集适合建造石墙的平坦、结实的石材。","巴斯卡隆酒家老板：巴斯卡隆",1,"采矿工","格里达尼亚",20,20,1,1,"黑衣森林南部林区","石场水车","未知钓场",0,False,"采矿工","采矿工理符任务",0,"黑衣森林南部林区","ui/icon/080000/080012.tex","GatheringLeve#131139",True,4,101,0,0,"LeveRewardItem#227","ui/icon/080000/080030.tex","ui/icon/080000/080005.tex","Level#2257020","ui/icon/110000/110040.tex",True,"Level#4031103","music/ffxiv/BGM_Leves_Easy.scd"
734,"采集确认：挖掘沉眠古城的埋藏金","从酒馆认识的冒险者那里得到了惊愕的情报！据说在黑衣森林发现的古城中埋藏着金子！我终于也要转运了！希望能够有人帮忙前去指定地点，调查、寻找埋藏金！","做梦人 皮皮库利",1,"采矿工","格里达尼亚",25,20,1,1,"黑衣森林南部林区","石场水车","未知钓场",0,False,"采矿工","采矿工理符任务",0,"黑衣森林南部林区","ui/icon/080000/080012.tex","GatheringLeve#131140",True,4,91,0,0,"LeveRewardItem#228","ui/icon/080000/080029.tex","ui/icon/080000/080005.tex","Level#2257020","ui/icon/110000/110041.tex",True,"Level#4031104","music/ffxiv/BGM_Leves_Easy.scd"
735,"指定采集：筹集酿造库用的燧石","姆恩·图伊酿造库正加工黑衣森林的特产“姆恩·图伊豆”，用以制造发酵食品。在发酵作业前期要先将豆子蒸透才行，这种时候燧石是必不可少的。而现在燧石不够用了，希望能够有人去采集一些来交给我们，我们会支付相应的报酬。","姆恩·图伊酿造库 埃里蒙",1,"采矿工","格里达尼亚",25,20,1,1,"黑衣森林南部林区","石场水车","未知钓场",0,False,"采矿工","采矿工理符任务",0,"黑衣森林南部林区","ui/icon/080000/080012.tex","GatheringLeve#131141",True,4,101,0,0,"LeveRewardItem#228","ui/icon/080000/080044.tex","ui/icon/080000/080005.tex","Level#2257020","ui/icon/110000/110041.tex",True,"Level#4031105","music/ffxiv/BGM_Leves_Easy.scd"
736,"大量采集：清除令人厌恶的涂鸦","石场水车外墙不知被什么人刻上了亵渎元灵的涂鸦。想必犯人就是那些流氓黑影之民吧。总之不能放着那些涂鸦不管。希望能够有人帮忙清除。","硕老树冥想窟法师 沙利娜",1,"采矿工","格里达尼亚",25,20,1,1,"黑衣森林南部林区","石场水车","未知钓场",0,False,"采矿工","采矿工理符任务",0,"黑衣森林南部林区","ui/icon/080000/080012.tex","GatheringLeve#131142",True,4,101,0,0,"LeveRewardItem#228","ui/icon/080000/080030.tex","ui/icon/080000/080005.tex","Level#2257020","ui/icon/110000/110041.tex",True,"Level#4031106","music/ffxiv/BGM_Leves_Easy.scd"
737,"大量采集：筹备镇守灯笼的石材","第七灵灾导致很多照夜路用的“镇守灯笼”遭到了损坏。虽然我们鬼哭队在陆续进行修理，但现在石材不够用了。希望能够有人按照流传已久的习俗，前往南部林区的石场筹备石材。","鬼哭队第五枪队 巴兰",1,"采矿工","格里达尼亚",25,20,1,1,"黑衣森林南部林区","石场水车","未知钓场",0,False,"采矿工","采矿工理符任务",0,"黑衣森林南部林区","ui/icon/080000/080012.tex","GatheringLeve#131143",True,4,101,0,0,"LeveRewardItem#228","ui/icon/080000/080030.tex","ui/icon/080000/080005.tex","Level#2257020","ui/icon/110000/110041.tex",True,"Level#4031107","music/ffxiv/BGM_Leves_Easy.scd"
738,"采集确认：寻找海盗埋藏的财宝","从酒馆认识的船员那里得到了绝佳的情报！据说海盗把财宝埋藏于东拉诺西亚的某地！我终于也要转运了！希望能够有人帮忙前去指定地点，调查被埋藏的财宝！","做梦人 皮皮库利",1,"采矿工","利姆萨·罗敏萨",30,20,1,1,"东拉诺西亚","太阳海岸","未知钓场",0,False,"采矿工","采矿工理符任务",0,"东拉诺西亚","ui/icon/080000/080011.tex","GatheringLeve#131144",True,4,91,0,0,"LeveRewardItem#229","ui/icon/080000/080029.tex","ui/icon/080000/080005.tex","Level#3999029","ui/icon/110000/110042.tex",True,"Level#4031139","music/ffxiv/BGM_Leves_Easy.scd"
739,"指定采集：挖掘造新船用的铁矿","莫拉比造船厂正在制造名为“胜利号”的新船，为了给这艘船装配装备，需要大量的铁矿。随着黑涡舰队的重组，现要求使用最好的铁矿作为材料。希望能够有人前去东拉诺西亚，挖掘“优质的铁矿”。","纳尔迪克＆威米利作坊锻铁匠 梅提敏德",1,"采矿工","利姆萨·罗敏萨",30,20,1,1,"东拉诺西亚","太阳海岸","未知钓场",0,False,"采矿工","采矿工理符任务",0,"东拉诺西亚","ui/icon/080000/080011.tex","GatheringLeve#131145",True,4,101,0,0,"LeveRewardItem#229","ui/icon/080000/080044.tex","ui/icon/080000/080005.tex","Level#3999029","ui/icon/110000/110042.tex",True,"Level#4031140","music/ffxiv/BGM_Leves_Easy.scd"
740,"大量采集：乌菊石的秘密","“乌菊石”是种恶心的绿色魔物。我认为乌菊石是古人使用魔法使其巨大化后，形成的食用贝壳。为了证明这点，现需要古代贝壳作为证据。希望能够有人帮忙前往第五星历时期的贝冢，收集古代贝壳。","博物学家 马尔塞特",1,"采矿工","利姆萨·罗敏萨",30,20,1,1,"东拉诺西亚","太阳海岸","未知钓场",0,False,"采矿工","采矿工理符任务",0,"东拉诺西亚","ui/icon/080000/080011.tex","GatheringLeve#131146",True,4,101,0,0,"LeveRewardItem#229","ui/icon/080000/080030.tex","ui/icon/080000/080005.tex","Level#3999029","ui/icon/110000/110042.tex",True,"Level#4031141","music/ffxiv/BGM_Leves_Easy.scd"
741,"大量采集：采集莫拉比牡蛎","我的主人格格鲁玖大人喜好近海捕捉的“莫拉比牡蛎”。希望能够有人前往礁岩，采集新鲜的莫拉比牡蛎，装点主人的餐桌。望众冒险者积极响应。","格格鲁玖家管家 古古蒂",1,"采矿工","利姆萨·罗敏萨",30,20,1,1,"东拉诺西亚","太阳海岸","未知钓场",0,False,"采矿工","采矿工理符任务",0,"东拉诺西亚","ui/icon/080000/080011.tex","GatheringLeve#131147",True,4,101,0,0,"LeveRewardItem#229","ui/icon/080000/080030.tex","ui/icon/080000/080005.tex","Level#3999029","ui/icon/110000/110042.tex",True,"Level#4031142","music/ffxiv/BGM_Leves_Easy.scd"
742,"采集确认：防空设施用的石场","天火要塞群是从龙族手中保护市民的防空设施，为提高它的安全性，我们正在加固要塞群。请调查指定地点，帮我们切割来石材。","艾因哈特家骑兵 普雷里约",1,"采矿工","格里达尼亚",35,20,1,1,"库尔札斯中央高地","阿德内尔占星台","未知钓场",0,False,"采矿工","采矿工理符任务",0,"库尔札斯中央高地","ui/icon/080000/080012.tex","GatheringLeve#131148",True,4,91,0,0,"LeveRewardItem#230","ui/icon/080000/080029.tex","ui/icon/080000/080005.tex","Level#3643001","ui/icon/110000/110068.tex",True,"Level#4306766","music/ffxiv/BGM_Leves_Easy.scd"
743,"指定采集：雪屋的建材","我想建一座雪屋，用来保存食用肉。为此需要冻得十分坚硬的压缩雪块。铲起积雪，切割出积雪下方的压缩硬雪块。","酒保商人 维温娜",1,"采矿工","格里达尼亚",35,20,1,1,"库尔札斯中央高地","阿德内尔占星台","未知钓场",0,False,"采矿工","采矿工理符任务",0,"库尔札斯中央高地","ui/icon/080000/080012.tex","GatheringLeve#131149",True,4,101,0,0,"LeveRewardItem#230","ui/icon/080000/080044.tex","ui/icon/080000/080005.tex","Level#3643001","ui/icon/110000/110068.tex",True,"Level#4306790","music/ffxiv/BGM_Leves_Easy.scd"
744,"大量采集：大型镜片用的石灰岩","大型望远镜是阿德内尔占星台的骄傲。我们计划再做一片镜片以备用。为此需要大量玻璃的原料石灰岩。请从东南方的岩石上为我们取来石灰岩。","望远镜技师 埃米里安",1,"采矿工","格里达尼亚",35,20,1,1,"库尔札斯中央高地","阿德内尔占星台","未知钓场",0,False,"采矿工","采矿工理符任务",0,"库尔札斯中央高地","ui/icon/080000/080012.tex","GatheringLeve#131150",True,4,101,0,0,"LeveRewardItem#230","ui/icon/080000/080030.tex","ui/icon/080000/080005.tex","Level#3643001","ui/icon/110000/110068.tex",True,"Level#4307358","music/ffxiv/BGM_Leves_Easy.scd"
745,"强行采集：支撑望远镜的青秘银矿","为了制作大型望远镜的预备部件，我们需要一种叫青秘银矿的特殊矿石，但有希望能找到矿脉的洞窟都被鸟人族占领了。虽然很危险，但请前往洞窟，帮我们记录下矿脉的所在处。","望远镜技师 埃米里安",1,"采矿工","格里达尼亚",35,20,1,1,"库尔札斯中央高地","阿德内尔占星台","未知钓场",0,False,"采矿工","采矿工理符任务",0,"库尔札斯中央高地","ui/icon/080000/080012.tex","GatheringLeve#131151",True,4,69,0,0,"LeveRewardItem#230","ui/icon/080000/080040.tex","ui/icon/080000/080005.tex","Level#3643001","ui/icon/110000/110068.tex",True,"Level#4307391","music/ffxiv/BGM_Leves_Easy.scd"
746,"采集确认：披雪大冰壁的冰片","灵灾后，披雪大冰壁变得变得越来越厚，我们调查队一直在探求融冰方法。在指定地点挥舞锄头，收集样品冰片。","大冰壁调查员 朗斯费尔",1,"采矿工","格里达尼亚",40,20,1,1,"库尔札斯中央高地","白云崖前哨","未知钓场",0,False,"采矿工","采矿工理符任务",0,"库尔札斯中央高地","ui/icon/080000/080012.tex","GatheringLeve#131152",True,4,91,0,0,"LeveRewardItem#231","ui/icon/080000/080029.tex","ui/icon/080000/080005.tex","Level#3643492","ui/icon/110000/110069.tex",True,"Level#4307652","music/ffxiv/BGM_Leves_Easy.scd"
747,"指定采集：对龙加农炮用的白铁矿","我们想增产四管对龙加农炮，作为与龙族战斗时的杀手锏。但最重要的材料现在不够用了，请为我们采集来白铁矿，没有它就制作不出能禁住巨大冲击力的炮身。","福尔唐家骑兵 科朗蒂奥",1,"采矿工","格里达尼亚",40,20,1,1,"库尔札斯中央高地","白云崖前哨","未知钓场",0,False,"采矿工","采矿工理符任务",0,"库尔札斯中央高地","ui/icon/080000/080012.tex","GatheringLeve#131153",True,4,101,0,0,"LeveRewardItem#231","ui/icon/080000/080044.tex","ui/icon/080000/080005.tex","Level#3643492","ui/icon/110000/110069.tex",True,"Level#4307657","music/ffxiv/BGM_Leves_Easy.scd"
748,"大量採集：修缮要塞用的石材","我们骑兵团正在展开夺回对龙要塞石卫塔的作战。但光是夺回并没有意义，还需要对它进行修缮，以维持要塞的功能。在夺回后我们马上就要对其进行修复，请提供大量石材。","狄兰达尔家骑兵 布吕纳迪耶",1,"采矿工","格里达尼亚",40,20,1,1,"库尔札斯中央高地","白云崖前哨","未知钓场",0,False,"采矿工","采矿工理符任务",0,"库尔札斯中央高地","ui/icon/080000/080012.tex","GatheringLeve#131154",True,4,101,0,0,"LeveRewardItem#231","ui/icon/080000/080030.tex","ui/icon/080000/080005.tex","Level#3643492","ui/icon/110000/110069.tex",True,"Level#4307671","music/ffxiv/BGM_Leves_Easy.scd"
749,"强行采集：堑壕预设地的地质","为躲避双足飞龙的暴击，我们想挖掘一条堑壕以供临时避难。为预估所需劳动力，请前往指定地点，边试着挖掘，边记录下地质情况。","狄兰达尔家骑兵 布吕纳迪耶",1,"采矿工","格里达尼亚",40,20,1,1,"库尔札斯中央高地","白云崖前哨","未知钓场",0,False,"采矿工","采矿工理符任务",0,"库尔札斯中央高地","ui/icon/080000/080012.tex","GatheringLeve#131155",True,4,69,0,0,"LeveRewardItem#231","ui/icon/080000/080040.tex","ui/icon/080000/080005.tex","Level#3643492","ui/icon/110000/110069.tex",True,"Level#4307679","music/ffxiv/BGM_Leves_Easy.scd"
750,"采集确认：飞空战舰装甲材料","想要建造一艘快船，就需要在维持它强度不变的基础上选用更轻的合金。我听说在摩杜纳可以找到许多帝国飞空战舰的残骸。帮我收集来一些，作为开发新合金的参考资料。","纳尔迪克＆威米利作坊锻铁匠 梅提敏德",1,"采矿工","乌尔达哈",45,20,1,1,"摩杜纳","圣寇伊纳克调查地","未知钓场",0,False,"采矿工","采矿工理符任务",0,"摩杜纳","ui/icon/080000/080013.tex","GatheringLeve#131156",True,4,91,0,0,"LeveRewardItem#232","ui/icon/080000/080029.tex","ui/icon/080000/080005.tex","Level#4258822","ui/icon/110000/110070.tex",True,"Level#4306530","music/ffxiv/BGM_Leves_Easy.scd"
751,"指定采集：覆盖遗迹的水晶","我们圣寇伊纳克财团正在挖掘古代亚拉戈文明的遗迹。覆盖在遗迹上的水晶层十分碍事。请清除指定地点的水晶。","圣寇伊纳克财团 莎伊艾勒",1,"采矿工","乌尔达哈",45,20,1,1,"摩杜纳","圣寇伊纳克调查地","未知钓场",0,False,"采矿工","采矿工理符任务",0,"摩杜纳","ui/icon/080000/080013.tex","GatheringLeve#131157",True,4,101,0,0,"LeveRewardItem#232","ui/icon/080000/080044.tex","ui/icon/080000/080005.tex","Level#4258822","ui/icon/110000/110070.tex",True,"Level#4306532","music/ffxiv/BGM_Leves_Easy.scd"
752,"大量采集：价值连城的古代宝物","酒馆里的冒险者告诉了我一个惊人的消息！听说摩杜纳地区的地下沉睡着古代亚拉戈文明的文物！我终于要交好运了！帮我把结晶下的宝物带过来！","做梦人 皮皮库利",1,"采矿工","乌尔达哈",45,20,1,1,"摩杜纳","圣寇伊纳克调查地","未知钓场",0,False,"采矿工","采矿工理符任务",0,"摩杜纳","ui/icon/080000/080013.tex","GatheringLeve#131158",True,4,101,0,0,"LeveRewardItem#232","ui/icon/080000/080030.tex","ui/icon/080000/080005.tex","Level#4258822","ui/icon/110000/110070.tex",True,"Level#4306536","music/ffxiv/BGM_Leves_Easy.scd"
753,"强行采集：解明结晶化现象","银泪湖上空战造成摩杜纳地区出现大规模结晶化现象。采伐半结晶化的树根，记录下它们的状态，以便我们研究生物结晶化的原因。","博物学家 伊思妲",1,"采矿工","乌尔达哈",45,20,1,1,"摩杜纳","圣寇伊纳克调查地","未知钓场",0,False,"采矿工","采矿工理符任务",0,"摩杜纳","ui/icon/080000/080013.tex","GatheringLeve#131159",True,4,69,0,0,"LeveRewardItem#232","ui/icon/080000/080040.tex","ui/icon/080000/080005.tex","Level#4258822","ui/icon/110000/110070.tex",True,"Level#4306538","music/ffxiv/BGM_Leves_Easy.scd"
754,"指定采集：腌制用的罗敏萨鳀鱼","<UIForeground>F201F4</UIForeground><UIGlow>F201F5</UIGlow>采集方法：钓鱼<UIGlow>01</UIGlow><UIForeground>01</UIForeground>
没有罗敏萨鳀鱼丸，我的原创菜肴就不会那么美味。将罗敏萨鳀鱼腌制，再捏成鱼丸，就能为菜肴提味。请为我提供罗敏萨鳀鱼。","创意烹调师 乌恩辛韦尔夫",6,"捕鱼人","利姆萨·罗敏萨",1,0,1,0,"利姆萨·罗敏萨上层甲板","利姆萨·罗敏萨","利姆萨·罗敏萨上层甲板",0,False,"捕鱼人","捕鱼人理符任务",0,"利姆萨·罗敏萨","ui/icon/080000/080011.tex","指定采集：腌制用的罗敏萨鳀鱼",True,0,1,19656,18,"LeveRewardItem#184","ui/icon/080000/080057.tex","ui/icon/080000/080005.tex","Level#4258956","ui/icon/110000/110168.tex",True,"Level#9199534","music/ffxiv/BGM_Leves.scd"
755,"指定采集：原创菜肴用的虾虎","<UIForeground>F201F4</UIForeground><UIGlow>F201F5</UIGlow>采集方法：钓鱼<UIGlow>01</UIGlow><UIForeground>01</UIForeground>
梅尔托尔虾虎经常被做成鱼饵。但我想用它做出美味的原创菜肴。请为我提供梅尔托尔虾虎。","创意烹调师 乌恩辛韦尔夫",6,"捕鱼人","利姆萨·罗敏萨",1,0,1,0,"利姆萨·罗敏萨上层甲板","利姆萨·罗敏萨","利姆萨·罗敏萨上层甲板",0,False,"捕鱼人","捕鱼人理符任务",0,"利姆萨·罗敏萨","ui/icon/080000/080011.tex","指定采集：原创菜肴用的虾虎",True,0,1,19656,18,"LeveRewardItem#184","ui/icon/080000/080057.tex","ui/icon/080000/080005.tex","Level#4258956","ui/icon/110000/110168.tex",True,"Level#9199534","music/ffxiv/BGM_Leves.scd"
756,"指定采集：鱼高汤用的海带","<UIForeground>F201F4</UIForeground><UIGlow>F201F5</UIGlow>采集方法：钓鱼<UIGlow>01</UIGlow><UIForeground>01</UIForeground>
据说东部的国家会把星里海带煮成汤喝。作为一名原创烹调师，我也想试试这道菜。请为我提供长长的星里海带。","创意烹调师 乌恩辛韦尔夫",6,"捕鱼人","利姆萨·罗敏萨",1,0,1,0,"利姆萨·罗敏萨上层甲板","利姆萨·罗敏萨","利姆萨·罗敏萨上层甲板",0,False,"捕鱼人","捕鱼人理符任务",0,"利姆萨·罗敏萨","ui/icon/080000/080011.tex","指定采集：鱼高汤用的海带",True,0,1,19656,18,"LeveRewardItem#184","ui/icon/080000/080057.tex","ui/icon/080000/080005.tex","Level#4258956","ui/icon/110000/110168.tex",True,"Level#9199534","music/ffxiv/BGM_Leves.scd"
757,"指定采集：原创菜肴用的虾","<UIForeground>F201F4</UIForeground><UIGlow>F201F5</UIGlow>采集方法：钓鱼<UIGlow>01</UIGlow><UIForeground>01</UIForeground>
色香味俱全才能算得上是好菜肴。我想手指虾也许能为菜肴增添几分色彩，因此想试着用它做道菜。请为我提供手指虾。","创意烹调师 乌恩辛韦尔夫",6,"捕鱼人","利姆萨·罗敏萨",1,0,1,0,"利姆萨·罗敏萨上层甲板","利姆萨·罗敏萨","利姆萨·罗敏萨上层甲板",0,False,"捕鱼人","捕鱼人理符任务",0,"利姆萨·罗敏萨","ui/icon/080000/080011.tex","指定采集：原创菜肴用的虾",True,0,1,19656,18,"LeveRewardItem#184","ui/icon/080000/080057.tex","ui/icon/080000/080005.tex","Level#4258956","ui/icon/110000/110168.tex",True,"Level#9199534","music/ffxiv/BGM_Leves.scd"
758,"指定采集：原创菜肴用的水母","<UIForeground>F201F4</UIForeground><UIGlow>F201F5</UIGlow>采集方法：钓鱼<UIGlow>01</UIGlow><UIForeground>01</UIForeground>
是谁说水母难吃的？不尝一尝怎么会知道！作为一名原创烹调师，我一定要挑战一下这种食材。请为我提供海云水母。","创意烹调师 乌恩辛韦尔夫",6,"捕鱼人","利姆萨·罗敏萨",5,0,1,0,"中拉诺西亚","利姆萨·罗敏萨","和风流地沿岸",0,False,"捕鱼人","捕鱼人理符任务",0,"利姆萨·罗敏萨","ui/icon/080000/080011.tex","指定采集：原创菜肴用的水母",True,0,1,35601,90,"LeveRewardItem#185","ui/icon/080000/080057.tex","ui/icon/080000/080005.tex","Level#4258956","ui/icon/110000/110164.tex",True,"Level#9163353","music/ffxiv/BGM_Leves.scd"
759,"指定采集：原创菜肴用的观赏鱼","<UIForeground>F201F4</UIForeground><UIGlow>F201F5</UIGlow>采集方法：钓鱼<UIGlow>01</UIGlow><UIForeground>01</UIForeground>
珊瑚蝶是一种美丽的观赏鱼，可不知它的味道如何。如果能将它做成美味佳肴，才对得起原创烹调师这名号。请为我提供珊瑚蝶。","创意烹调师 乌恩辛韦尔夫",6,"捕鱼人","利姆萨·罗敏萨",5,0,1,0,"中拉诺西亚","利姆萨·罗敏萨","和风流地沿岸",0,False,"捕鱼人","捕鱼人理符任务",0,"利姆萨·罗敏萨","ui/icon/080000/080011.tex","指定采集：原创菜肴用的观赏鱼",True,0,1,35601,90,"LeveRewardItem#185","ui/icon/080000/080057.tex","ui/icon/080000/080005.tex","Level#4258956","ui/icon/110000/110164.tex",True,"Level#9163353","music/ffxiv/BGM_Leves.scd"
760,"大量采集：原创菜肴用的棘皮动物","<UIForeground>F201F4</UIForeground><UIGlow>F201F5</UIGlow>采集方法：钓鱼<UIGlow>01</UIGlow><UIForeground>01</UIForeground>
紫色的恶心家伙，没错，就是藤皮海参。它能吃吧？一定能吃吧？既然要挑战原创菜肴的极限，就要过它这一关。请为我提供大量藤皮海参。","创意烹调师 乌恩辛韦尔夫",6,"捕鱼人","利姆萨·罗敏萨",5,0,1,0,"中拉诺西亚","利姆萨·罗敏萨","和风流地沿岸",0,False,"捕鱼人","捕鱼人理符任务",0,"利姆萨·罗敏萨","ui/icon/080000/080011.tex","大量采集：原创菜肴用的棘皮动物",True,0,1,21361,33,"LeveRewardItem#204","ui/icon/080000/080045.tex","ui/icon/080000/080005.tex","Level#4258956","ui/icon/110000/110164.tex",True,"Level#9163353","music/ffxiv/BGM_Leves.scd"
761,"大量采集：原创菜肴用的鲱鱼","<UIForeground>F201F4</UIForeground><UIGlow>F201F5</UIGlow>采集方法：钓鱼<UIGlow>01</UIGlow><UIForeground>01</UIForeground>
我要海港鲱。就算是我，也有想做一盘正经鱼肉菜肴的时候。只要手艺高超，平凡无奇的鱼也能变得美味绝伦。请为我提供大量海港鲱。","创意烹调师 乌恩辛韦尔夫",6,"捕鱼人","利姆萨·罗敏萨",5,0,1,0,"中拉诺西亚","利姆萨·罗敏萨","和风流地沿岸",0,False,"捕鱼人","捕鱼人理符任务",0,"利姆萨·罗敏萨","ui/icon/080000/080011.tex","大量采集：原创菜肴用的鲱鱼",True,0,1,21361,33,"LeveRewardItem#204","ui/icon/080000/080045.tex","ui/icon/080000/080005.tex","Level#4258956","ui/icon/110000/110164.tex",True,"Level#9163353","music/ffxiv/BGM_Leves.scd"
762,"指定采集：当地人喜欢吃的鲽鱼","<UIForeground>F201F4</UIForeground><UIGlow>F201F5</UIGlow>采集方法：钓鱼<UIGlow>01</UIGlow><UIForeground>01</UIForeground>
生活在莫拉比湾周围的人们无一不喜欢吃当地盛产的莫拉比鲽鱼。在我们这里也一直是畅销的货品。为了保证库存我们需要采购大量的鲜鱼，希望有能力的朋友能够向我们提供货物。","批发商人 乌恩辛韦尔夫",6,"捕鱼人","利姆萨·罗敏萨",10,0,1,0,"拉诺西亚低地","雨燕塔殖民地","莫拉比湾西岸",0,False,"捕鱼人","捕鱼人理符任务",0,"西拉诺西亚","ui/icon/080000/080011.tex","指定采集：当地人喜欢吃的鲽鱼",True,0,1,54594,180,"LeveRewardItem#186","ui/icon/080000/080057.tex","ui/icon/080000/080005.tex","Level#4258097","ui/icon/110000/110165.tex",True,"Level#4164750","music/ffxiv/BGM_Leves.scd"
763,"指定采集：腌制用的虎纹鳕","<UIForeground>F201F4</UIForeground><UIGlow>F201F5</UIGlow>采集方法：钓鱼<UIGlow>01</UIGlow><UIForeground>01</UIForeground>
虎纹鳕是一种最常见的腌制用鱼，最好时刻保证它的库存充足。请为我们提供刚钓上来的活虎纹鳕。","批发商人 乌恩辛韦尔夫",6,"捕鱼人","利姆萨·罗敏萨",10,0,1,0,"拉诺西亚低地","雨燕塔殖民地","雪松原沿岸地",0,False,"捕鱼人","捕鱼人理符任务",0,"西拉诺西亚","ui/icon/080000/080011.tex","指定采集：腌制用的虎纹鳕",True,0,1,54594,180,"LeveRewardItem#186","ui/icon/080000/080057.tex","ui/icon/080000/080005.tex","Level#4258097","ui/icon/110000/110165.tex",True,"Level#4164750","music/ffxiv/BGM_Leves.scd"
764,"大量采集：面向卢恩族的石软蟹","<UIForeground>F201F4</UIForeground><UIGlow>F201F5</UIGlow>采集方法：钓鱼<UIGlow>01</UIGlow><UIForeground>01</UIForeground>
我有许多卢恩族的老主顾，他们最喜欢买石软蟹。虽然一般人不会去吃这种东西，但对于味觉怪异的他们来说，石软蟹可能是美味佳肴。请为我提供大量石软蟹。","批发商人 乌恩辛韦尔夫",6,"捕鱼人","利姆萨·罗敏萨",10,0,1,0,"拉诺西亚低地","雨燕塔殖民地","莫拉比湾西岸",0,False,"捕鱼人","捕鱼人理符任务",0,"西拉诺西亚","ui/icon/080000/080011.tex","大量采集：面向卢恩族的石软蟹",True,0,1,32757,65,"LeveRewardItem#205","ui/icon/080000/080045.tex","ui/icon/080000/080005.tex","Level#4258097","ui/icon/110000/110165.tex",True,"Level#4164750","music/ffxiv/BGM_Leves.scd"
765,"大量采集：肥料用的鲱鱼","<UIForeground>F201F4</UIForeground><UIGlow>F201F5</UIGlow>采集方法：钓鱼<UIGlow>01</UIGlow><UIForeground>01</UIForeground>
为了在贫瘠的土地上耕作，这里的人习惯用鱼做肥料。因此，迁入者向我们订了海港鲱这种鱼当肥料……总之，请提供大量海港鲱。","批发商人 乌恩辛韦尔夫",6,"捕鱼人","利姆萨·罗敏萨",10,0,1,0,"拉诺西亚低地","雨燕塔殖民地","莫拉比造船厂",0,False,"捕鱼人","捕鱼人理符任务",0,"西拉诺西亚","ui/icon/080000/080011.tex","大量采集：肥料用的鲱鱼",True,0,1,32757,65,"LeveRewardItem#205","ui/icon/080000/080045.tex","ui/icon/080000/080005.tex","Level#4258097","ui/icon/110000/110165.tex",True,"Level#4164750","music/ffxiv/BGM_Leves.scd"
766,"指定采集：热卖商品罗斯利特牡蛎","<UIForeground>F201F4</UIForeground><UIGlow>F201F5</UIGlow>采集方法：钓鱼<UIGlow>01</UIGlow><UIForeground>01</UIForeground>
看见贝类，我就想起以前把贝壳当土特产卖的岁月了。但现在比起贝壳，我更喜欢贝肉。请为我提供既可以生吃，还可以煮着吃的罗斯利特牡蛎。","经纪人 弗佩佩",6,"捕鱼人","利姆萨·罗敏萨",15,0,1,0,"西拉诺西亚","小麦酒港","雨燕塔殖民地",0,False,"捕鱼人","捕鱼人理符任务",0,"西拉诺西亚","ui/icon/080000/080011.tex","指定采集：热卖商品罗斯利特牡蛎",True,0,1,98039,270,"LeveRewardItem#187","ui/icon/080000/080057.tex","ui/icon/080000/080005.tex","Level#4258112","ui/icon/110000/110167.tex",True,"Level#4165468","music/ffxiv/BGM_Leves.scd"
767,"指定采集：不够的折刀贝","<UIForeground>F201F4</UIForeground><UIGlow>F201F5</UIGlow>采集方法：钓鱼<UIGlow>01</UIGlow><UIForeground>01</UIForeground>
你知道一种叫折刀贝的双壳纲贝类吗？把它煮了做菜吃那可别提多美味了。我想为老主顾们进点货，但数量不太够。请为我准备一些吧。","经纪人 弗佩佩",6,"捕鱼人","利姆萨·罗敏萨",15,0,1,0,"西拉诺西亚","小麦酒港","骷髅谷沿岸地",0,False,"捕鱼人","捕鱼人理符任务",0,"西拉诺西亚","ui/icon/080000/080011.tex","指定采集：不够的折刀贝",True,0,1,98039,270,"LeveRewardItem#187","ui/icon/080000/080057.tex","ui/icon/080000/080005.tex","Level#4258112","ui/icon/110000/110167.tex",True,"Level#4165468","music/ffxiv/BGM_Leves.scd"
768,"大量采集：面向土特产店的白珊瑚","<UIForeground>F201F4</UIForeground><UIGlow>F201F5</UIGlow>采集方法：钓鱼<UIGlow>01</UIGlow><UIForeground>01</UIForeground>
我们的老主顾里有一个土特产商，向我们订了大量白珊瑚。但我们的库存不足以交货。请你帮我们采集大量白珊瑚。","经纪人 弗佩佩",6,"捕鱼人","利姆萨·罗敏萨",15,0,1,0,"西拉诺西亚","小麦酒港","雨燕塔殖民地",0,False,"捕鱼人","捕鱼人理符任务",0,"西拉诺西亚","ui/icon/080000/080011.tex","大量采集：面向土特产店的白珊瑚",True,0,1,58824,98,"LeveRewardItem#206","ui/icon/080000/080045.tex","ui/icon/080000/080005.tex","Level#4258112","ui/icon/110000/110167.tex",True,"Level#4165468","music/ffxiv/BGM_Leves.scd"
769,"大量采集：用于炼金材料的钢盔鲎","<UIForeground>F201F4</UIForeground><UIGlow>F201F5</UIGlow>采集方法：钓鱼<UIGlow>01</UIGlow><UIForeground>01</UIForeground>
我们想拓展客户，所以去问了制药的炼金术士都需要怎样的药材。结果他们都需要钢盔鲎。到底用这种材料能做出什么药来呢？总之向我们提供大量钢盔鲎。","经纪人 弗佩佩",6,"捕鱼人","利姆萨·罗敏萨",15,0,1,0,"西拉诺西亚","小麦酒港","酿酒师灯塔",0,False,"捕鱼人","捕鱼人理符任务",0,"西拉诺西亚","ui/icon/080000/080011.tex","大量采集：用于炼金材料的钢盔鲎",True,0,1,58824,98,"LeveRewardItem#206","ui/icon/080000/080045.tex","ui/icon/080000/080005.tex","Level#4258112","ui/icon/110000/110167.tex",True,"Level#4165468","music/ffxiv/BGM_Leves.scd"
770,"指定采集：观赏用的铜鱼","<UIForeground>F201F4</UIForeground><UIGlow>F201F5</UIGlow>采集方法：钓鱼<UIGlow>01</UIGlow><UIForeground>01</UIForeground>
我想要铜鱼，你能帮我吗？啊，这可是卖给客人观赏用的，你可别给我抓来条死的啊！那就拜托你啦，我要活蹦乱跳的。","林间捕鱼人 达卡·基恩加尔",6,"捕鱼人","格里达尼亚",20,0,1,0,"黑衣森林南部林区","石场水车","哈希瓦河东支流",0,False,"捕鱼人","捕鱼人理符任务",0,"黑衣森林南部林区","ui/icon/080000/080012.tex","指定采集：观赏用的铜鱼",True,0,1,141630,360,"LeveRewardItem#188","ui/icon/080000/080057.tex","ui/icon/080000/080005.tex","Level#4258347","ui/icon/110000/110146.tex",True,"Level#3258964","music/ffxiv/BGM_Leves.scd"
771,"指定采集：最喜欢的黑鳗","<UIForeground>F201F4</UIForeground><UIGlow>F201F5</UIGlow>采集方法：钓鱼<UIGlow>01</UIGlow><UIForeground>01</UIForeground>
鳗鱼派真是美味。一想起那外焦里嫩香气四溢的派，我就垂涎三尺。但以我的钓技肯定钓不上来，请你为我钓黑鳗，拜托你了。","林间捕鱼人 达卡·基恩加尔",6,"捕鱼人","格里达尼亚",20,0,1,0,"黑衣森林南部林区","石场水车","哈希瓦河上游",0,False,"捕鱼人","捕鱼人理符任务",0,"黑衣森林南部林区","ui/icon/080000/080012.tex","指定采集：最喜欢的黑鳗",True,0,1,141630,360,"LeveRewardItem#188","ui/icon/080000/080057.tex","ui/icon/080000/080005.tex","Level#4258347","ui/icon/110000/110146.tex",True,"Level#3258964","music/ffxiv/BGM_Leves.scd"
772,"大量采集：驱除仙女鲈","<UIForeground>F201F4</UIForeground><UIGlow>F201F5</UIGlow>采集方法：钓鱼<UIGlow>01</UIGlow><UIForeground>01</UIForeground>
有一种鱼叫仙女鲈，它什么都吃，渔场的小鱼全被它吃掉了。因此，我们决定驱除仙女鲈，请把它们全钓出来吧。","林间捕鱼人 达卡·基恩加尔",6,"捕鱼人","格里达尼亚",20,0,1,0,"黑衣森林南部林区","石场水车","哈希瓦河东支流",0,False,"捕鱼人","捕鱼人理符任务",0,"黑衣森林南部林区","ui/icon/080000/080012.tex","大量采集：驱除仙女鲈",True,0,1,84978,130,"LeveRewardItem#207","ui/icon/080000/080045.tex","ui/icon/080000/080005.tex","Level#4258347","ui/icon/110000/110146.tex",True,"Level#3258964","music/ffxiv/BGM_Leves.scd"
773,"大量采集：代人比赛","<UIForeground>F201F4</UIForeground><UIGlow>F201F5</UIGlow>采集方法：钓鱼<UIGlow>01</UIGlow><UIForeground>01</UIForeground>
我本想交几个新朋友，就去和哥布林族的捕鱼人搭话，没想到他竟然要和我比赛钓鱼。谁钓的暗塘鳢多就算谁赢。请帮帮我吧。","林间捕鱼人 达卡·基恩加尔",6,"捕鱼人","格里达尼亚",20,0,1,0,"黑衣森林南部林区","石场水车","哈希瓦河上游",0,False,"捕鱼人","捕鱼人理符任务",0,"黑衣森林南部林区","ui/icon/080000/080012.tex","大量采集：代人比赛",True,0,1,84978,130,"LeveRewardItem#207","ui/icon/080000/080045.tex","ui/icon/080000/080005.tex","Level#4258347","ui/icon/110000/110146.tex",True,"Level#3258964","music/ffxiv/BGM_Leves.scd"
774,"指定采集：驱除黑鬼鱼","<UIForeground>F201F4</UIForeground><UIGlow>F201F5</UIGlow>采集方法：钓鱼<UIGlow>01</UIGlow><UIForeground>01</UIForeground>
你知道黑鬼鱼吗？它们会放电使人麻痹。有不少魔物都被它的电吓到，变得不安分起来。法师托我驱逐这种鱼，请你也来帮忙。","林间捕鱼人 达卡·基恩加尔",6,"捕鱼人","格里达尼亚",25,0,1,0,"黑衣森林南部林区","石场水车","哥布林血流",0,False,"捕鱼人","捕鱼人理符任务",0,"黑衣森林南部林区","ui/icon/080000/080012.tex","指定采集：驱除黑鬼鱼",True,0,1,255336,450,"LeveRewardItem#189","ui/icon/080000/080057.tex","ui/icon/080000/080005.tex","Level#4258347","ui/icon/110000/110147.tex",True,"Level#3258964","music/ffxiv/BGM_Leves.scd"
775,"指定采集：热卖商品宇格拉姆鲑鱼","<UIForeground>F201F4</UIForeground><UIGlow>F201F5</UIGlow>采集方法：钓鱼<UIGlow>01</UIGlow><UIForeground>01</UIForeground>
鲑鱼排是逐日之民的传统食物，十分美味。就连我这个护月之民都爱吃。宇格拉姆鲑鱼是制作鲑鱼排的材料，卖得十分火爆。请你为我提供活蹦乱跳的宇格拉姆鲑鱼。","林间捕鱼人 达卡·基恩加尔",6,"捕鱼人","格里达尼亚",25,0,1,0,"黑衣森林南部林区","石场水车","哥布林血流",0,False,"捕鱼人","捕鱼人理符任务",0,"黑衣森林南部林区","ui/icon/080000/080012.tex","指定采集：热卖商品宇格拉姆鲑鱼",True,0,1,255336,450,"LeveRewardItem#189","ui/icon/080000/080057.tex","ui/icon/080000/080005.tex","Level#4258347","ui/icon/110000/110147.tex",True,"Level#3258964","music/ffxiv/BGM_Leves.scd"
776,"大量采集：鲈鱼丸子的材料","<UIForeground>F201F4</UIForeground><UIGlow>F201F5</UIGlow>采集方法：钓鱼<UIGlow>01</UIGlow><UIForeground>01</UIForeground>
我真是对自己的钓技绝望了。因此我想重新开始练习钓鱼。为此我需要鱼饵，请为我提供制作鲈鱼丸子的暗鲈。","林间捕鱼人 达卡·基恩加尔",6,"捕鱼人","格里达尼亚",25,0,1,0,"黑衣森林南部林区","石场水车","哥布林血流",0,False,"捕鱼人","捕鱼人理符任务",0,"黑衣森林南部林区","ui/icon/080000/080012.tex","大量采集：鲈鱼丸子的材料",True,0,1,153202,163,"LeveRewardItem#208","ui/icon/080000/080045.tex","ui/icon/080000/080005.tex","Level#4258347","ui/icon/110000/110147.tex",True,"Level#3258964","music/ffxiv/BGM_Leves.scd"
777,"大量采集：用于庭院的观赏鱼","<UIForeground>F201F4</UIForeground><UIGlow>F201F5</UIGlow>采集方法：钓鱼<UIGlow>01</UIGlow><UIForeground>01</UIForeground>
你知道吗？经过修缮后，十二神大圣堂的庭院里有了个大池塘。园艺工们想在那里养一些漂亮的鱼。请为他们提供清道琵琶鱼。","林间捕鱼人 达卡·基恩加尔",6,"捕鱼人","格里达尼亚",25,0,1,0,"黑衣森林南部林区","石场水车","哥布林血流",0,False,"捕鱼人","捕鱼人理符任务",0,"黑衣森林南部林区","ui/icon/080000/080012.tex","大量采集：用于庭院的观赏鱼",True,0,1,153202,163,"LeveRewardItem#208","ui/icon/080000/080045.tex","ui/icon/080000/080005.tex","Level#4258347","ui/icon/110000/110147.tex",True,"Level#3258964","music/ffxiv/BGM_Leves.scd"
778,"指定采集：小猫咪的烤串材料","<UIForeground>F201F4</UIForeground><UIGlow>F201F5</UIGlow>采集方法：钓鱼<UIGlow>01</UIGlow><UIForeground>01</UIForeground>
我的主人格格鲁玖想让他的小猫咪为他烤制猫魅风味海产烤串。真是不知让人说什么好。总之，先准备好灰海金枪鱼吧。谢谢你了。","格格鲁玖家佣人 芙·雅波基",6,"捕鱼人","利姆萨·罗敏萨",30,0,1,0,"东拉诺西亚","太阳海岸","太阳海岸",0,False,"捕鱼人","捕鱼人理符任务",0,"东拉诺西亚","ui/icon/080000/080011.tex","指定采集：小猫咪的烤串材料",True,0,1,344153,540,"LeveRewardItem#190","ui/icon/080000/080057.tex","ui/icon/080000/080005.tex","Level#4258923","ui/icon/110000/110166.tex",True,"Level#3629736","music/ffxiv/BGM_Leves.scd"
779,"指定采集：醋鲱鱼","<UIForeground>F201F4</UIForeground><UIGlow>F201F5</UIGlow>采集方法：钓鱼<UIGlow>01</UIGlow><UIForeground>01</UIForeground>
我的主人格格鲁玖将要为生意伙伴办一场酒宴。据说主宾最喜欢吃醋鲱鱼，请为我们准备最适合做这道菜的苍茫鲱。","格格鲁玖家佣人 芙·雅波基",6,"捕鱼人","利姆萨·罗敏萨",30,0,1,0,"东拉诺西亚","太阳海岸","太阳海岸",0,False,"捕鱼人","捕鱼人理符任务",0,"东拉诺西亚","ui/icon/080000/080011.tex","指定采集：醋鲱鱼",True,0,1,344153,540,"LeveRewardItem#190","ui/icon/080000/080057.tex","ui/icon/080000/080005.tex","Level#4258923","ui/icon/110000/110166.tex",True,"Level#3629736","music/ffxiv/BGM_Leves.scd"
780,"大量采集：酒宴用的黑鳎","<UIForeground>F201F4</UIForeground><UIGlow>F201F5</UIGlow>采集方法：钓鱼<UIGlow>01</UIGlow><UIForeground>01</UIForeground>
我的主人格格鲁玖将要办一场酒宴，犒劳保护他的佣兵们。不用说，烤黑鳎肯定是酒宴的主菜。佣兵们都是吃货，请准备大量黑鳎。","格格鲁玖家佣人 芙·雅波基",6,"捕鱼人","利姆萨·罗敏萨",30,0,1,0,"东拉诺西亚","太阳海岸","北鲜血滨",0,False,"捕鱼人","捕鱼人理符任务",0,"东拉诺西亚","ui/icon/080000/080011.tex","大量采集：酒宴用的黑鳎",True,0,1,206492,195,"LeveRewardItem#209","ui/icon/080000/080045.tex","ui/icon/080000/080005.tex","Level#4258923","ui/icon/110000/110166.tex",True,"Level#3629736","music/ffxiv/BGM_Leves.scd"
781,"大量采集：用途不明的苍皮海参","<UIForeground>F201F4</UIForeground><UIGlow>F201F5</UIGlow>采集方法：钓鱼<UIGlow>01</UIGlow><UIForeground>01</UIForeground>
我的主人格格鲁玖竟然想要苍皮海参。还说什么小猫咪和蓝色棘皮动物最配了……真不知道他在想些什么。总之，请为我们提供大量苍皮海参。","格格鲁玖家佣人 芙·雅波基",6,"捕鱼人","利姆萨·罗敏萨",30,0,1,0,"东拉诺西亚","太阳海岸","北鲜血滨",0,False,"捕鱼人","捕鱼人理符任务",0,"东拉诺西亚","ui/icon/080000/080011.tex","大量采集：用途不明的苍皮海参",True,0,1,206492,195,"LeveRewardItem#209","ui/icon/080000/080045.tex","ui/icon/080000/080005.tex","Level#4258923","ui/icon/110000/110166.tex",True,"Level#3629736","music/ffxiv/BGM_Leves.scd"
782,"指定采集：面向神殿骑士的樱鳟","<UIForeground>F201F4</UIForeground><UIGlow>F201F5</UIGlow>采集方法：钓鱼<UIGlow>01</UIGlow><UIForeground>01</UIForeground>
教皇厅直属的神殿骑士将在近日视察阿德内尔占星台。占星学家们为款待神殿骑士，需要一些樱鳟。我们请好几位捕鱼人分头去钓了，但数量还是不够。能帮我们钓樱鳟吗？","山间捕鱼人 德里维多",6,"捕鱼人","格里达尼亚",35,0,1,0,"库尔札斯中央高地","阿德内尔占星台","库尔札斯河",0,False,"捕鱼人","捕鱼人理符任务",0,"库尔札斯中央高地","ui/icon/080000/080012.tex","指定采集：面向神殿骑士的樱鳟",True,0,1,472989,630,"LeveRewardItem#191","ui/icon/080000/080057.tex","ui/icon/080000/080005.tex","Level#4258781","ui/icon/110000/110160.tex",True,"Level#3631239","music/ffxiv/BGM_Leves.scd"
783,"指定采集：正宗绯红鳟","<UIForeground>F201F4</UIForeground><UIGlow>F201F5</UIGlow>采集方法：钓鱼<UIGlow>01</UIGlow><UIForeground>01</UIForeground>
绯红鳟是库尔札斯人民爱吃的鱼。阿德内尔占星台的技师们也想要一些。请帮我们钓上肥瘦适中的绯红鳟。","山间捕鱼人 德里维多",6,"捕鱼人","格里达尼亚",35,0,1,0,"库尔札斯中央高地","阿德内尔占星台","库尔札斯河",0,False,"捕鱼人","捕鱼人理符任务",0,"库尔札斯中央高地","ui/icon/080000/080012.tex","指定采集：正宗绯红鳟",True,0,1,472989,630,"LeveRewardItem#191","ui/icon/080000/080057.tex","ui/icon/080000/080005.tex","Level#4258781","ui/icon/110000/110160.tex",True,"Level#3631239","music/ffxiv/BGM_Leves.scd"
784,"大量采集：驱除巨鲈","<UIForeground>F201F4</UIForeground><UIGlow>F201F5</UIGlow>采集方法：钓鱼<UIGlow>01</UIGlow><UIForeground>01</UIForeground>
我们库尔札斯的捕鱼人为了明年能有个好收成，放养了许多小鳟鱼。而巨鲈把小鳟鱼全吃了。希望你能帮我们去解决了那令人烦恼的大胃王。怎样？你能钓来大量巨鲈吗？","山间捕鱼人 德里维多",6,"捕鱼人","格里达尼亚",35,0,1,0,"库尔札斯中央高地","阿德内尔占星台","库尔札斯河",0,False,"捕鱼人","捕鱼人理符任务",0,"库尔札斯中央高地","ui/icon/080000/080012.tex","大量采集：驱除巨鲈",True,0,1,283794,228,"LeveRewardItem#210","ui/icon/080000/080045.tex","ui/icon/080000/080005.tex","Level#4258781","ui/icon/110000/110160.tex",True,"Level#3631239","music/ffxiv/BGM_Leves.scd"
785,"大量采集：药用绿灯球藻","<UIForeground>F201F4</UIForeground><UIGlow>F201F5</UIGlow>采集方法：钓鱼<UIGlow>01</UIGlow><UIForeground>01</UIForeground>
虽说绿灯球藻本身没有什么味道，但自古就被用来制作提神药。这对观星象读龙族动态的占星学家来说可是必不可少的良药，请为我们提供大量绿灯球藻。","山间捕鱼人 德里维多",6,"捕鱼人","格里达尼亚",35,0,1,0,"库尔札斯中央高地","阿德内尔占星台","调查队冰洞",0,False,"捕鱼人","捕鱼人理符任务",0,"库尔札斯中央高地","ui/icon/080000/080012.tex","大量采集：药用绿灯球藻",True,0,1,283794,228,"LeveRewardItem#210","ui/icon/080000/080045.tex","ui/icon/080000/080005.tex","Level#4258781","ui/icon/110000/110160.tex",True,"Level#3631239","music/ffxiv/BGM_Leves.scd"
786,"指定采集：确认放养鳟鱼的状态","<UIForeground>F201F4</UIForeground><UIGlow>F201F5</UIGlow>采集方法：钓鱼<UIGlow>01</UIGlow><UIForeground>01</UIForeground>
我在库尔札斯卖鱼。最近，随着库尔札斯的温度逐年下降，钓上来的鱼的品种也有所改变。因此我们放养了耐寒又好吃的石绿湖鳟鱼。我想知道它们在寒冷的环境下有没有顺利繁殖，帮我钓上来看看。","批发商人 卢薇奥娜",6,"捕鱼人","格里达尼亚",40,0,1,0,"库尔札斯中央高地","白云崖前哨","剑峰山麓",0,False,"捕鱼人","捕鱼人理符任务",0,"库尔札斯中央高地","ui/icon/080000/080012.tex","指定采集：确认放养鳟鱼的状态",True,0,1,700265,720,"LeveRewardItem#192","ui/icon/080000/080057.tex","ui/icon/080000/080005.tex","Level#4258782","ui/icon/110000/110161.tex",True,"Level#3631239","music/ffxiv/BGM_Leves.scd"
787,"指定采集：用于储备的狗鱼","<UIForeground>F201F4</UIForeground><UIGlow>F201F5</UIGlow>采集方法：钓鱼<UIGlow>01</UIGlow><UIForeground>01</UIForeground>
狄兰达尔家的骑兵团需要用一些鱼来做军用储备粮。又大肉又紧实的北方狗鱼一定能让士兵们打起精神去战斗。请为我们提供大北方狗鱼。","批发商人 卢薇奥娜",6,"捕鱼人","格里达尼亚",40,0,1,0,"库尔札斯中央高地","白云崖前哨","调查队冰洞",0,False,"捕鱼人","捕鱼人理符任务",0,"库尔札斯中央高地","ui/icon/080000/080012.tex","指定采集：用于储备的狗鱼",True,0,1,700265,720,"LeveRewardItem#192","ui/icon/080000/080057.tex","ui/icon/080000/080005.tex","Level#4258782","ui/icon/110000/110161.tex",True,"Level#3631239","music/ffxiv/BGM_Leves.scd"
788,"大量采集：故乡味道的公鱼","<UIForeground>F201F4</UIForeground><UIGlow>F201F5</UIGlow>采集方法：钓鱼<UIGlow>01</UIGlow><UIForeground>01</UIForeground>
对于库尔札斯高地阿巴拉提亚山脉的人来说，阿巴拉提亚公鱼是他们最熟悉的食材。因此，它很受埋头与龙族战斗的士兵们欢迎。请为我们提供大量公鱼。","批发商人 卢薇奥娜",6,"捕鱼人","格里达尼亚",40,0,1,0,"库尔札斯中央高地","白云崖前哨","调查队冰洞",0,False,"捕鱼人","捕鱼人理符任务",0,"库尔札斯中央高地","ui/icon/080000/080012.tex","大量采集：故乡味道的公鱼",True,0,1,420159,260,"LeveRewardItem#211","ui/icon/080000/080045.tex","ui/icon/080000/080005.tex","Level#4258782","ui/icon/110000/110161.tex",True,"Level#3631239","music/ffxiv/BGM_Leves.scd"
789,"大量采集：撒饵用的泥鳅","<UIForeground>F201F4</UIForeground><UIGlow>F201F5</UIGlow>采集方法：钓鱼<UIGlow>01</UIGlow><UIForeground>01</UIForeground>
龙族眷属蜻蜓飞蜥最喜欢吃黄金鳅。狄兰达尔家的骑兵团想利用这点将它们引诱出来。请为我们提供大量泥鳅。","批发商人 卢薇奥娜",6,"捕鱼人","格里达尼亚",40,0,1,0,"库尔札斯中央高地","白云崖前哨","圣人旅道",0,False,"捕鱼人","捕鱼人理符任务",0,"库尔札斯中央高地","ui/icon/080000/080012.tex","大量采集：撒饵用的泥鳅",True,0,1,420159,260,"LeveRewardItem#211","ui/icon/080000/080045.tex","ui/icon/080000/080005.tex","Level#4258782","ui/icon/110000/110161.tex",True,"Level#3631239","music/ffxiv/BGM_Leves.scd"
790,"指定采集：研究用的震雷鱼","<UIForeground>F201F4</UIForeground><UIGlow>F201F5</UIGlow>采集方法：钓鱼<UIGlow>01</UIGlow><UIForeground>01</UIForeground>
古代亚拉戈文明利用魔科学合成、改良生物。那能放电的鱼，估计也是经他们的手创造出来的。请为我们提供震雷鱼，以供研究使用。","圣寇伊纳克财团 克利夫顿",6,"捕鱼人","乌尔达哈",45,0,1,0,"摩杜纳","圣寇伊纳克调查地","纠缠沼泽林",0,False,"捕鱼人","捕鱼人理符任务",0,"摩杜纳","ui/icon/080000/080013.tex","指定采集：研究用的震雷鱼",True,0,1,916282,810,"LeveRewardItem#193","ui/icon/080000/080057.tex","ui/icon/080000/080005.tex","Level#4258842","ui/icon/110000/110152.tex",True,"Level#4261601","music/ffxiv/BGM_Leves.scd"
791,"指定采集：研究用的北洲鲈","<UIForeground>F201F4</UIForeground><UIGlow>F201F5</UIGlow>采集方法：钓鱼<UIGlow>01</UIGlow><UIForeground>01</UIForeground>
圣寇伊纳克财团从古代亚拉戈文明的贝冢中挖掘出了鱼骨。这种鱼很有可能是古代亚拉戈人的食物，为了弄清鱼的品种，我们需要进行比较研究。请为我们提供北洲鲈。","圣寇伊纳克财团 克利夫顿",6,"捕鱼人","乌尔达哈",45,0,1,0,"摩杜纳","圣寇伊纳克调查地","纠缠沼泽林",0,False,"捕鱼人","捕鱼人理符任务",0,"摩杜纳","ui/icon/080000/080013.tex","指定采集：研究用的北洲鲈",True,0,1,916282,810,"LeveRewardItem#193","ui/icon/080000/080057.tex","ui/icon/080000/080005.tex","Level#4258842","ui/icon/110000/110152.tex",True,"Level#4261601","music/ffxiv/BGM_Leves.scd"
792,"大量采集：流行的蜗牛","<UIForeground>F201F4</UIForeground><UIGlow>F201F5</UIGlow>采集方法：钓鱼<UIGlow>01</UIGlow><UIForeground>01</UIForeground>
我想要好多火狱蜗牛，这蜗牛本是蜥蜴人族喜欢吃的食物，不知为何在调查员之中流行了起来。没想到它还挺好吃。请为我提供大量火狱蜗牛。","圣寇伊纳克财团 克利夫顿",6,"捕鱼人","乌尔达哈",45,0,1,0,"摩杜纳","圣寇伊纳克调查地","歌咏裂谷北部",0,False,"捕鱼人","捕鱼人理符任务",0,"摩杜纳","ui/icon/080000/080013.tex","大量采集：流行的蜗牛",True,0,1,549769,293,"LeveRewardItem#212","ui/icon/080000/080045.tex","ui/icon/080000/080005.tex","Level#4258842","ui/icon/110000/110152.tex",True,"Level#4261601","music/ffxiv/BGM_Leves.scd"
793,"大量采集：驱除淤泥跳鱼","<UIForeground>F201F4</UIForeground><UIGlow>F201F5</UIGlow>采集方法：钓鱼<UIGlow>01</UIGlow><UIForeground>01</UIForeground>
蠢蠢欲动的无数黑影……半夜一睁眼，发现淤泥跳鱼全都跑到床上来了。为此调查员全都睡眠不足。不能再拖慢遗迹挖掘的进度了，请帮忙驱逐淤泥跳鱼。","圣寇伊纳克财团 克利夫顿",6,"捕鱼人","乌尔达哈",45,0,1,0,"摩杜纳","圣寇伊纳克调查地","纠缠沼泽林",0,False,"捕鱼人","捕鱼人理符任务",0,"摩杜纳","ui/icon/080000/080013.tex","大量采集：驱除淤泥跳鱼",True,0,1,549769,293,"LeveRewardItem#212","ui/icon/080000/080045.tex","ui/icon/080000/080005.tex","Level#4258842","ui/icon/110000/110152.tex",True,"Level#4261601","music/ffxiv/BGM_Leves.scd"
794,"防卫指令：被野兽盯上的补给物资","前往莫拉比造船厂的运输队遭到魔物袭击，丢掉了一些货物。魔物大概是盯上了货物中的食材。请马上赶往现场，保护掉落的补给物资、消灭袭来的魔物。","黑涡团 船业部",2,"黑涡团","利姆萨·罗敏萨",20,20,1,0,"拉诺西亚低地","莫拉比造船厂","未知钓场",0,False,"战斗精英 魔法导师","黑涡团理符任务",0,"拉诺西亚低地","ui/icon/080000/080011.tex","CompanyLeve#196619",True,4,0.8,0,0,"LeveRewardItem#1","ui/icon/080000/080051.tex","ui/icon/080000/080003.tex","Level#4103304","ui/icon/110000/110048.tex",True,"Level#4178179","music/ffxiv/BGM_Leves.scd"
795,"迎击指令：莫拉比造船厂迎击战","我们得到情报说“海蛇之舌”企图破坏莫拉比造船厂。但现在造船厂正在建造新船“胜利号”。为了避免造船作业受到干扰，希望能够有人帮忙迎击海盗。","黑涡团 船业部",2,"黑涡团","利姆萨·罗敏萨",20,5,1,0,"拉诺西亚低地","莫拉比造船厂","未知钓场",0,False,"战斗精英 魔法导师","黑涡团理符任务",0,"拉诺西亚低地","ui/icon/080000/080011.tex","CompanyLeve#196620",True,4,0.8,0,0,"LeveRewardItem#1","ui/icon/080000/080036.tex","ui/icon/080000/080003.tex","Level#4103304","ui/icon/110000/110048.tex",True,"Level#4167151","music/ffxiv/BGM_Leves.scd"
796,"索敌指令：造船厂的不祥恶灵","我们接到了在莫拉比造船厂周围发现恶灵活动的报告。海洋之民比较迷信，如果对这些恶灵放任不管的话，有可能会对造船作业造成影响。希望能够有人帮忙找出恶灵变成的野生动物，并将其讨伐。
（首先对雷元精使用情感动作“戳指”，对动作有反应的雷元精会发出淡光，这就说明其可能持有“流光水晶”。对其他魔物使用这种水晶，便可让讨伐对象现出原形。）","黑涡团 船业部",2,"黑涡团","利姆萨·罗敏萨",20,20,1,0,"拉诺西亚低地","莫拉比造船厂","未知钓场",0,False,"战斗精英 魔法导师","黑涡团理符任务",0,"拉诺西亚低地","ui/icon/080000/080011.tex","CompanyLeve#196621",True,4,0.8,0,0,"LeveRewardItem#1","ui/icon/080000/080049.tex","ui/icon/080000/080003.tex","Level#4103304","ui/icon/110000/110048.tex",True,"Level#4167150","music/ffxiv/BGM_Leves.scd"
797,"歼敌指令：疯言疯语的沃姆威克斯","总是疯言疯语的哥布林族商人沃姆威克斯因参与贩卖禁书而受到通缉。现在那家伙现身于威尔布兰德岛，而且手中还持有封印着异界“妖异”的禁书。希望能够有人帮忙将其歼灭。执行任务时小心其召唤的妖异。","黑涡团 军令部直属特务小队",2,"黑涡团","利姆萨·罗敏萨",20,20,1,0,"拉诺西亚低地","莫拉比造船厂","未知钓场",0,False,"战斗精英 魔法导师","黑涡团理符任务",0,"拉诺西亚低地","ui/icon/080000/080011.tex","CompanyLeve#196622",True,4,0.8,0,0,"LeveRewardItem#1","ui/icon/080000/080037.tex","ui/icon/080000/080003.tex","Level#4103304","ui/icon/110000/110048.tex",True,"Level#4164750","music/ffxiv/BGM_Leves.scd"
798,"防卫指令：燃烧处理非法药草","前几天，我们逮捕了想在黑衣森林种植外来非法药草的哥布林族。我们想烧掉没收来的药草，但哥布林族肯定会来阻挠我们。请保护熊熊燃烧的篝火，消灭敌人。","双蛇党 玄猪队",2,"双蛇党","格里达尼亚",20,20,1,0,"黑衣森林东部林区","霍桑山寨","未知钓场",0,False,"战斗精英 魔法导师","双蛇党理符任务",0,"黑衣森林东部林区","ui/icon/080000/080012.tex","CompanyLeve#196623",True,4,0.8,0,0,"LeveRewardItem#1","ui/icon/080000/080051.tex","ui/icon/080000/080003.tex","Level#4103445","ui/icon/110000/110051.tex",True,"Level#3258960","music/ffxiv/BGM_Leves.scd"
799,"迎击指令：保护防卫阵地的建设地","为了应对出入黑衣森林的加雷马帝国军，我们计划建造新的防卫阵地。希望能够有人前往防卫阵地的建设地，协助工兵部队“青貉队”的工作，消灭碍事的魔物。","双蛇党 青貉队",2,"双蛇党","格里达尼亚",20,5,1,0,"黑衣森林东部林区","霍桑山寨","未知钓场",0,False,"战斗精英 魔法导师","双蛇党理符任务",0,"黑衣森林东部林区","ui/icon/080000/080012.tex","CompanyLeve#196624",True,4,0.8,0,0,"LeveRewardItem#1","ui/icon/080000/080036.tex","ui/icon/080000/080003.tex","Level#4103445","ui/icon/110000/110051.tex",True,"Level#3251859","music/ffxiv/BGM_Leves.scd"
800,"索敌指令：偷食物的小魔精","我们的运输队遭到了小魔精的袭击，食物都被夺走了。之后，小魔精变成野生动物隐藏了起来。希望能够有人帮忙找出，并将其讨伐。
（首先对风元精使用情感动作“戳指”，对动作有反应的风元精会发出淡光，这就说明其可能持有“流光水晶”。对其他魔物使用这种水晶，便可让讨伐对象现出原形。）","双蛇党 玄猪队",2,"双蛇党","格里达尼亚",20,20,1,0,"黑衣森林东部林区","霍桑山寨","未知钓场",0,False,"战斗精英 魔法导师","双蛇党理符任务",0,"黑衣森林东部林区","ui/icon/080000/080012.tex","CompanyLeve#196625",True,4,0.8,0,0,"LeveRewardItem#1","ui/icon/080000/080049.tex","ui/icon/080000/080003.tex","Level#4103445","ui/icon/110000/110051.tex",True,"Level#3258961","music/ffxiv/BGM_Leves.scd"
801,"歼敌指令：入魔的蕾芙奎因","“最后之民”是三番两次对艾欧泽亚诸国进行破坏的邪教教团。其成员“入魔的蕾芙奎因”出现在了九藤地区。那家伙可以操纵死灵，是个强敌。希望有能力的冒险者务必将其讨伐。","双蛇党 朱獭队",2,"双蛇党","格里达尼亚",20,20,1,0,"黑衣森林东部林区","霍桑山寨","未知钓场",0,False,"战斗精英 魔法导师","双蛇党理符任务",0,"黑衣森林东部林区","ui/icon/080000/080012.tex","CompanyLeve#196626",True,4,0.8,0,0,"LeveRewardItem#1","ui/icon/080000/080037.tex","ui/icon/080000/080003.tex","Level#4103445","ui/icon/110000/110051.tex",True,"Level#4164730","music/ffxiv/BGM_Leves.scd"
802,"防卫指令：被落下的油壶","向恒辉队提供补给物资的商队遭到了蜥蜴人族的袭击。大多数货物都完好无损，但有几件货物掉在了路上。保护恒辉队的油壶，击退蜥蜴！","恒辉队 阿拉米格人部队",2,"恒辉队","乌尔达哈",20,20,1,0,"东萨纳兰","枯骨营地","未知钓场",0,False,"战斗精英 魔法导师","恒辉队理符任务",0,"东萨纳兰","ui/icon/080000/080013.tex","CompanyLeve#196627",True,4,0.8,0,0,"LeveRewardItem#1","ui/icon/080000/080051.tex","ui/icon/080000/080003.tex","Level#4103464","ui/icon/110000/110054.tex",True,"Level#3446733","music/ffxiv/BGM_Leves.scd"
803,"迎击指令：保护望楼建设地","最近蜥蜴人族活动频繁，现已危及东萨纳兰的交易路线。我们为了监视那些臭爬虫的行动，准备建造新的监视塔楼。希望能够有人在施工开始之前，消灭建设地的魔物。","恒辉队 第一工兵中队",2,"恒辉队","乌尔达哈",20,5,1,0,"东萨纳兰","枯骨营地","未知钓场",0,False,"战斗精英 魔法导师","恒辉队理符任务",0,"东萨纳兰","ui/icon/080000/080013.tex","CompanyLeve#196628",True,4,0.8,0,0,"LeveRewardItem#1","ui/icon/080000/080036.tex","ui/icon/080000/080003.tex","Level#4103464","ui/icon/110000/110054.tex",True,"Level#3446703","music/ffxiv/BGM_Leves.scd"
804,"索敌指令：煽动野兽的恶灵","近日兴奋的野兽袭击补给部队和商队的事件频发。看来是有恶灵变成野生动物，煽动野兽们发起袭击的。希望能够有人帮忙找出棘手的恶灵，并将其讨伐。
（首先对土元精使用情感动作“戳指”，对动作有反应的土元精会发出淡光，这就说明其可能持有“流光水晶”。对其他魔物使用这种水晶，便可让讨伐对象现出原形。）","恒辉队 第二战斗大队",2,"恒辉队","乌尔达哈",20,20,1,0,"东萨纳兰","枯骨营地","未知钓场",0,False,"战斗精英 魔法导师","恒辉队理符任务",0,"东萨纳兰","ui/icon/080000/080013.tex","CompanyLeve#196629",True,4,0.8,0,0,"LeveRewardItem#1","ui/icon/080000/080049.tex","ui/icon/080000/080003.tex","Level#4103464","ui/icon/110000/110054.tex",True,"Level#3446726","music/ffxiv/BGM_Leves.scd"
805,"歼敌指令：精炼之人玛玛恩佐","我们接到了发现“精炼之人”玛玛恩佐的报告。这个人是一名被蛮神伊弗利特“精炼”过的咒术师。蛮神“精炼”过的信徒越多，其力量就会变得越强。虽然对人类出手有些过意不去，不过还是希望能够有人去打倒那个咒术师，削减蛮神的力量。","恒辉队 局长直属血荆棘特务部队",2,"恒辉队","乌尔达哈",20,20,1,0,"东萨纳兰","枯骨营地","未知钓场",0,False,"战斗精英 魔法导师","恒辉队理符任务",0,"东萨纳兰","ui/icon/080000/080013.tex","CompanyLeve#196630",True,4,0.8,0,0,"LeveRewardItem#1","ui/icon/080000/080037.tex","ui/icon/080000/080003.tex","Level#4103464","ui/icon/110000/110054.tex",True,"Level#4164765","music/ffxiv/BGM_Leves.scd"
806,"防卫指令：保护奥修昂火炬的物资","为了强化莫拉比造船厂的警戒，我们计划将奥修昂火炬作为望楼使用。但在往那里输送物资的时候，卢恩族的盗贼放出魔物袭击了运输部队。希望能够有人前去保护“军需物资”，并消灭敌人。","黑涡团 船业部",2,"黑涡团","利姆萨·罗敏萨",25,20,1,0,"拉诺西亚低地","莫拉比造船厂","未知钓场",0,False,"战斗精英 魔法导师","黑涡团理符任务",0,"拉诺西亚低地","ui/icon/080000/080011.tex","CompanyLeve#196631",True,4,0.8,0,0,"LeveRewardItem#1","ui/icon/080000/080051.tex","ui/icon/080000/080003.tex","Level#4103304","ui/icon/110000/110049.tex",True,"Level#4178181","music/ffxiv/BGM_Leves.scd"
807,"迎击指令：鱼人族迎击战","鱼人族的士兵从拉诺西亚低地的南岸上岸，在空心穴一带进行可疑的仪式。看来是企图将地脉切断，使莫拉比造船厂的以太之光无法使用。希望能够有人立刻前去迎击鱼人。","黑涡团 特殊陆战队",2,"黑涡团","利姆萨·罗敏萨",25,5,1,0,"拉诺西亚低地","莫拉比造船厂","未知钓场",0,False,"战斗精英 魔法导师","黑涡团理符任务",0,"拉诺西亚低地","ui/icon/080000/080011.tex","CompanyLeve#196632",True,4,0.8,0,0,"LeveRewardItem#1","ui/icon/080000/080036.tex","ui/icon/080000/080003.tex","Level#4103304","ui/icon/110000/110049.tex",True,"Level#4167152","music/ffxiv/BGM_Leves.scd"
808,"索敌指令：骚扰警备兵的小魔精","近日，小魔精袭击戒备中的警备兵的事件频发，对我们执行任务造成了很大困扰。现在小魔精变成野生动物隐藏了起来。希望能够有人帮忙找出，并将其讨伐。
（首先对雷元精使用情感动作“戳指”，对动作有反应的雷元精会发出淡光，这就说明其可能持有“流光水晶”。对其他魔物使用这种水晶，便可让讨伐对象现出原形。）","黑涡团 船业部",2,"黑涡团","利姆萨·罗敏萨",25,20,1,0,"拉诺西亚低地","莫拉比造船厂","未知钓场",0,False,"战斗精英 魔法导师","黑涡团理符任务",0,"拉诺西亚低地","ui/icon/080000/080011.tex","CompanyLeve#196633",True,4,0.8,0,0,"LeveRewardItem#1","ui/icon/080000/080049.tex","ui/icon/080000/080003.tex","Level#4103304","ui/icon/110000/110049.tex",True,"Level#4167151","music/ffxiv/BGM_Leves.scd"
809,"歼敌指令：妄言的曼赛尔","我们接到报告说目击到了邪教教团“最后之民”的死灵术士曼赛尔。那家伙是个行踪诡异的通缉犯，而且经常说出耸人听闻的言论，所以我们决不能错过这次机会。不过那家伙会呼唤出死灵，请前去讨伐的冒险者多加注意。","黑涡团 军令部直属特务小队",2,"黑涡团","利姆萨·罗敏萨",25,20,1,0,"拉诺西亚低地","莫拉比造船厂","未知钓场",0,False,"战斗精英 魔法导师","黑涡团理符任务",0,"拉诺西亚低地","ui/icon/080000/080011.tex","CompanyLeve#196634",True,4,0.8,0,0,"LeveRewardItem#1","ui/icon/080000/080037.tex","ui/icon/080000/080003.tex","Level#4103304","ui/icon/110000/110049.tex",True,"Level#4164750","music/ffxiv/BGM_Leves.scd"
810,"防卫指令：枫糖浆防卫队","人是铁，饭是钢。不论什么样的精兵强将都离不开粮食。因此我们利用森林赐予的枫糖浆，制造优质的易携带食品。希望能够有人保护我们部队设置的“树汁采取器”，打倒前来的蜜蜂。","双蛇党 玄猪队",2,"双蛇党","格里达尼亚",25,20,1,0,"黑衣森林东部林区","霍桑山寨","未知钓场",0,False,"战斗精英 魔法导师","双蛇党理符任务",0,"黑衣森林东部林区","ui/icon/080000/080012.tex","CompanyLeve#196635",True,4,0.8,0,0,"LeveRewardItem#1","ui/icon/080000/080051.tex","ui/icon/080000/080003.tex","Level#4103445","ui/icon/110000/110052.tex",True,"Level#3258962","music/ffxiv/BGM_Leves.scd"
811,"迎击指令：消灭敌对的妖精族","变成蛮神“拉姆”狂信者的妖精族企图建造新的据点。这样下去那些对我们表示友好的妖精族的生活也将会受到威胁。希望能够有人立即赶往现场，消灭敌对的妖精族。","双蛇党 朱獭队",2,"双蛇党","格里达尼亚",25,5,1,0,"黑衣森林东部林区","霍桑山寨","未知钓场",0,False,"战斗精英 魔法导师","双蛇党理符任务",0,"黑衣森林东部林区","ui/icon/080000/080012.tex","CompanyLeve#196636",True,4,0.8,0,0,"LeveRewardItem#1","ui/icon/080000/080036.tex","ui/icon/080000/080003.tex","Level#4103445","ui/icon/110000/110052.tex",True,"Level#3258960","music/ffxiv/BGM_Leves.scd"
812,"索敌指令：恶灵的迷惑","夜间巡逻的士兵接连遇险。熟悉森林的士兵会迷路，是因为受到恶灵的迷惑了吧。希望能够有人帮忙找出变成野生动物的恶灵，将其消灭。
（首先对风元精使用情感动作“戳指”，对动作有反应的风元精会发出淡光，这就说明其可能持有“流光水晶”。对其他魔物使用这种水晶，便可让讨伐对象现出原形。）","双蛇党 朱獭队",2,"双蛇党","格里达尼亚",25,20,1,0,"黑衣森林东部林区","霍桑山寨","未知钓场",0,False,"战斗精英 魔法导师","双蛇党理符任务",0,"黑衣森林东部林区","ui/icon/080000/080012.tex","CompanyLeve#196637",True,4,0.8,0,0,"LeveRewardItem#1","ui/icon/080000/080049.tex","ui/icon/080000/080003.tex","Level#4103445","ui/icon/110000/110052.tex",True,"Level#3258961","music/ffxiv/BGM_Leves.scd"
813,"歼敌指令：“大羽翼”帕妮希亚","“大羽翼”帕妮希亚可以利用幻术操纵草木纲的魔物。她原本对人类挺友好的，可是现在却已经沦为滥杀无辜的罪恶之徒。希望能够有人给与那家伙相应的惩罚，将其消灭。","双蛇党 朱獭队",2,"双蛇党","格里达尼亚",25,20,1,0,"黑衣森林东部林区","霍桑山寨","未知钓场",0,False,"战斗精英 魔法导师","双蛇党理符任务",0,"黑衣森林东部林区","ui/icon/080000/080012.tex","CompanyLeve#196638",True,4,0.8,0,0,"LeveRewardItem#1","ui/icon/080000/080037.tex","ui/icon/080000/080003.tex","Level#4103445","ui/icon/110000/110052.tex",True,"Level#4164730","music/ffxiv/BGM_Leves.scd"
814,"防卫指令：保护加固墙壁的建材","我们计划修缮第七灵灾中崩坏的枯骨营地的防御壁。不过，蜥蜴人族极有可能来阻碍我们的作业。希望能够有人前去保护“加固墙壁的建材”，并将那些接近的臭爬虫消灭！","恒辉队 第一工兵中队",2,"恒辉队","乌尔达哈",25,20,1,0,"东萨纳兰","枯骨营地","未知钓场",0,False,"战斗精英 魔法导师","恒辉队理符任务",0,"东萨纳兰","ui/icon/080000/080013.tex","CompanyLeve#196639",True,4,0.8,0,0,"LeveRewardItem#1","ui/icon/080000/080051.tex","ui/icon/080000/080003.tex","Level#4103464","ui/icon/110000/110055.tex",True,"Level#3446708","music/ffxiv/BGM_Leves.scd"
815,"迎击指令：袭击道路的野兽们","近来兴奋的野兽袭击补给部队、商队的事件时有发生。恐怕是因为肉食动物增加，导致猎物不足的缘故。我们必须要阻止事态继续扩大。希望能够有人前往指定地点，迎击野兽！","恒辉队 第二战斗大队",2,"恒辉队","乌尔达哈",25,5,1,0,"东萨纳兰","枯骨营地","未知钓场",0,False,"战斗精英 魔法导师","恒辉队理符任务",0,"东萨纳兰","ui/icon/080000/080013.tex","CompanyLeve#196640",True,4,0.8,0,0,"LeveRewardItem#1","ui/icon/080000/080036.tex","ui/icon/080000/080003.tex","Level#4103464","ui/icon/110000/110055.tex",True,"Level#3446699","music/ffxiv/BGM_Leves.scd"
816,"索敌指令：妨碍物流的小魔精","烦人的小魔精变成野生大山羊堵住了道路，这严重妨碍了我们的补给部队和商队运输货物。为了保持物流的畅通，希望能够有人帮忙找出小魔精，并将其消灭。
（首先对土元精使用情感动作“戳指”，对动作有反应的土元精会发出淡光，这就说明其可能持有“流光水晶”。对其他魔物使用这种水晶，便可让讨伐对象现出原形。）","恒辉队 第二战斗大队",2,"恒辉队","乌尔达哈",25,20,1,0,"东萨纳兰","枯骨营地","未知钓场",0,False,"战斗精英 魔法导师","恒辉队理符任务",0,"东萨纳兰","ui/icon/080000/080013.tex","CompanyLeve#196641",True,4,0.8,0,0,"LeveRewardItem#1","ui/icon/080000/080049.tex","ui/icon/080000/080003.tex","Level#4103464","ui/icon/110000/110055.tex",True,"Level#3446695","music/ffxiv/BGM_Leves.scd"
817,"歼敌指令：“打火心”玛格丽","纵火惯犯“打火心”玛格丽是蛮神伊弗利特的狂信者。而且那家伙还会使用禁书的力量操纵妖异。希望能够有人前去消灭这个可恶的纵火犯。执行任务时请小心她所召唤出来的妖异。","恒辉队 局长直属血荆棘特务部队",2,"恒辉队","乌尔达哈",25,20,1,0,"东萨纳兰","枯骨营地","未知钓场",0,False,"战斗精英 魔法导师","恒辉队理符任务",0,"东萨纳兰","ui/icon/080000/080013.tex","CompanyLeve#196642",True,4,0.8,0,0,"LeveRewardItem#1","ui/icon/080000/080037.tex","ui/icon/080000/080003.tex","Level#4103464","ui/icon/110000/110055.tex",True,"Level#4164765","music/ffxiv/BGM_Leves.scd"
818,"防卫指令：修理桥梁的资材","“道路”是能否迅速执行军事行动的关键。因此，我们部队会定期检查桥梁，进行修理。希望冒险者们能够保护“修理桥梁的资材”不受地灵族的破坏，担任警卫兵的工作。","黑涡团 设施部工兵队",2,"黑涡团","利姆萨·罗敏萨",30,20,1,0,"东拉诺西亚","太阳海岸","未知钓场",0,False,"战斗精英 魔法导师","黑涡团理符任务",0,"东拉诺西亚","ui/icon/080000/080011.tex","CompanyLeve#196643",True,4,0.8,0,0,"LeveRewardItem#1","ui/icon/080000/080051.tex","ui/icon/080000/080003.tex","Level#4103440","ui/icon/110000/110050.tex",True,"Level#4178203","music/ffxiv/BGM_Leves.scd"
819,"迎击指令：鱼人族斥候部队迎击战","有情报显示在鲜血滨附近出现了一支鱼人族的斥候部队。希望能够有人立即前往现场，收拾掉那些臭鱼。不过，我们还收到了消息说“海蛇之舌”为了掩护鱼人族上岸，也正赶往现场。执行任务时请多加小心。","黑涡团 特殊陆战队",2,"黑涡团","利姆萨·罗敏萨",30,5,1,0,"东拉诺西亚","太阳海岸","未知钓场",0,False,"战斗精英 魔法导师","黑涡团理符任务",0,"东拉诺西亚","ui/icon/080000/080011.tex","CompanyLeve#196644",True,4,0.8,0,0,"LeveRewardItem#1","ui/icon/080000/080036.tex","ui/icon/080000/080003.tex","Level#4103440","ui/icon/110000/110050.tex",True,"Level#4167305","music/ffxiv/BGM_Leves.scd"
820,"索敌指令：搜查乔装的帝国兵","据悉，加雷马帝国军向卢恩族的黑市商人采购物品。现在帝国兵乔装成海盗，出现在了交易现场。希望能够有人找出帝国兵，并将其消灭。
（首先对卢恩人使用情感动作“质疑”进行询问，对动作有反应的卢恩人会发出淡光，这就说明其可能持有“魔导通信机”。对其他海盗使用这种仪器，便可让讨伐对象现出原形。）","黑涡团 军令部直属特务小队",2,"黑涡团","利姆萨·罗敏萨",30,20,1,0,"东拉诺西亚","太阳海岸","未知钓场",0,False,"战斗精英 魔法导师","黑涡团理符任务",0,"东拉诺西亚","ui/icon/080000/080011.tex","CompanyLeve#196645",True,4,0.8,0,0,"LeveRewardItem#1","ui/icon/080000/080049.tex","ui/icon/080000/080003.tex","Level#4103440","ui/icon/110000/110050.tex",True,"Level#4167315","music/ffxiv/BGM_Leves.scd"
821,"歼敌指令：第426团募缘修士籍蛊","地灵族的第426团募缘修士籍蛊曾经杀害了我们黑涡团30名官兵，而且仍在被通缉。近日有情报说他出现在了鲜血滨附近。那家伙会使用炼金术创造出魔物并加以操纵，是个可怕的对手。希望能够有人将其消灭。执行任务时要小心他招出来的魔物。","黑涡团 特殊陆战队",2,"黑涡团","利姆萨·罗敏萨",30,20,1,0,"东拉诺西亚","太阳海岸","未知钓场",0,False,"战斗精英 魔法导师","黑涡团理符任务",0,"东拉诺西亚","ui/icon/080000/080011.tex","CompanyLeve#196646",True,4,0.8,0,0,"LeveRewardItem#1","ui/icon/080000/080037.tex","ui/icon/080000/080003.tex","Level#4103440","ui/icon/110000/110050.tex",True,"Level#4164762","music/ffxiv/BGM_Leves.scd"
822,"援護指令：第426洞穴団せん滅作戦","新たな採掘地を求めて、コボルド族の集団「第426洞穴団」がブラッドショアに進出してきた。このまま奴らに根付かれる訳にはいかん。我が隊の陸戦兵と協力し、敵をせん滅せよ。我らの団結力を見せつけてやるのだ。","黑涡团 打击舰队所属第3陆战队",2,"黑涡团","利姆萨·罗敏萨",30,20,1,0,"东拉诺西亚","太阳海岸","未知钓场",0,False,"战斗精英 魔法导师","黑涡团理符任务",0,"东拉诺西亚","ui/icon/080000/080011.tex","CompanyLeve#196647",True,4,0.8,0,0,"LeveRewardItem#1","ui/icon/080000/080048.tex","ui/icon/080000/080003.tex","Level#4103440","ui/icon/110000/110050.tex",True,"Level#4167317","music/ffxiv/BGM_Leves.scd"
823,"防卫指令：保护隐藏的军粮","为应对紧急情况的发生，我们在森林中设置了粮食保管地。但被恶徒团伙“寄生蜂团”发现了。希望能够有人立即前往粮食保管地，保护“隐藏的军粮”，消灭那些盯上粮食的恶徒。","双蛇党 玄猪队",2,"双蛇党","格里达尼亚",30,20,1,0,"黑衣森林南部林区","恬静路营地","未知钓场",0,False,"战斗精英 魔法导师","双蛇党理符任务",0,"黑衣森林南部林区","ui/icon/080000/080012.tex","CompanyLeve#196648",True,4,0.8,0,0,"LeveRewardItem#1","ui/icon/080000/080051.tex","ui/icon/080000/080003.tex","Level#4106909","ui/icon/110000/110053.tex",True,"Level#4178226","music/ffxiv/BGM_Leves.scd"
824,"迎击指令：强化营地的事前准备","为了改善南部林区的治安，现计划增加恬静路营地的兵力。但这样一来，我们就必须对营地进行扩建工作。希望能够有人在施工开始之前，消灭碍事的魔物。","双蛇党 青貉队",2,"双蛇党","格里达尼亚",30,5,1,0,"黑衣森林南部林区","恬静路营地","未知钓场",0,False,"战斗精英 魔法导师","双蛇党理符任务",0,"黑衣森林南部林区","ui/icon/080000/080012.tex","CompanyLeve#196649",True,4,0.8,0,0,"LeveRewardItem#1","ui/icon/080000/080036.tex","ui/icon/080000/080003.tex","Level#4106909","ui/icon/110000/110053.tex",True,"Level#4167634","music/ffxiv/BGM_Leves.scd"
825,"索敌指令：找出乔装的帝国兵","据悉，加雷马帝国军向哥布林族的黑市商人采购食物。现在帝国兵乔装成当地的偷猎者，企图进行交易。希望能够有人找出帝国兵，并将其打倒。
（首先对哥布林使用情感动作“质疑”进行询问，对动作有反应的哥布林会发出淡光，这就说明其可能持有“魔导通信机”。对其他偷猎者使用这种仪器，便可让讨伐对象现出原形。）","双蛇党 朱獭队",2,"双蛇党","格里达尼亚",30,20,1,0,"黑衣森林南部林区","恬静路营地","未知钓场",0,False,"战斗精英 魔法导师","双蛇党理符任务",0,"黑衣森林南部林区","ui/icon/080000/080012.tex","CompanyLeve#196650",True,4,0.8,0,0,"LeveRewardItem#1","ui/icon/080000/080049.tex","ui/icon/080000/080003.tex","Level#4106909","ui/icon/110000/110053.tex",True,"Level#3799684","music/ffxiv/BGM_Leves.scd"
826,"歼敌指令：变节者克莱尔维斯","我们收到了通缉犯克莱尔维斯的目击情报。这家伙当初背叛神勇队转而加入“最后之民”这一邪教，是一个相当不好对付的人。据悉，他还持有封印着妖异的禁书。希望能够有人前去将其讨伐。执行任务时一定要小心他召唤出来的妖异。","双蛇党 朱獭队",2,"双蛇党","格里达尼亚",30,20,1,0,"黑衣森林南部林区","恬静路营地","未知钓场",0,False,"战斗精英 魔法导师","双蛇党理符任务",0,"黑衣森林南部林区","ui/icon/080000/080012.tex","CompanyLeve#196651",True,4,0.8,0,0,"LeveRewardItem#1","ui/icon/080000/080037.tex","ui/icon/080000/080003.tex","Level#4106909","ui/icon/110000/110053.tex",True,"Level#4164736","music/ffxiv/BGM_Leves.scd"
827,"援護指令：白狼隊の実戦訓練","我々白狼隊は、グリダニア在住の若き志願兵によって構成された部隊です。士気は高いのですが、その反面、実践経験には乏しいのです。歴戦の冒険者の皆様、ぜひ魔物相手の実戦訓練に同行し、模範を示してください。","双蛇党 白狼队",2,"双蛇党","格里达尼亚",30,20,1,0,"黑衣森林南部林区","恬静路营地","未知钓场",0,False,"战斗精英 魔法导师","双蛇党理符任务",0,"黑衣森林南部林区","ui/icon/080000/080012.tex","CompanyLeve#196652",True,4,0.8,0,0,"LeveRewardItem#1","ui/icon/080000/080048.tex","ui/icon/080000/080003.tex","Level#4106909","ui/icon/110000/110053.tex",True,"Level#3799688","music/ffxiv/BGM_Leves.scd"
828,"防卫指令：工兵中队的资材","横跨断崖的桥梁因为风沙而受损了。我们工兵队正计划对其进行修理。但当地经常有卢恩族的盗贼出没。希望能够有人前去保护“修理桥梁的资材”，并击退卢恩族。","恒辉队 第一工兵中队",2,"恒辉队","乌尔达哈",30,20,1,0,"南萨纳兰","小阿拉米格","未知钓场",0,False,"战斗精英 魔法导师","恒辉队理符任务",0,"南萨纳兰","ui/icon/080000/080013.tex","CompanyLeve#196653",True,4,0.8,0,0,"LeveRewardItem#1","ui/icon/080000/080051.tex","ui/icon/080000/080003.tex","Level#4103469","ui/icon/110000/110056.tex",True,"Level#4178237","music/ffxiv/BGM_Leves.scd"
829,"迎击指令：歼灭蜥蜴人斥候部队","友军部队发来了发现附近有蜥蜴人族斥候部队的报告。这有可能是他们大规模进攻的前兆。为了挫挫那些臭家伙的锐气，希望能够有人立即赶往现场，消灭敌军的斥候部队。","恒辉队 第三战斗大队",2,"恒辉队","乌尔达哈",30,5,1,0,"南萨纳兰","小阿拉米格","未知钓场",0,False,"战斗精英 魔法导师","恒辉队理符任务",0,"南萨纳兰","ui/icon/080000/080013.tex","CompanyLeve#196654",True,4,0.8,0,0,"LeveRewardItem#1","ui/icon/080000/080036.tex","ui/icon/080000/080003.tex","Level#4103469","ui/icon/110000/110056.tex",True,"Level#3437845","music/ffxiv/BGM_Leves.scd"
830,"索敌指令：现身交易现场的帝国兵","据悉，加雷马帝国军向无良商人采购物品。现在帝国兵乔装成当地居民，出现在了交易现场。希望能够有人找出帝国兵，并将其消灭。
（首先对商人使用情感动作“质疑”进行询问，对动作有反应的商人会发出淡光，这就说明其可能持有“魔导通信机”。对其他恶人使用这种仪器，便可让讨伐对象现出原形。）","恒辉队 局长直属血荆棘特务部队",2,"恒辉队","乌尔达哈",30,20,1,0,"南萨纳兰","小阿拉米格","未知钓场",0,False,"战斗精英 魔法导师","恒辉队理符任务",0,"南萨纳兰","ui/icon/080000/080013.tex","CompanyLeve#196655",True,4,0.8,0,0,"LeveRewardItem#1","ui/icon/080000/080049.tex","ui/icon/080000/080003.tex","Level#4103469","ui/icon/110000/110056.tex",True,"Level#3437847","music/ffxiv/BGM_Leves.scd"
831,"歼敌指令：“焚刑人”罗德古·春","据悉，可以操纵火焰系魔物的蜥蜴人族暗杀者——“焚刑人”罗德古·春出现在了小阿拉米格。这次一定要为葬身于那家伙炎下的士兵们报仇！希望能够有人前去将其消灭！执行任务时也要小心他召唤出来的其他魔物。","恒辉队 局长直属血荆棘特务部队",2,"恒辉队","乌尔达哈",30,20,1,0,"南萨纳兰","小阿拉米格","未知钓场",0,False,"战斗精英 魔法导师","恒辉队理符任务",0,"南萨纳兰","ui/icon/080000/080013.tex","CompanyLeve#196656",True,4,0.8,0,0,"LeveRewardItem#1","ui/icon/080000/080037.tex","ui/icon/080000/080003.tex","Level#4103469","ui/icon/110000/110056.tex",True,"Level#4164772","music/ffxiv/BGM_Leves.scd"
832,"援護指令：アラミゴ志願兵の実戦訓練","我が不滅隊には、祖国をガレマール帝国軍に滅ぼされたアラミゴの民が多数在籍している。だが、士気は旺盛なれども、経験が不足している者も少なくない。魔物を相手に行う実戦訓練に同行し、模範を示してくれ！","恒辉队 外国人部队",2,"恒辉队","乌尔达哈",30,20,1,0,"南萨纳兰","小阿拉米格","未知钓场",0,False,"战斗精英 魔法导师","恒辉队理符任务",0,"南萨纳兰","ui/icon/080000/080013.tex","CompanyLeve#196657",True,4,0.8,0,0,"LeveRewardItem#1","ui/icon/080000/080048.tex","ui/icon/080000/080003.tex","Level#4103469","ui/icon/110000/110056.tex",True,"Level#3437848","music/ffxiv/BGM_Leves.scd"
833,"防卫指令：临时监视所的篝火","为出口军用陆行鸟，我们要提供给伊修加德教皇厅兵力。去保护设立在库尔札斯中央高地的对鸟人族临时监视所。守护监视所的篝火，击退鸟人族。","黑涡团 特殊陆战队",2,"黑涡团","伊修加德",35,20,1,0,"库尔札斯中央高地","阿德内尔占星台","未知钓场",0,False,"战斗精英 魔法导师","黑涡团理符任务",0,"库尔札斯中央高地","ui/icon/080000/080014.tex","CompanyLeve#196658",True,4,0.8,0,0,"LeveRewardItem#1","ui/icon/080000/080051.tex","ui/icon/080000/080003.tex","Level#4270131","ui/icon/110000/110081.tex",True,"Level#4296392","music/ffxiv/BGM_Leves.scd"
834,"索敌指令：在云海捣乱的小魔精","对伊修加德军来说，云海这种优质渔场是他们重要的食材来源。而现在，有小魔精装成野生生物在那里闹事。请歼灭它们。
（首先对徘徊妖火使用情感动作“戳指”，对动作有反应的徘徊妖火会发出淡光，这就说明其可能持有“流光水晶”。对其他魔物使用这种水晶，便可让讨伐对象现出原形。）","黑涡团 特殊陆战队",2,"黑涡团","伊修加德",35,20,1,0,"库尔札斯中央高地","阿德内尔占星台","未知钓场",0,False,"战斗精英 魔法导师","黑涡团理符任务",0,"库尔札斯中央高地","ui/icon/080000/080014.tex","CompanyLeve#196673",True,4,0.8,0,0,"LeveRewardItem#1","ui/icon/080000/080049.tex","ui/icon/080000/080003.tex","Level#4270131","ui/icon/110000/110081.tex",True,"Level#3631240","music/ffxiv/BGM_Leves.scd"
835,"歼敌指令：补给通道的威胁","为遵守和教皇厅的协定，履行后方支援的职责，我们决定去排除威胁补给通道的大型古菩猩猩。但我听说，受古菩猩猩的妖气影响，周遭的魔物也变得异常凶暴。请小心古菩猩猩以外的魔物。","黑涡团 特殊陆战队",2,"黑涡团","伊修加德",35,20,1,0,"库尔札斯中央高地","阿德内尔占星台","未知钓场",0,False,"战斗精英 魔法导师","黑涡团理符任务",0,"库尔札斯中央高地","ui/icon/080000/080014.tex","CompanyLeve#196674",True,4,0.8,0,0,"LeveRewardItem#1","ui/icon/080000/080037.tex","ui/icon/080000/080003.tex","Level#4270131","ui/icon/110000/110081.tex",True,"Level#3631242","music/ffxiv/BGM_Leves.scd"
836,"","","",0,"","不知何处",0,0,0,0,"","","未知钓场",0,False,"","",0,"",,,False,0,0,0,0,"LeveRewardItem#0","","",,,False,,""
837,"","","",0,"","不知何处",0,0,0,0,"","","未知钓场",0,False,"","",0,"",,,False,0,0,0,0,"LeveRewardItem#0","","",,,False,,""
838,"歼敌指令：气流师罗托里·阿华坦","封印着异界妖异的禁书被鸟人族抢走了。对方是普通气球操纵员，他想利用禁书的力量立下战功，出人头地。小心他召唤出来的妖异，抹杀掉他。","双蛇党 朱獭队",2,"双蛇党","伊修加德",35,20,1,0,"库尔札斯中央高地","阿德内尔占星台","未知钓场",0,False,"战斗精英 魔法导师","双蛇党理符任务",0,"库尔札斯中央高地","ui/icon/080000/080014.tex","CompanyLeve#196659",True,4,0.8,0,0,"LeveRewardItem#1","ui/icon/080000/080037.tex","ui/icon/080000/080003.tex","Level#4270131","ui/icon/110000/110081.tex",True,"Level#3631241","music/ffxiv/BGM_Leves.scd"
839,"迎击指令：阿德内尔占星台的威胁","伊修加德教皇厅向我们发来了协力请求。阿德内尔占星台受到了魔物的威胁，为了强化与邻国的关系，请去协助占星台。打倒威胁占星台安全的魔物。","双蛇党 黄蛇队",2,"双蛇党","伊修加德",35,5,1,0,"库尔札斯中央高地","阿德内尔占星台","未知钓场",0,False,"战斗精英 魔法导师","双蛇党理符任务",0,"库尔札斯中央高地","ui/icon/080000/080014.tex","CompanyLeve#196660",True,4,0.8,0,0,"LeveRewardItem#1","ui/icon/080000/080036.tex","ui/icon/080000/080003.tex","Level#4270131","ui/icon/110000/110081.tex",True,"Level#3631239","music/ffxiv/BGM_Leves.scd"
840,"索敌指令：驱逐寄生虫","伊修加德与我们签订了羊毛出口协议，但他们的羊都染上了寄生虫。请用火烘烤羊，找出它们身上的寄生虫并给予消灭。
（首先对徘徊妖火使用情感动作“戳指”，对动作有反应的徘徊妖火会发出淡光，这就说明其可能持有“鬼火种”。对其他魔物使用这种水晶，便可让讨伐对象现出原形。）","双蛇党 青貉队",2,"双蛇党","伊修加德",35,20,1,0,"库尔札斯中央高地","阿德内尔占星台","未知钓场",0,False,"战斗精英 魔法导师","双蛇党理符任务",0,"库尔札斯中央高地","ui/icon/080000/080014.tex","CompanyLeve#196675",True,4,0.8,0,0,"LeveRewardItem#1","ui/icon/080000/080049.tex","ui/icon/080000/080003.tex","Level#4270131","ui/icon/110000/110081.tex",True,"Level#3631240","music/ffxiv/BGM_Leves.scd"
841,"","","",0,"","不知何处",0,0,0,0,"","","未知钓场",0,False,"","",0,"",,,False,0,0,0,0,"LeveRewardItem#0","","",,,False,,""
842,"","","",0,"","不知何处",0,0,0,0,"","","未知钓场",0,False,"","",0,"",,,False,0,0,0,0,"LeveRewardItem#0","","",,,False,,""
843,"迎击指令：鸟人族的小规模部队","与龙族陷入苦战的伊修加德向我们发来了协力请求。我们决定按照协定，派一支外国人部队前往伊修加德，以扩大活动范围为目的，消灭鸟人族的小规模部队。","恒辉队 外国人部队",2,"恒辉队","伊修加德",35,5,1,0,"库尔札斯中央高地","阿德内尔占星台","未知钓场",0,False,"战斗精英 魔法导师","恒辉队理符任务",0,"库尔札斯中央高地","ui/icon/080000/080014.tex","CompanyLeve#196661",True,4,0.8,0,0,"LeveRewardItem#1","ui/icon/080000/080036.tex","ui/icon/080000/080003.tex","Level#4270131","ui/icon/110000/110081.tex",True,"Level#3631240","music/ffxiv/BGM_Leves.scd"
844,"索敌指令：调查伪装成蛮族的恶灵","据伊修加德教皇厅提供的情报分析，有一些恶灵伪装成蛮族四处活动。请咒术师行会前去调查情报的真伪。
（首先对冰元精使用情感动作“戳指”，对动作有反应的冰元精会发出淡光，这就说明其可能持有“流光水晶”。对其他魔物使用这种水晶，便可让讨伐对象现出原形。）","恒辉队 局长直属血荆棘特务部队",2,"恒辉队","伊修加德",35,20,1,0,"库尔札斯中央高地","阿德内尔占星台","未知钓场",0,False,"战斗精英 魔法导师","恒辉队理符任务",0,"库尔札斯中央高地","ui/icon/080000/080014.tex","CompanyLeve#196662",True,4,0.8,0,0,"LeveRewardItem#1","ui/icon/080000/080049.tex","ui/icon/080000/080003.tex","Level#4270131","ui/icon/110000/110081.tex",True,"Level#3631242","music/ffxiv/BGM_Leves.scd"
845,"防卫指令：违法毒药货箱","经查明，以乌尔达哈为据点的黑市商人在向异端者贩卖大量违法毒药。我们已经控制了黑市商人，并问出了交易场所。毒药货箱是重要的物证，请马上赶往现场，从异端者手中保护毒药货箱。","恒辉队 外国人部队",2,"恒辉队","伊修加德",35,20,1,0,"库尔札斯中央高地","阿德内尔占星台","未知钓场",0,False,"战斗精英 魔法导师","恒辉队理符任务",0,"库尔札斯中央高地","ui/icon/080000/080014.tex","CompanyLeve#196676",True,4,0.8,0,0,"LeveRewardItem#1","ui/icon/080000/080051.tex","ui/icon/080000/080003.tex","Level#4270131","ui/icon/110000/110081.tex",True,"Level#4404038","music/ffxiv/BGM_Leves.scd"
846,"","","",0,"","不知何处",0,0,0,0,"","","未知钓场",0,False,"","",0,"",,,False,0,0,0,0,"LeveRewardItem#0","","",,,False,,""
847,"","","",0,"","不知何处",0,0,0,0,"","","未知钓场",0,False,"","",0,"",,,False,0,0,0,0,"LeveRewardItem#0","","",,,False,,""
848,"歼敌指令：怒号的米玛斯","伊修加德教皇厅向我们发来了协力请求。去支援饱受巨人族骚扰的伊修加德。此回任务是暗杀巨人的首领。边留意敌人的增援，边完成任务。","黑涡团 军令部直属特务小队",2,"黑涡团","伊修加德",40,20,1,0,"库尔札斯中央高地","白云崖前哨","未知钓场",0,False,"战斗精英 魔法导师","黑涡团理符任务",0,"库尔札斯中央高地","ui/icon/080000/080014.tex","CompanyLeve#196663",True,4,0.8,0,0,"LeveRewardItem#1","ui/icon/080000/080037.tex","ui/icon/080000/080003.tex","Level#4270237","ui/icon/110000/110082.tex",True,"Level#3637456","music/ffxiv/BGM_Leves.scd"
849,"索敌指令：潜伏在库尔札斯的通缉犯","我们在遥远的库尔札斯发现了因阻碍友军部队而被通缉的小魔精。火速赶往库尔札斯，寻找伪装成野生生物的通缉犯，并将它抹杀。
（首先对徘徊妖火使用情感动作“戳指”，对动作有反应的徘徊妖火会发出淡光，这就说明其可能持有“流光水晶”。对其他魔物使用这种水晶，便可让讨伐对象现出原形。）","黑涡团 特殊陆战队",2,"黑涡团","伊修加德",40,20,1,0,"库尔札斯中央高地","白云崖前哨","未知钓场",0,False,"战斗精英 魔法导师","黑涡团理符任务",0,"库尔札斯中央高地","ui/icon/080000/080014.tex","CompanyLeve#196664",True,4,0.8,0,0,"LeveRewardItem#1","ui/icon/080000/080049.tex","ui/icon/080000/080003.tex","Level#4270237","ui/icon/110000/110082.tex",True,"Level#3637488","music/ffxiv/BGM_Leves.scd"
850,"迎击指令：吃陆行鸟的魔物","本想从伊修加德进口军用陆行鸟，可没想到遭到了魔物的袭击，损失了不少陆行鸟。为防止此类事情再次发生，我们决定在库尔札斯讨伐魔物。我们已经获得教皇厅的许可，请你尽情战斗吧。","黑涡团 特殊陆战队",2,"黑涡团","伊修加德",40,5,1,0,"库尔札斯中央高地","白云崖前哨","未知钓场",0,False,"战斗精英 魔法导师","黑涡团理符任务",0,"库尔札斯中央高地","ui/icon/080000/080014.tex","CompanyLeve#196677",True,4,0.8,0,0,"LeveRewardItem#1","ui/icon/080000/080036.tex","ui/icon/080000/080003.tex","Level#4270237","ui/icon/110000/110082.tex",True,"Level#3637466","music/ffxiv/BGM_Leves.scd"
851,"","","",0,"","不知何处",0,0,0,0,"","","未知钓场",0,False,"","",0,"",,,False,0,0,0,0,"LeveRewardItem#0","","",,,False,,""
852,"","","",0,"","不知何处",0,0,0,0,"","","未知钓场",0,False,"","",0,"",,,False,0,0,0,0,"LeveRewardItem#0","","",,,False,,""
853,"迎击指令：威胁前哨的魔物","根据陆行鸟出口协定，我们要派遣武力对邻国伊修加德进行支援。请冒险者部队前往库尔札斯中央高地的白云崖前哨，驱逐对当地安全造成威胁的魔物。","双蛇党 黄蛇队",2,"双蛇党","伊修加德",40,5,1,0,"库尔札斯中央高地","白云崖前哨","未知钓场",0,False,"战斗精英 魔法导师","双蛇党理符任务",0,"库尔札斯中央高地","ui/icon/080000/080014.tex","CompanyLeve#196665",True,4,0.8,0,0,"LeveRewardItem#1","ui/icon/080000/080036.tex","ui/icon/080000/080003.tex","Level#4270237","ui/icon/110000/110082.tex",True,"Level#3637488","music/ffxiv/BGM_Leves.scd"
854,"歼敌指令：叫喊者贝兹尔·辉扎恩","在黑衣森林进行黑暗仪式的鸟人族术师，逃过神勇队的追捕，去了库尔札斯。马上去追捕鸟人族术师，并消灭掉他。对方会使役妖异，请小心他的使魔。","双蛇党 朱獭队",2,"双蛇党","伊修加德",40,20,1,0,"库尔札斯中央高地","白云崖前哨","未知钓场",0,False,"战斗精英 魔法导师","双蛇党理符任务",0,"库尔札斯中央高地","ui/icon/080000/080014.tex","CompanyLeve#196678",True,4,0.8,0,0,"LeveRewardItem#1","ui/icon/080000/080037.tex","ui/icon/080000/080003.tex","Level#4270237","ui/icon/110000/110082.tex",True,"Level#3637501","music/ffxiv/BGM_Leves.scd"
855,"防卫指令：追击者的遗物","我的伙伴为追击鸟人族去了库尔札斯，但现在他已经成了不归人，请去寻找他的遗物。血的味道很有可能招引来魔物。发现遗物后，请你从魔物手中保护它。","双蛇党 朱獭队",2,"双蛇党","伊修加德",40,20,1,0,"库尔札斯中央高地","白云崖前哨","未知钓场",0,False,"战斗精英 魔法导师","双蛇党理符任务",0,"库尔札斯中央高地","ui/icon/080000/080014.tex","CompanyLeve#196679",True,4,0.8,0,0,"LeveRewardItem#1","ui/icon/080000/080051.tex","ui/icon/080000/080003.tex","Level#4270237","ui/icon/110000/110082.tex",True,"Level#4404052","music/ffxiv/BGM_Leves.scd"
856,"","","",0,"","不知何处",0,0,0,0,"","","未知钓场",0,False,"","",0,"",,,False,0,0,0,0,"LeveRewardItem#0","","",,,False,,""
857,"","","",0,"","不知何处",0,0,0,0,"","","未知钓场",0,False,"","",0,"",,,False,0,0,0,0,"LeveRewardItem#0","","",,,False,,""
858,"防卫指令：送往前哨的支援物资","运输补给物资的机动部队在路上遭到巨人族袭击，他们虽设法逃至前哨，却掉了不少货物。在他们准备好回收货物前，先保护好掉落的补给物资，驱赶巨人族。","恒辉队 外国人部队",2,"恒辉队","伊修加德",40,20,1,0,"库尔札斯中央高地","白云崖前哨","未知钓场",0,False,"战斗精英 魔法导师","恒辉队理符任务",0,"库尔札斯中央高地","ui/icon/080000/080014.tex","CompanyLeve#196666",True,4,0.8,0,0,"LeveRewardItem#1","ui/icon/080000/080051.tex","ui/icon/080000/080003.tex","Level#4270237","ui/icon/110000/110082.tex",True,"Level#4296428","music/ffxiv/BGM_Leves.scd"
859,"索敌指令：惊吓调查员的恶灵","圣寇伊纳克财团向我们发来了协力请求。有一些奇怪的恶灵伪装成基迦巨人族惊吓调查员。让它们现出原形，并净化掉它们。
（首先对冰元精使用情感动作“戳指”，对动作有反应的冰元精会发出淡光，这就说明其可能持有“流光水晶”。对其他魔物使用这种水晶，便可让讨伐对象现出原形。）","恒辉队 局长直属血荆棘特务部队",2,"恒辉队","伊修加德",40,20,1,0,"库尔札斯中央高地","白云崖前哨","未知钓场",0,False,"战斗精英 魔法导师","恒辉队理符任务",0,"库尔札斯中央高地","ui/icon/080000/080014.tex","CompanyLeve#196667",True,4,0.8,0,0,"LeveRewardItem#1","ui/icon/080000/080049.tex","ui/icon/080000/080003.tex","Level#4270237","ui/icon/110000/110082.tex",True,"Level#3637501","music/ffxiv/BGM_Leves.scd"
860,"歼敌指令：冰霜龙鸟","伊修加德向我们提供军用陆行鸟，作为交换，我们要对他们进行支援。去讨伐在当地出没的龙族眷属冰霜龙鸟。它很有可能会呼唤来其他的眷属，请多多小心。","恒辉队 外国人部队",2,"恒辉队","伊修加德",40,20,1,0,"库尔札斯中央高地","白云崖前哨","未知钓场",0,False,"战斗精英 魔法导师","恒辉队理符任务",0,"库尔札斯中央高地","ui/icon/080000/080014.tex","CompanyLeve#196680",True,4,0.8,0,0,"LeveRewardItem#1","ui/icon/080000/080037.tex","ui/icon/080000/080003.tex","Level#4270237","ui/icon/110000/110082.tex",True,"Level#3637466","music/ffxiv/BGM_Leves.scd"
861,"","","",0,"","不知何处",0,0,0,0,"","","未知钓场",0,False,"","",0,"",,,False,0,0,0,0,"LeveRewardItem#0","","",,,False,,""
862,"","","",0,"","不知何处",0,0,0,0,"","","未知钓场",0,False,"","",0,"",,,False,0,0,0,0,"LeveRewardItem#0","","",,,False,,""
863,"迎击指令：威胁调查地安全的基迦巨人族","去支援正在挖掘种古代亚拉戈文明文物的圣寇伊纳克财团。从北阿巴拉提亚山脉南下的基迦巨人族正在威胁那里的挖掘工人的人身安全。歼灭侵入调查地的基迦巨人族。","黑涡团 特殊陆战队",2,"黑涡团","伊修加德",45,5,1,0,"摩杜纳","圣寇伊纳克调查地","未知钓场",0,False,"战斗精英 魔法导师","黑涡团理符任务",0,"摩杜纳","ui/icon/080000/080014.tex","CompanyLeve#196668",True,4,0.8,0,0,"LeveRewardItem#1","ui/icon/080000/080036.tex","ui/icon/080000/080003.tex","Level#4258843","ui/icon/110000/110083.tex",True,"Level#4261622","music/ffxiv/BGM_Leves.scd"
864,"歼敌指令：皈依者阿耳曼泰尔","被故乡放逐的异端者皈依者阿耳曼泰尔正在扰乱摩杜纳的治安。他原本是教皇厅忠诚的骑兵，却犯下错误，如今与龙族眷属为伴。边留心增援，边打倒他。","黑涡团 军令部直属特务小队",2,"黑涡团","伊修加德",45,20,1,0,"摩杜纳","圣寇伊纳克调查地","未知钓场",0,False,"战斗精英 魔法导师","黑涡团理符任务",0,"摩杜纳","ui/icon/080000/080014.tex","CompanyLeve#196669",True,4,0.8,0,0,"LeveRewardItem#1","ui/icon/080000/080037.tex","ui/icon/080000/080003.tex","Level#4258843","ui/icon/110000/110083.tex",True,"Level#4261601","music/ffxiv/BGM_Leves.scd"
865,"防卫指令：魔导机器的残骸","帝国中央堡向银泪湖北岸派遣了小规模的帝国军部队。帝国迟迟不送来补给品，他们准备在银泪湖回收飞空战舰的残骸，并加以再利用。赶在他们前面保护残骸，讨伐帝国兵。","黑涡团 特殊陆战队",2,"黑涡团","伊修加德",45,20,1,0,"摩杜纳","圣寇伊纳克调查地","未知钓场",0,False,"战斗精英 魔法导师","黑涡团理符任务",0,"摩杜纳","ui/icon/080000/080014.tex","CompanyLeve#196681",True,4,0.8,0,0,"LeveRewardItem#1","ui/icon/080000/080051.tex","ui/icon/080000/080003.tex","Level#4258843","ui/icon/110000/110083.tex",True,"Level#4404077","music/ffxiv/BGM_Leves.scd"
866,"","","",0,"","不知何处",0,0,0,0,"","","未知钓场",0,False,"","",0,"",,,False,0,0,0,0,"LeveRewardItem#0","","",,,False,,""
867,"","","",0,"","不知何处",0,0,0,0,"","","未知钓场",0,False,"","",0,"",,,False,0,0,0,0,"LeveRewardItem#0","","",,,False,,""
868,"防卫指令：阿格里俄斯号的研究任务","我们正在从坠落的飞空战舰阿格里俄斯号上回收材料，以供研究使用。可谁知基迦巨人族也对此有兴趣，并准备袭击我们。边保护研究用的资料，边打倒基迦巨人族。","双蛇党 青貉队",2,"双蛇党","伊修加德",45,20,1,0,"摩杜纳","圣寇伊纳克调查地","未知钓场",0,False,"战斗精英 魔法导师","双蛇党理符任务",0,"摩杜纳","ui/icon/080000/080014.tex","CompanyLeve#196670",True,4,0.8,0,0,"LeveRewardItem#1","ui/icon/080000/080051.tex","ui/icon/080000/080003.tex","Level#4258843","ui/icon/110000/110083.tex",True,"Level#4296681","music/ffxiv/BGM_Leves.scd"
869,"索敌指令：支援物资的盗窃犯","小魔精偷走了我们玄猪队送往圣寇伊纳克财团的支援物资。找出伪装成野生生物的小魔精，收拾掉它们。
（首先对雷元精使用情感动作“戳指”，对动作有反应的雷元精会发出淡光，这就说明其可能持有“流光水晶”。对其他魔物使用这种水晶，便可让讨伐对象现出原形。）","双蛇党 玄猪队",2,"双蛇党","伊修加德",45,20,1,0,"摩杜纳","圣寇伊纳克调查地","未知钓场",0,False,"战斗精英 魔法导师","双蛇党理符任务",0,"摩杜纳","ui/icon/080000/080014.tex","CompanyLeve#196671",True,4,0.8,0,0,"LeveRewardItem#1","ui/icon/080000/080049.tex","ui/icon/080000/080003.tex","Level#4258843","ui/icon/110000/110083.tex",True,"Level#4261624","music/ffxiv/BGM_Leves.scd"
870,"迎击指令：第五步兵大队所属部队","帝国中央堡向银泪湖北岸派遣了帝国兵，并好像在调查着些什么。虽不知道他们的目的是什么，但不能放他们任意妄为。前往银泪湖，讨伐帝国兵。","双蛇党 黄蛇队",2,"双蛇党","伊修加德",45,5,1,0,"摩杜纳","圣寇伊纳克调查地","未知钓场",0,False,"战斗精英 魔法导师","双蛇党理符任务",0,"摩杜纳","ui/icon/080000/080014.tex","CompanyLeve#196682",True,4,0.8,0,0,"LeveRewardItem#1","ui/icon/080000/080036.tex","ui/icon/080000/080003.tex","Level#4258843","ui/icon/110000/110083.tex",True,"Level#4394805","music/ffxiv/BGM_Leves.scd"
871,"","","",0,"","不知何处",0,0,0,0,"","","未知钓场",0,False,"","",0,"",,,False,0,0,0,0,"LeveRewardItem#0","","",,,False,,""
872,"","","",0,"","不知何处",0,0,0,0,"","","未知钓场",0,False,"","",0,"",,,False,0,0,0,0,"LeveRewardItem#0","","",,,False,,""
873,"歼敌指令：红发的俄刻阿诺斯","基迦巨人族视水晶塔为圣地，因此聚集在银泪湖畔。他们的首领红发的俄刻阿诺斯十分好战，边留意增援，边帮圣寇伊纳克财团杀掉俄刻阿诺斯。","恒辉队 外国人部队",2,"恒辉队","伊修加德",45,20,1,0,"摩杜纳","圣寇伊纳克调查地","未知钓场",0,False,"战斗精英 魔法导师","恒辉队理符任务",0,"摩杜纳","ui/icon/080000/080014.tex","CompanyLeve#196672",True,4,0.8,0,0,"LeveRewardItem#1","ui/icon/080000/080037.tex","ui/icon/080000/080003.tex","Level#4258843","ui/icon/110000/110083.tex",True,"Level#4261624","music/ffxiv/BGM_Leves.scd"
874,"迎击指令：与圣寇伊纳克财团的交易","圣寇伊纳克财团向我们提供挖掘调查的结果，我们从中分析情报。相对的，我们也要保障他们运输通道的安全。前往指定地点，驱除威胁运货人安全的魔物。","恒辉队 外国人部队",2,"恒辉队","伊修加德",45,5,1,0,"摩杜纳","圣寇伊纳克调查地","未知钓场",0,False,"战斗精英 魔法导师","恒辉队理符任务",0,"摩杜纳","ui/icon/080000/080014.tex","CompanyLeve#196683",True,4,0.8,0,0,"LeveRewardItem#1","ui/icon/080000/080036.tex","ui/icon/080000/080003.tex","Level#4258843","ui/icon/110000/110083.tex",True,"Level#4394805","music/ffxiv/BGM_Leves.scd"
875,"防卫指令：古代亚拉戈的遗物","圣寇伊纳克财团向我们发来了支援请求。据说，野生魔物经常会来糟蹋他们挖掘出的遗物。火速赶往现场，保护挖掘品，讨伐魔物。","恒辉队 外国人部队",2,"恒辉队","伊修加德",45,20,1,0,"摩杜纳","圣寇伊纳克调查地","未知钓场",0,False,"战斗精英 魔法导师","恒辉队理符任务",0,"摩杜纳","ui/icon/080000/080014.tex","CompanyLeve#196684",True,4,0.8,0,0,"LeveRewardItem#1","ui/icon/080000/080051.tex","ui/icon/080000/080003.tex","Level#4258843","ui/icon/110000/110083.tex",True,"Level#4404114","music/ffxiv/BGM_Leves.scd"
876,"","","",0,"","不知何处",0,0,0,0,"","","未知钓场",0,False,"","",0,"",,,False,0,0,0,0,"LeveRewardItem#0","","",,,False,,""
877,"","","",0,"","不知何处",0,0,0,0,"","","未知钓场",0,False,"","",0,"",,,False,0,0,0,0,"LeveRewardItem#0","","",,,False,,""
878,"讨伐任务：消灭交汇河的魔物","近来在隼巢与金砧塔之间时有发生骑兵团的士兵被魔物袭击的事件。想要重建皇都的防卫网，必须先让此地恢复安定。火速赶往现场，消灭构成威胁的魔物。","神殿骑士团指挥官 昂德卢",3,"佣兵作业","伊修加德",50,20,1,0,"库尔札斯西部高地","伊修加德基础层","未知钓场",0,False,"战斗精英 魔法导师","佣兵理符任务",0,"库尔札斯西部高地","ui/icon/080000/080014.tex","BattleLeve#65735",True,1,0.6,0,779,"LeveRewardItem#458","ui/icon/080000/080021.tex","ui/icon/080000/080005.tex","Level#5581915","ui/icon/110000/110084.tex",True,"Level#5887782","music/ffxiv/BGM_Leves.scd"
879,"引导任务：向老牦牛报恩","在风雪中遇难的神殿骑士被一头老牦牛驮着奇迹般的生还了。骑士为了报恩，希望将老牦牛平安送回它的族群。消灭袭来的魔物，将老牦牛送回栖息地。","神殿骑士团指挥官 昂德卢",3,"佣兵作业","伊修加德",50,20,1,0,"库尔札斯西部高地","伊修加德基础层","未知钓场",0,False,"战斗精英 魔法导师","佣兵理符任务",0,"库尔札斯西部高地","ui/icon/080000/080014.tex","BattleLeve#65736",True,1,0.6,0,839,"LeveRewardItem#458","ui/icon/080000/080056.tex","ui/icon/080000/080005.tex","Level#5581915","ui/icon/110000/110084.tex",True,"Level#5962574","music/ffxiv/BGM_Leves.scd"
880,"焚书任务：回收禁书«假面怪物»","诛杀被通缉的异端者时，他手中封印着妖异的禁书散架，书页飞散了一地。周边的魔物都被禁书的魔力所吸引、变得凶暴了起来。回收所有散落的书页，连同被封印的妖异一起净化掉。","异端审问官 盖德莉",3,"佣兵作业","伊修加德",50,20,1,0,"库尔札斯西部高地","伊修加德基础层","未知钓场",0,False,"战斗精英 魔法导师","佣兵理符任务",0,"库尔札斯西部高地","ui/icon/080000/080014.tex","BattleLeve#65737",True,1,0.6,0,779,"LeveRewardItem#458","ui/icon/080000/080023.tex","ui/icon/080000/080005.tex","Level#5581915","ui/icon/110000/110084.tex",True,"Level#5887792","music/ffxiv/BGM_Leves.scd"
881,"大规模讨伐任务：消灭交汇河的魔物","近来在隼巢与金砧塔之间时有发生骑兵团的士兵被魔物袭击的事件。想要重建皇都的防卫网，必须先让此地恢复安定。火速赶往现场，消灭构成威胁的魔物。","神殿骑士团指挥官 昂德卢",3,"佣兵作业","伊修加德",50,20,10,0,"库尔札斯西部高地","伊修加德基础层","未知钓场",0,False,"战斗精英 魔法导师","佣兵理符任务",0,"库尔札斯西部高地","ui/icon/080000/080014.tex","BattleLeve#65738",True,1,2.4,0,6419,"LeveRewardItem#463","ui/icon/080000/080021.tex","ui/icon/080000/080002.tex","Level#5581915","ui/icon/110000/110084.tex",True,"Level#5887782","music/ffxiv/BGM_Leves.scd"
882,"大规模引导任务：向老牦牛报恩","在风雪中遇难的神殿骑士被一头老牦牛驮着奇迹般的生还了。骑士为了报恩，希望将老牦牛平安送回它的族群。消灭袭来的魔物，将老牦牛送回栖息地。","神殿骑士团指挥官 昂德卢",3,"佣兵作业","伊修加德",50,20,10,0,"库尔札斯西部高地","伊修加德基础层","未知钓场",0,False,"战斗精英 魔法导师","佣兵理符任务",0,"库尔札斯西部高地","ui/icon/080000/080014.tex","BattleLeve#65739",True,1,2.4,0,5219,"LeveRewardItem#463","ui/icon/080000/080056.tex","ui/icon/080000/080002.tex","Level#5581915","ui/icon/110000/110084.tex",True,"Level#5962574","music/ffxiv/BGM_Leves.scd"
883,"大规模焚书任务：回收禁书«假面怪物»","诛杀被通缉的异端者时，他手中封印着妖异的禁书散架，书页飞散了一地。周边的魔物都被禁书的魔力所吸引、变得凶暴了起来。回收所有散落的书页，连同被封印的妖异一起净化掉。","异端审问官 盖德莉",3,"佣兵作业","伊修加德",50,20,10,0,"库尔札斯西部高地","伊修加德基础层","未知钓场",0,False,"战斗精英 魔法导师","佣兵理符任务",0,"库尔札斯西部高地","ui/icon/080000/080014.tex","BattleLeve#65740",True,1,2.4,0,6719,"LeveRewardItem#463","ui/icon/080000/080023.tex","ui/icon/080000/080002.tex","Level#5581915","ui/icon/110000/110084.tex",True,"Level#5887792","music/ffxiv/BGM_Leves.scd"
884,"索敌任务：手不干净的小魔精","有人在陆行鸟之森发现了盗窃圣雷马诺大圣堂祭典用烤硬面包的小魔精。据情报表示，它利用变身能力伪装成了当地的生物。用臭臭弹识破它的伪装，降下神罚。","神殿骑士团修道祭司 帕迪尤",3,"佣兵作业","伊修加德",52,20,1,0,"龙堡参天高地","伊修加德基础层","未知钓场",0,False,"战斗精英 魔法导师","佣兵理符任务",0,"龙堡参天高地","ui/icon/080000/080014.tex","BattleLeve#65741",True,1,0.6,0,1207,"LeveRewardItem#459","ui/icon/080000/080028.tex","ui/icon/080000/080005.tex","Level#5581915","ui/icon/110000/110085.tex",True,"Level#5888071","music/ffxiv/BGM_Leves.scd"
885,"巡逻任务：维护陆行鸟之森的安全","有望成为军用陆行鸟繁殖地的陆行鸟之森是神殿骑士团的重点保护对象。骑士团根据尾羽集落猎人提供的情报划出了重点巡视区。在巡视地点巡逻，驱除可能威胁到陆行鸟的魔物。","神殿骑士团指挥官 昂德卢",3,"佣兵作业","伊修加德",52,20,1,0,"龙堡参天高地","伊修加德基础层","未知钓场",0,False,"战斗精英 魔法导师","佣兵理符任务",0,"龙堡参天高地","ui/icon/080000/080014.tex","BattleLeve#65742",True,1,0.6,0,1207,"LeveRewardItem#459","ui/icon/080000/080026.tex","ui/icon/080000/080005.tex","Level#5581915","ui/icon/110000/110085.tex",True,"Level#5888072","music/ffxiv/BGM_Leves.scd"
886,"引导任务：找回逃走的陆行鸟","神殿骑士团从尾羽集落猎人手中买到的陆行鸟在即将运往皇都时逃跑了。在森林中找回迷路的陆行鸟并将它引导到尾羽集落。周边有很多肉食性野兽，请小心警戒。","神殿骑士团指挥官 昂德卢",3,"佣兵作业","伊修加德",52,20,1,0,"龙堡参天高地","伊修加德基础层","未知钓场",0,False,"战斗精英 魔法导师","佣兵理符任务",0,"龙堡参天高地","ui/icon/080000/080014.tex","BattleLeve#65743",True,1,0.6,0,1009,"LeveRewardItem#459","ui/icon/080000/080056.tex","ui/icon/080000/080005.tex","Level#5581915","ui/icon/110000/110085.tex",True,"Level#5888077","music/ffxiv/BGM_Leves.scd"
887,"大规模索敌任务：手不干净的小魔精","有人在陆行鸟之森发现了盗窃圣雷马诺大圣堂祭典用烤硬面包的小魔精。据情报表示，它利用变身能力伪装成了当地的生物。用臭臭弹识破它的伪装，降下神罚。","神殿骑士团修道祭司 帕迪尤",3,"佣兵作业","伊修加德",52,20,10,0,"龙堡参天高地","伊修加德基础层","未知钓场",0,False,"战斗精英 魔法导师","佣兵理符任务",0,"龙堡参天高地","ui/icon/080000/080014.tex","BattleLeve#65744",True,1,2.4,0,7807,"LeveRewardItem#464","ui/icon/080000/080028.tex","ui/icon/080000/080002.tex","Level#5581915","ui/icon/110000/110085.tex",True,"Level#5888071","music/ffxiv/BGM_Leves.scd"
888,"大规模巡逻任务：维护陆行鸟之森的安全","有望成为军用陆行鸟繁殖地的陆行鸟之森是神殿骑士团的重点保护对象。骑士团根据尾羽集落猎人提供的情报划出了重点巡视区。在巡视地点巡逻，驱除可能威胁到陆行鸟的魔物。","神殿骑士团指挥官 昂德卢",3,"佣兵作业","伊修加德",52,20,10,0,"龙堡参天高地","伊修加德基础层","未知钓场",0,False,"战斗精英 魔法导师","佣兵理符任务",0,"龙堡参天高地","ui/icon/080000/080014.tex","BattleLeve#65745",True,1,2.4,0,6157,"LeveRewardItem#464","ui/icon/080000/080026.tex","ui/icon/080000/080002.tex","Level#5581915","ui/icon/110000/110085.tex",True,"Level#5888072","music/ffxiv/BGM_Leves.scd"
889,"大规模引导任务：找回逃走的陆行鸟","神殿骑士团从尾羽集落猎人手中买到的陆行鸟在即将运往皇都时逃跑了。在森林中找回迷路的陆行鸟并将它引导到尾羽集落。周边有很多肉食性野兽，请小心警戒。","神殿骑士团指挥官 昂德卢",3,"佣兵作业","伊修加德",52,20,10,0,"龙堡参天高地","伊修加德基础层","未知钓场",0,False,"战斗精英 魔法导师","佣兵理符任务",0,"龙堡参天高地","ui/icon/080000/080014.tex","BattleLeve#65746",True,1,2.4,0,5497,"LeveRewardItem#464","ui/icon/080000/080056.tex","ui/icon/080000/080002.tex","Level#5581915","ui/icon/110000/110085.tex",True,"Level#5888077","music/ffxiv/BGM_Leves.scd"
890,"讨伐任务：强袭翻云雾海","为了削弱龙族的战力，现征集强袭敌方阵地翻云雾海的勇士，前去击败那些威胁伊修加德人民安全的邪龙眷属。本任务有风险，但会支付相应的报酬。","神殿骑士团指挥官 昂德卢",3,"佣兵作业","伊修加德",54,20,1,0,"翻云雾海","伊修加德基础层","未知钓场",0,False,"战斗精英 魔法导师","佣兵理符任务",0,"翻云雾海","ui/icon/080000/080014.tex","BattleLeve#65747",True,1,0.6,0,1332,"LeveRewardItem#460","ui/icon/080000/080021.tex","ui/icon/080000/080005.tex","Level#5581915","ui/icon/110000/110087.tex",True,"Level#5891041","music/ffxiv/BGM_Leves.scd"
891,"获得任务：龙鳞标靶","我们想要制作一些标靶来测试龙骑士候补生的力量。为了确认候补生是否有一击贯通龙鳞的能力，标靶上需要覆盖一层龙鳞。请找来一些适合作为材料的龙鳞。","神殿骑士团龙骑士 布吕斯蒙",3,"佣兵作业","伊修加德",54,20,1,0,"翻云雾海","伊修加德基础层","未知钓场",0,False,"战斗精英 魔法导师","佣兵理符任务",0,"翻云雾海","ui/icon/080000/080014.tex","BattleLeve#65748",True,1,0.6,0,1332,"LeveRewardItem#460","ui/icon/080000/080025.tex","ui/icon/080000/080005.tex","Level#5581915","ui/icon/110000/110087.tex",True,"Level#5891044","music/ffxiv/BGM_Leves.scd"
892,"追击任务：讨伐邪龙眷属","龙族利用强大的魔力支配了一些甲鳞纲的魔物做眷属。请前往敌阵翻云雾海，讨伐龙族眷属。小心它们跑回龙族主人身边。","神殿骑士团指挥官 昂德卢",3,"佣兵作业","伊修加德",54,20,1,0,"翻云雾海","伊修加德基础层","未知钓场",0,False,"战斗精英 魔法导师","佣兵理符任务",0,"翻云雾海","ui/icon/080000/080014.tex","BattleLeve#65749",True,1,0.6,0,1188,"LeveRewardItem#460","ui/icon/080000/080022.tex","ui/icon/080000/080005.tex","Level#5581915","ui/icon/110000/110087.tex",True,"Level#5891048","music/ffxiv/BGM_Leves.scd"
893,"大规模讨伐任务：强袭翻云雾海","为了削弱龙族的战力，现征集强袭敌方阵地翻云雾海的勇士，前去击败那些威胁伊修加德人民安全的邪龙眷属。本任务有风险，但会支付相应的报酬。","神殿骑士团指挥官 昂德卢",3,"佣兵作业","伊修加德",54,20,10,0,"翻云雾海","伊修加德基础层","未知钓场",0,False,"战斗精英 魔法导师","佣兵理符任务",0,"翻云雾海","ui/icon/080000/080014.tex","BattleLeve#65750",True,1,2.4,0,8532,"LeveRewardItem#465","ui/icon/080000/080021.tex","ui/icon/080000/080002.tex","Level#5581915","ui/icon/110000/110087.tex",True,"Level#5891041","music/ffxiv/BGM_Leves.scd"
894,"大规模获得任务：龙鳞标靶","我们想要制作一些标靶来测试龙骑士候补生的力量。为了确认候补生是否有一击贯通龙鳞的能力，标靶上需要覆盖一层龙鳞。请找来一些适合作为材料的龙鳞。","神殿骑士团龙骑士 布吕斯蒙",3,"佣兵作业","伊修加德",54,20,10,0,"翻云雾海","伊修加德基础层","未知钓场",0,False,"战斗精英 魔法导师","佣兵理符任务",0,"翻云雾海","ui/icon/080000/080014.tex","BattleLeve#65751",True,1,2.4,0,8532,"LeveRewardItem#465","ui/icon/080000/080025.tex","ui/icon/080000/080002.tex","Level#5581915","ui/icon/110000/110087.tex",True,"Level#5891044","music/ffxiv/BGM_Leves.scd"
895,"大规模追击任务：讨伐邪龙眷属","龙族利用强大的魔力支配了一些甲鳞纲的魔物做眷属。请前往敌阵翻云雾海，讨伐龙族眷属。小心它们跑回龙族主人身边。","神殿骑士团指挥官 昂德卢",3,"佣兵作业","伊修加德",54,20,10,0,"翻云雾海","伊修加德基础层","未知钓场",0,False,"战斗精英 魔法导师","佣兵理符任务",0,"翻云雾海","ui/icon/080000/080014.tex","BattleLeve#65752",True,1,2.4,0,7812,"LeveRewardItem#465","ui/icon/080000/080022.tex","ui/icon/080000/080002.tex","Level#5581915","ui/icon/110000/110087.tex",True,"Level#5891048","music/ffxiv/BGM_Leves.scd"
896,"迎击任务：支援蔷薇骑兵团","驻守于云顶营地的蔷薇骑兵团正在请求支援。请前往当地清除对巡逻部队造成威胁的魔物。用狩猎冠恐鸟的肉作饵即可引出肉食性魔物。","神殿骑士团指挥官 昂德卢",3,"佣兵作业","伊修加德",56,20,1,0,"阿巴拉提亚云海","伊修加德基础层","未知钓场",0,False,"战斗精英 魔法导师","佣兵理符任务",0,"阿巴拉提亚云海","ui/icon/080000/080014.tex","BattleLeve#65753",True,1,0.6,0,1504,"LeveRewardItem#461","ui/icon/080000/080024.tex","ui/icon/080000/080005.tex","Level#5581915","ui/icon/110000/110088.tex",True,"Level#5891107","music/ffxiv/BGM_Leves.scd"
897,"巡逻任务：巡视云顶","此为对艾因哈特家蔷薇骑兵团进行支援的任务。请前往阿巴拉提亚云海，代替人手不足的蔷薇骑兵团巡逻指定区域。发现构成威胁的魔物后清除它们，确保营地的安全。","神殿骑士团指挥官 昂德卢",3,"佣兵作业","伊修加德",56,20,1,0,"阿巴拉提亚云海","伊修加德基础层","未知钓场",0,False,"战斗精英 魔法导师","佣兵理符任务",0,"阿巴拉提亚云海","ui/icon/080000/080014.tex","BattleLeve#65754",True,1,0.6,0,1426,"LeveRewardItem#461","ui/icon/080000/080026.tex","ui/icon/080000/080005.tex","Level#5581915","ui/icon/110000/110088.tex",True,"Level#5891108","music/ffxiv/BGM_Leves.scd"
898,"搜索任务：自给自足的关键","很少有机会能从本国进行物资补给的云顶方面只能自给自足开始进行粮食生产。虽然他们发出了这方面的协助请求，但神殿骑士团并没有合适人选。请赶赴现场收集上等肥料。","神殿骑士团财务长 阿米安娜",3,"佣兵作业","伊修加德",56,20,1,0,"阿巴拉提亚云海","伊修加德基础层","未知钓场",0,False,"战斗精英 魔法导师","佣兵理符任务",0,"阿巴拉提亚云海","ui/icon/080000/080014.tex","BattleLeve#65755",True,1,0.6,0,958,"LeveRewardItem#461","ui/icon/080000/080055.tex","ui/icon/080000/080005.tex","Level#5581915","ui/icon/110000/110088.tex",True,"Level#5891109","music/ffxiv/BGM_Leves.scd"
899,"大规模迎击任务：支援蔷薇骑兵团","驻守于云顶营地的蔷薇骑兵团正在请求支援。请前往当地清除对巡逻部队造成威胁的魔物。用狩猎冠恐鸟的肉作饵即可引出肉食性魔物。","神殿骑士团指挥官 昂德卢",3,"佣兵作业","伊修加德",56,20,10,0,"阿巴拉提亚云海","伊修加德基础层","未知钓场",0,False,"战斗精英 魔法导师","佣兵理符任务",0,"阿巴拉提亚云海","ui/icon/080000/080014.tex","BattleLeve#65756",True,1,2.4,0,9538,"LeveRewardItem#466","ui/icon/080000/080024.tex","ui/icon/080000/080002.tex","Level#5581915","ui/icon/110000/110088.tex",True,"Level#5891107","music/ffxiv/BGM_Leves.scd"
900,"大规模巡逻任务：巡视云顶","此为对艾因哈特家蔷薇骑兵团进行支援的任务。请前往阿巴拉提亚云海，代替人手不足的蔷薇骑兵团巡逻指定区域。发现构成威胁的魔物后清除它们，确保营地的安全。","神殿骑士团指挥官 昂德卢",3,"佣兵作业","伊修加德",56,20,10,0,"阿巴拉提亚云海","伊修加德基础层","未知钓场",0,False,"战斗精英 魔法导师","佣兵理符任务",0,"阿巴拉提亚云海","ui/icon/080000/080014.tex","BattleLeve#65757",True,1,2.4,0,9538,"LeveRewardItem#466","ui/icon/080000/080026.tex","ui/icon/080000/080002.tex","Level#5581915","ui/icon/110000/110088.tex",True,"Level#5891108","music/ffxiv/BGM_Leves.scd"
901,"大规模搜索任务：自给自足的关键","很少有机会能从本国进行物资补给的云顶方面只能自给自足开始进行粮食生产。虽然他们发出了这方面的协助请求，但神殿骑士团并没有合适人选。请赶赴现场收集上等肥料。","神殿骑士团财务长 阿米安娜",3,"佣兵作业","伊修加德",56,20,10,0,"阿巴拉提亚云海","伊修加德基础层","未知钓场",0,False,"战斗精英 魔法导师","佣兵理符任务",0,"阿巴拉提亚云海","ui/icon/080000/080014.tex","BattleLeve#65758",True,1,2.4,0,4858,"LeveRewardItem#466","ui/icon/080000/080055.tex","ui/icon/080000/080002.tex","Level#5581915","ui/icon/110000/110088.tex",True,"Level#5891109","music/ffxiv/BGM_Leves.scd"
902,"追击任务：报复哥布林族集团","我方收到被通缉中的异端者潜伏在龙堡内陆低地的情报后，向该地区派遣了追击部队。但却遭到了在当地驻扎的哥布林族集团的攻击，被迫撤退。请向无法无天的哥布林族进行报复。","异端审问官 盖德莉",3,"佣兵作业","伊修加德",58,20,1,0,"龙堡内陆低地","伊修加德基础层","未知钓场",0,False,"战斗精英 魔法导师","佣兵理符任务",0,"龙堡内陆低地","ui/icon/080000/080014.tex","BattleLeve#65759",True,1,0.6,0,1610,"LeveRewardItem#462","ui/icon/080000/080022.tex","ui/icon/080000/080005.tex","Level#5581915","ui/icon/110000/110086.tex",True,"Level#5888234","music/ffxiv/BGM_Leves.scd"
903,"焚书任务：回收禁书«青眼怪物»","神殿骑士团的追击部队解决了通缉中的异端者，但封印着妖异的禁书却在激烈的战斗中散落了。请前往龙堡内陆低地回收禁书的书页，连同被封印的妖异一起净化掉。","异端审问官 盖德莉",3,"佣兵作业","伊修加德",58,20,1,0,"龙堡内陆低地","伊修加德基础层","未知钓场",0,False,"战斗精英 魔法导师","佣兵理符任务",0,"龙堡内陆低地","ui/icon/080000/080014.tex","BattleLeve#65760",True,1,0.6,0,1358,"LeveRewardItem#462","ui/icon/080000/080023.tex","ui/icon/080000/080005.tex","Level#5581915","ui/icon/110000/110086.tex",True,"Level#5888235","music/ffxiv/BGM_Leves.scd"
904,"怀柔任务：对龙毒素的研究对象","现正在进行对龙毒素的研究。如果能捕获到带毒魔物中有名的魔界花，应该可以对研究起到很大的推动作用，但奈何我们对它的恶臭束手无策。请削弱目标，进行怀柔。","神殿骑士团指挥官 昂德卢",3,"佣兵作业","伊修加德",58,20,1,0,"龙堡内陆低地","伊修加德基础层","未知钓场",0,False,"战斗精英 魔法导师","佣兵理符任务",0,"龙堡内陆低地","ui/icon/080000/080014.tex","BattleLeve#65761",True,1,0.6,0,1358,"LeveRewardItem#462","ui/icon/080000/080038.tex","ui/icon/080000/080005.tex","Level#5581915","ui/icon/110000/110086.tex",True,"Level#5888236","music/ffxiv/BGM_Leves.scd"
905,"大规模追击任务：报复哥布林族集团","我方收到被通缉中的异端者潜伏在龙堡内陆低地的情报后，向该地区派遣了追击部队。但却遭到了在当地驻扎的哥布林族集团的攻击，被迫撤退。请向无法无天的哥布林族进行报复。","异端审问官 盖德莉",3,"佣兵作业","伊修加德",58,20,10,0,"龙堡内陆低地","伊修加德基础层","未知钓场",0,False,"战斗精英 魔法导师","佣兵理符任务",0,"龙堡内陆低地","ui/icon/080000/080014.tex","BattleLeve#65762",True,1,2.4,0,10346,"LeveRewardItem#467","ui/icon/080000/080022.tex","ui/icon/080000/080002.tex","Level#5581915","ui/icon/110000/110086.tex",True,"Level#5888234","music/ffxiv/BGM_Leves.scd"
906,"大规模焚书任务：回收禁书«青眼怪物»","神殿骑士团的追击部队解决了通缉中的异端者，但封印着妖异的禁书却在激烈的战斗中散落了。请前往龙堡内陆低地回收禁书的书页，连同被封印的妖异一起净化掉。","异端审问官 盖德莉",3,"佣兵作业","伊修加德",58,20,10,0,"龙堡内陆低地","伊修加德基础层","未知钓场",0,False,"战斗精英 魔法导师","佣兵理符任务",0,"龙堡内陆低地","ui/icon/080000/080014.tex","BattleLeve#65763",True,1,2.4,0,9506,"LeveRewardItem#467","ui/icon/080000/080023.tex","ui/icon/080000/080002.tex","Level#5581915","ui/icon/110000/110086.tex",True,"Level#5888235","music/ffxiv/BGM_Leves.scd"
907,"大规模怀柔任务：对龙毒素的研究对象","现正在进行对龙毒素的研究。如果能捕获到带毒魔物中有名的魔界花，应该可以对研究起到很大的推动作用，但奈何我们对它的恶臭束手无策。请削弱目标，进行怀柔。","神殿骑士团指挥官 昂德卢",3,"佣兵作业","伊修加德",58,20,10,0,"龙堡内陆低地","伊修加德基础层","未知钓场",0,False,"战斗精英 魔法导师","佣兵理符任务",0,"龙堡内陆低地","ui/icon/080000/080014.tex","BattleLeve#65764",True,1,2.4,0,9926,"LeveRewardItem#467","ui/icon/080000/080038.tex","ui/icon/080000/080002.tex","Level#5581915","ui/icon/110000/110086.tex",True,"Level#5888236","music/ffxiv/BGM_Leves.scd"
908,"制作委托：皇都修复用建材","龙族的进攻使伊修加德基础层受到了严重的破坏。虽然现在正以神殿骑士团的工兵队为中心进行修复工作，但建材非常紧缺。希望有人能提供平直的雪松木材。","神殿骑士团财务长 阿米安娜",6,"刻木匠","伊修加德",50,0,1,0,"伊修加德基础层","伊修加德基础层","未知钓场",0,False,"刻木匠","刻木匠理符任务",0,"伊修加德","ui/icon/080000/080014.tex","制作委托：皇都修复用建材",True,0,1,103350,624,"LeveRewardItem#298","ui/icon/080000/080033.tex","ui/icon/080000/080005.tex","Level#5852425","ui/icon/110000/110089.tex",True,,"music/ffxiv/BGM_Leves.scd"
909,"制作委托：皇都防卫用训练枪","现在神殿骑士团正在重整皇都的防卫体制。其中一条就是要编成一支守护皇都内部的义勇兵部队。特此募集义勇兵训练用的长枪。","神殿骑士团指挥官 昂德卢",6,"刻木匠","伊修加德",50,0,1,0,"伊修加德基础层","伊修加德基础层","未知钓场",0,False,"刻木匠","刻木匠理符任务",0,"伊修加德","ui/icon/080000/080014.tex","制作委托：皇都防卫用训练枪",True,0,1,334080,686,"LeveRewardItem#298","ui/icon/080000/080033.tex","ui/icon/080000/080005.tex","Level#5852425","ui/icon/110000/110089.tex",True,,"music/ffxiv/BGM_Leves.scd"
910,"批发委托：弓术训练用弓","弓箭是对付拥有飞行能力的龙族非常有效的武器。因此我们准备进行大规模弓术训练，提高神殿骑士团的对空迎击能力。在此募集大批训练用的弓。","神殿骑士团指挥官 昂德卢",6,"刻木匠","伊修加德",50,0,1,0,"伊修加德基础层","伊修加德基础层","未知钓场",0,False,"刻木匠","刻木匠理符任务",0,"伊修加德","ui/icon/080000/080014.tex","批发委托：弓术训练用弓",True,0,1,144480,248,"LeveRewardItem#303","ui/icon/080000/080041.tex","ui/icon/080000/080005.tex","Level#5852425","ui/icon/110000/110089.tex",True,,"music/ffxiv/BGM_Leves.scd"
911,"大规模制作委托：皇都重建用建材","龙族的进攻使伊修加德基础层受到了严重的破坏。虽然现在正以神殿骑士团的工兵队为中心进行修复工作，但建材非常紧缺。希望有人能提供平直的雪松木材。","神殿骑士团财务长 阿米安娜",6,"刻木匠","伊修加德",50,0,10,0,"伊修加德基础层","伊修加德基础层","未知钓场",0,False,"刻木匠","刻木匠理符任务",0,"伊修加德","ui/icon/080000/080014.tex","大规模制作委托：皇都重建用建材",True,0,1,775170,3120,"LeveRewardItem#308","ui/icon/080000/080033.tex","ui/icon/080000/080002.tex","Level#5852425","ui/icon/110000/110089.tex",True,,"music/ffxiv/BGM_Leves.scd"
912,"大规模制作委托：皇都防卫队的训练枪","现在神殿骑士团正在重整皇都的防卫体制。其中一条就是要编成一支守护皇都内部的义勇兵部队。特此募集义勇兵训练用的长枪。","神殿骑士团指挥官 昂德卢",6,"刻木匠","伊修加德",50,0,10,0,"伊修加德基础层","伊修加德基础层","未知钓场",0,False,"刻木匠","刻木匠理符任务",0,"伊修加德","ui/icon/080000/080014.tex","大规模制作委托：皇都防卫队的训练枪",True,0,1,1837480,3432,"LeveRewardItem#308","ui/icon/080000/080033.tex","ui/icon/080000/080002.tex","Level#5852425","ui/icon/110000/110089.tex",True,,"music/ffxiv/BGM_Leves.scd"
913,"大规模批发委托：弓术训练用弓","弓箭是对付拥有飞行能力的龙族非常有效的武器。因此我们准备进行大规模弓术训练，提高神殿骑士团的对空迎击能力。在此募集大批训练用的弓。","神殿骑士团指挥官 昂德卢",6,"刻木匠","伊修加德",50,0,10,0,"伊修加德基础层","伊修加德基础层","未知钓场",0,False,"刻木匠","刻木匠理符任务",0,"伊修加德","ui/icon/080000/080014.tex","大规模批发委托：弓术训练用弓",True,0,1,240810,858,"LeveRewardItem#313","ui/icon/080000/080041.tex","ui/icon/080000/080002.tex","Level#5852425","ui/icon/110000/110089.tex",True,,"music/ffxiv/BGM_Leves.scd"
914,"制作委托：弓术大会的奖品","本次神殿骑士团将要举办一场弓术大赛。各大名门都会从自己的骑兵团中精挑细选出好手来参加比试。希望有人能提供优质的弓作为奖品。","神殿骑士团指挥官 昂德卢",6,"刻木匠","伊修加德",52,0,1,0,"伊修加德基础层","伊修加德基础层","未知钓场",0,False,"刻木匠","刻木匠理符任务",0,"伊修加德","ui/icon/080000/080014.tex","制作委托：弓术大会的奖品",True,0,1,423990,749,"LeveRewardItem#299","ui/icon/080000/080033.tex","ui/icon/080000/080005.tex","Level#5852425","ui/icon/110000/110089.tex",True,,"music/ffxiv/BGM_Leves.scd"
915,"制作委托：纪念品钓竿","某贵族向神殿骑士团捐赠了很多经费。为了表达感谢，我们想回赠一件纪念品。对方的兴趣是钓鱼，期望有人能制作一件与之相关的逸品。","神殿骑士团财务长 阿米安娜",6,"刻木匠","伊修加德",52,0,1,0,"伊修加德基础层","伊修加德基础层","未知钓场",0,False,"刻木匠","刻木匠理符任务",0,"伊修加德","ui/icon/080000/080014.tex","制作委托：纪念品钓竿",True,0,1,349400,749,"LeveRewardItem#299","ui/icon/080000/080033.tex","ui/icon/080000/080005.tex","Level#5852425","ui/icon/110000/110089.tex",True,,"music/ffxiv/BGM_Leves.scd"
916,"批发委托：赠与协助者的项链","市民们对神殿骑士团推行的皇都再建计划提供了很大的帮助。为了向市民们表达感谢，特此大量筹集祈祷用的木雕项链。","神殿骑士团财务长 阿米安娜",6,"刻木匠","伊修加德",52,0,1,0,"伊修加德基础层","伊修加德基础层","未知钓场",0,False,"刻木匠","刻木匠理符任务",0,"伊修加德","ui/icon/080000/080014.tex","批发委托：赠与协助者的项链",True,0,1,154140,315,"LeveRewardItem#304","ui/icon/080000/080041.tex","ui/icon/080000/080005.tex","Level#5852425","ui/icon/110000/110089.tex",True,,"music/ffxiv/BGM_Leves.scd"
917,"大规模制作委托：弓术大会的奖品","本次神殿骑士团将要举办一场弓术大赛。各大名门都会从自己的骑兵团中精挑细选出好手来参加比试。希望有人能提供优质的弓作为奖品。","神殿骑士团指挥官 昂德卢",6,"刻木匠","伊修加德",52,0,10,0,"伊修加德基础层","伊修加德基础层","未知钓场",0,False,"刻木匠","刻木匠理符任务",0,"伊修加德","ui/icon/080000/080014.tex","大规模制作委托：弓术大会的奖品",True,0,1,2331940,3744,"LeveRewardItem#309","ui/icon/080000/080033.tex","ui/icon/080000/080002.tex","Level#5852425","ui/icon/110000/110089.tex",True,,"music/ffxiv/BGM_Leves.scd"
918,"大规模制作委托：纪念品钓竿","某贵族向神殿骑士团捐赠了很多经费。为了表达感谢，我们想回赠一件纪念品。对方的兴趣是钓鱼，期望有人能制作一件与之相关的逸品。","神殿骑士团财务长 阿米安娜",6,"刻木匠","伊修加德",52,0,10,0,"伊修加德基础层","伊修加德基础层","未知钓场",0,False,"刻木匠","刻木匠理符任务",0,"伊修加德","ui/icon/080000/080014.tex","大规模制作委托：纪念品钓竿",True,0,1,1921700,3744,"LeveRewardItem#309","ui/icon/080000/080033.tex","ui/icon/080000/080002.tex","Level#5852425","ui/icon/110000/110089.tex",True,,"music/ffxiv/BGM_Leves.scd"
919,"大规模批发委托：赠与协助者的项链","市民们对神殿骑士团推行的皇都再建计划提供了很大的帮助。为了向市民们表达感谢，特此大量筹集祈祷用的木雕项链。","神殿骑士团财务长 阿米安娜",6,"刻木匠","伊修加德",52,0,10,0,"伊修加德基础层","伊修加德基础层","未知钓场",0,False,"刻木匠","刻木匠理符任务",0,"伊修加德","ui/icon/080000/080014.tex","大规模批发委托：赠与协助者的项链",True,0,1,256910,1092,"LeveRewardItem#314","ui/icon/080000/080041.tex","ui/icon/080000/080002.tex","Level#5852425","ui/icon/110000/110089.tex",True,,"music/ffxiv/BGM_Leves.scd"
920,"制作委托：应用测试用法杖","圣恩达利姆神学院准备从明年将毕业的学员中选出有潜力成为神殿骑士团医师的人才。特此请人制作用于治疗魔法应用测试的法杖。还请细心打造。","神殿骑士团医院院长 亚伯",6,"刻木匠","伊修加德",54,0,1,0,"伊修加德基础层","伊修加德基础层","未知钓场",0,False,"刻木匠","刻木匠理符任务",0,"伊修加德","ui/icon/080000/080014.tex","制作委托：应用测试用法杖",True,0,1,407160,874,"LeveRewardItem#300","ui/icon/080000/080033.tex","ui/icon/080000/080005.tex","Level#5852425","ui/icon/110000/110089.tex",True,,"music/ffxiv/BGM_Leves.scd"
921,"制作委托：神殿骑士团的裁缝工具","暴雪等恶劣天气导致难以在室外进行训练时，在室内的手工作业也成了一项重要的任务。自己亲手修缮装备已是家常便饭。因此本次望能购入新的裁缝工具。","神殿骑士团财务长 阿米安娜",6,"刻木匠","伊修加德",54,0,1,0,"伊修加德基础层","伊修加德基础层","未知钓场",0,False,"刻木匠","刻木匠理符任务",0,"伊修加德","ui/icon/080000/080014.tex","制作委托：神殿骑士团的裁缝工具",True,0,1,473220,998,"LeveRewardItem#300","ui/icon/080000/080033.tex","ui/icon/080000/080005.tex","Level#5852425","ui/icon/110000/110089.tex",True,,"music/ffxiv/BGM_Leves.scd"
922,"批发委托：制造货车用木材","补给部队的数台货车在龙族的猛攻中被破坏了。虽然想制造替代品，但合适的木材不足。募集兼具硬度与韧度的暗栗木木材。","神殿骑士团财务长 阿米安娜",6,"刻木匠","伊修加德",54,0,1,0,"伊修加德基础层","伊修加德基础层","未知钓场",0,False,"刻木匠","刻木匠理符任务",0,"伊修加德","ui/icon/080000/080014.tex","批发委托：制造货车用木材",True,0,1,87840,315,"LeveRewardItem#305","ui/icon/080000/080041.tex","ui/icon/080000/080005.tex","Level#5852425","ui/icon/110000/110089.tex",True,,"music/ffxiv/BGM_Leves.scd"
923,"大规模制作委托：应用测试用法杖","圣恩达利姆神学院准备从明年将毕业的学员中选出有潜力成为神殿骑士团医师的人才。特此请人制作用于治疗魔法应用测试的法杖。还请细心打造。","神殿骑士团医院院长 亚伯",6,"刻木匠","伊修加德",54,0,10,0,"伊修加德基础层","伊修加德基础层","未知钓场",0,False,"刻木匠","刻木匠理符任务",0,"伊修加德","ui/icon/080000/080014.tex","大规模制作委托：应用测试用法杖",True,0,1,2239400,4368,"LeveRewardItem#310","ui/icon/080000/080033.tex","ui/icon/080000/080002.tex","Level#5852425","ui/icon/110000/110089.tex",True,,"music/ffxiv/BGM_Leves.scd"
924,"大规模制作委托：神殿骑士团的裁缝工具","暴雪等恶劣天气导致难以在室外进行训练时，在室内的手工作业也成了一项重要的任务。自己亲手修缮装备已是家常便饭。因此本次望能购入新的裁缝工具。","神殿骑士团财务长 阿米安娜",6,"刻木匠","伊修加德",54,0,10,0,"伊修加德基础层","伊修加德基础层","未知钓场",0,False,"刻木匠","刻木匠理符任务",0,"伊修加德","ui/icon/080000/080014.tex","大规模制作委托：神殿骑士团的裁缝工具",True,0,1,2602720,4992,"LeveRewardItem#310","ui/icon/080000/080033.tex","ui/icon/080000/080002.tex","Level#5852425","ui/icon/110000/110089.tex",True,,"music/ffxiv/BGM_Leves.scd"
925,"大规模批发委托：制造货车用木材","补给部队的数台货车在龙族的猛攻中被破坏了。虽然想制造替代品，但合适的木材不足。募集兼具硬度与韧度的暗栗木木材。","神殿骑士团财务长 阿米安娜",6,"刻木匠","伊修加德",54,0,10,0,"伊修加德基础层","伊修加德基础层","未知钓场",0,False,"刻木匠","刻木匠理符任务",0,"伊修加德","ui/icon/080000/080014.tex","大规模批发委托：制造货车用木材",True,0,1,146400,1092,"LeveRewardItem#315","ui/icon/080000/080041.tex","ui/icon/080000/080002.tex","Level#5852425","ui/icon/110000/110089.tex",True,,"music/ffxiv/BGM_Leves.scd"
926,"制作委托：赠与木匠的腕环","我们想赠送装饰品给泽梅尔家的木匠们，作为协助修复对龙防御设施的报酬。最好是符合木匠身份的木雕腕环，在此请求刻木匠的帮忙。","神殿骑士团财务长 阿米安娜",6,"刻木匠","伊修加德",56,0,1,0,"伊修加德基础层","伊修加德基础层","未知钓场",0,False,"刻木匠","刻木匠理符任务",0,"伊修加德","ui/icon/080000/080014.tex","制作委托：赠与木匠的腕环",True,0,1,338440,1123,"LeveRewardItem#301","ui/icon/080000/080033.tex","ui/icon/080000/080005.tex","Level#5852425","ui/icon/110000/110089.tex",True,,"music/ffxiv/BGM_Leves.scd"
927,"制作委托：送往隼巢的弓","非常不幸，飞向隼巢的运输飞空艇被双足飞龙击坠了。为了填补这次损失的武器，希望刻木匠能协助制作高品质的弓。","神殿骑士团财务长 阿米安娜",6,"刻木匠","伊修加德",56,0,1,0,"伊修加德基础层","伊修加德基础层","未知钓场",0,False,"刻木匠","刻木匠理符任务",0,"伊修加德","ui/icon/080000/080014.tex","制作委托：送往隼巢的弓",True,0,1,656800,998,"LeveRewardItem#301","ui/icon/080000/080033.tex","ui/icon/080000/080005.tex","Level#5852425","ui/icon/110000/110089.tex",True,,"music/ffxiv/BGM_Leves.scd"
928,"批发委托：义勇弓兵用面具","由伊修加德市民组成的义勇兵部队正在火热组建中。现特募集一批配给到新设弓兵部队的面具，请手艺高超的刻木匠予以协助。","神殿骑士团指挥官 昂德卢",6,"刻木匠","伊修加德",56,0,1,0,"伊修加德基础层","伊修加德基础层","未知钓场",0,False,"刻木匠","刻木匠理符任务",0,"伊修加德","ui/icon/080000/080014.tex","批发委托：义勇弓兵用面具",True,0,1,320970,361,"LeveRewardItem#306","ui/icon/080000/080041.tex","ui/icon/080000/080005.tex","Level#5852425","ui/icon/110000/110089.tex",True,,"music/ffxiv/BGM_Leves.scd"
929,"大规模制作委托：赠与木匠的腕环","我们想赠送装饰品给泽梅尔家的木匠们，作为协助修复对龙防御设施的报酬。最好是符合木匠身份的木雕腕环，在此请求刻木匠的帮忙。","神殿骑士团财务长 阿米安娜",6,"刻木匠","伊修加德",56,0,10,0,"伊修加德基础层","伊修加德基础层","未知钓场",0,False,"刻木匠","刻木匠理符任务",0,"伊修加德","ui/icon/080000/080014.tex","大规模制作委托：赠与木匠的腕环",True,0,1,1861440,5616,"LeveRewardItem#311","ui/icon/080000/080033.tex","ui/icon/080000/080002.tex","Level#5852425","ui/icon/110000/110089.tex",True,,"music/ffxiv/BGM_Leves.scd"
930,"大规模制作委托：送往隼巢的弓","非常不幸，飞向隼巢的运输飞空艇被双足飞龙击坠了。为了填补这次损失的武器，希望刻木匠能协助制作高品质的弓。","神殿骑士团财务长 阿米安娜",6,"刻木匠","伊修加德",56,0,10,0,"伊修加德基础层","伊修加德基础层","未知钓场",0,False,"刻木匠","刻木匠理符任务",0,"伊修加德","ui/icon/080000/080014.tex","大规模制作委托：送往隼巢的弓",True,0,1,3612420,4992,"LeveRewardItem#311","ui/icon/080000/080033.tex","ui/icon/080000/080002.tex","Level#5852425","ui/icon/110000/110089.tex",True,,"music/ffxiv/BGM_Leves.scd"
931,"大规模批发委托：义勇弓兵用面具","由伊修加德市民组成的义勇兵部队正在火热组建中。现特募集一批配给到新设弓兵部队的面具，请手艺高超的刻木匠予以协助。","神殿骑士团指挥官 昂德卢",6,"刻木匠","伊修加德",56,0,10,0,"伊修加德基础层","伊修加德基础层","未知钓场",0,False,"刻木匠","刻木匠理符任务",0,"伊修加德","ui/icon/080000/080014.tex","大规模批发委托：义勇弓兵用面具",True,0,1,534960,1248,"LeveRewardItem#316","ui/icon/080000/080041.tex","ui/icon/080000/080002.tex","Level#5852425","ui/icon/110000/110089.tex",True,,"music/ffxiv/BGM_Leves.scd"
932,"制作委托：防卫塔用建材","现预定建造新的防卫塔加强皇都的防御能力。特募集可用于建造的桦木木材。对支撑着巨大对龙弩炮的防卫塔来说，结实就是最重要的。请务必交纳结实的木材。","神殿骑士团财务长 阿米安娜",6,"刻木匠","伊修加德",58,0,1,0,"伊修加德基础层","伊修加德基础层","未知钓场",0,False,"刻木匠","刻木匠理符任务",0,"伊修加德","ui/icon/080000/080014.tex","制作委托：防卫塔用建材",True,0,1,183570,1123,"LeveRewardItem#302","ui/icon/080000/080033.tex","ui/icon/080000/080005.tex","Level#5852425","ui/icon/110000/110089.tex",True,,"music/ffxiv/BGM_Leves.scd"
933,"制作委托：对龙用研磨工具","一般的箭矢可射不穿龙族坚硬的鳞片。希望有手艺精湛的熟练刻木匠帮忙制作能将箭头研磨到锋利极致的砂轮机，让射手们射出一击必杀之箭。","神殿骑士团财务长 阿米安娜",6,"刻木匠","伊修加德",58,0,1,0,"伊修加德基础层","伊修加德基础层","未知钓场",0,False,"刻木匠","刻木匠理符任务",0,"伊修加德","ui/icon/080000/080014.tex","制作委托：对龙用研磨工具",True,0,1,484390,1186,"LeveRewardItem#302","ui/icon/080000/080033.tex","ui/icon/080000/080005.tex","Level#5852425","ui/icon/110000/110089.tex",True,,"music/ffxiv/BGM_Leves.scd"
934,"批发委托：表彰勇士的长枪","我神殿骑士团决定向为夺回石卫塔做出了杰出贡献的狄兰达尔家骑兵团赠送支援物资作为奖励，并决定趁此机会为勇敢的骑兵们送去一批长枪。","神殿骑士团指挥官 昂德卢",6,"刻木匠","伊修加德",58,0,1,0,"伊修加德基础层","伊修加德基础层","未知钓场",0,False,"刻木匠","刻木匠理符任务",0,"伊修加德","ui/icon/080000/080014.tex","批发委托：表彰勇士的长枪",True,0,1,421420,406,"LeveRewardItem#307","ui/icon/080000/080041.tex","ui/icon/080000/080005.tex","Level#5852425","ui/icon/110000/110089.tex",True,,"music/ffxiv/BGM_Leves.scd"
935,"大规模制作委托：防卫塔用建材","现预定建造新的防卫塔加强皇都的防御能力。特募集可用于建造的桦木木材。对支撑着巨大对龙弩炮的防卫塔来说，结实就是最重要的。请务必交纳结实的木材。","神殿骑士团财务长 阿米安娜",6,"刻木匠","伊修加德",58,0,10,0,"伊修加德基础层","伊修加德基础层","未知钓场",0,False,"刻木匠","刻木匠理符任务",0,"伊修加德","ui/icon/080000/080014.tex","大规模制作委托：防卫塔用建材",True,0,1,1376840,5616,"LeveRewardItem#312","ui/icon/080000/080033.tex","ui/icon/080000/080002.tex","Level#5852425","ui/icon/110000/110089.tex",True,,"music/ffxiv/BGM_Leves.scd"
936,"大规模制作委托：对龙用研磨工具","一般的箭矢可射不穿龙族坚硬的鳞片。希望有手艺精湛的熟练刻木匠帮忙制作能将箭头研磨到锋利极致的砂轮机，让射手们射出一击必杀之箭。","神殿骑士团财务长 阿米安娜",6,"刻木匠","伊修加德",58,0,10,0,"伊修加德基础层","伊修加德基础层","未知钓场",0,False,"刻木匠","刻木匠理符任务",0,"伊修加德","ui/icon/080000/080014.tex","大规模制作委托：对龙用研磨工具",True,0,1,2664150,5928,"LeveRewardItem#312","ui/icon/080000/080033.tex","ui/icon/080000/080002.tex","Level#5852425","ui/icon/110000/110089.tex",True,,"music/ffxiv/BGM_Leves.scd"
937,"大规模批发委托：表彰勇士的长枪","我神殿骑士团决定向为夺回石卫塔做出了杰出贡献的狄兰达尔家骑兵团赠送支援物资作为奖励，并决定趁此机会为勇敢的骑兵们送去一批长枪。","神殿骑士团指挥官 昂德卢",6,"刻木匠","伊修加德",58,0,10,0,"伊修加德基础层","伊修加德基础层","未知钓场",0,False,"刻木匠","刻木匠理符任务",0,"伊修加德","ui/icon/080000/080014.tex","大规模批发委托：表彰勇士的长枪",True,0,1,702370,1404,"LeveRewardItem#317","ui/icon/080000/080041.tex","ui/icon/080000/080002.tex","Level#5852425","ui/icon/110000/110089.tex",True,,"music/ffxiv/BGM_Leves.scd"
938,"制作委托：枪术训练用皮裤","神殿骑士团的主要兵器虽然是长剑、长枪、弓箭等武器，但其实与龙族战斗最有用的应该是枪术，枪术也是基础训练必不可少的一环。请帮忙制作枪术训练时使用的古鸟革皮裤。","神殿骑士团指挥官 昂德卢",6,"制革匠","伊修加德",50,0,1,0,"伊修加德基础层","伊修加德基础层","未知钓场",0,False,"制革匠","制革匠理符任务",0,"伊修加德","ui/icon/080000/080014.tex","制作委托：枪术训练用皮裤",True,0,1,211350,624,"LeveRewardItem#398","ui/icon/080000/080033.tex","ui/icon/080000/080005.tex","Level#5852425","ui/icon/110000/110089.tex",True,,"music/ffxiv/BGM_Leves.scd"
939,"制作委托：补给部队用靴子","说起神殿骑士团，大部分人想到的都会是在与龙族、异端者战斗的前线部队。但请千万不要忘记在暗中默默支援着他们的后方部队的存在。请帮忙制作运送各种物资的补给部队用的靴子。","神殿骑士团财务长 阿米安娜",6,"制革匠","伊修加德",50,0,1,0,"伊修加德基础层","伊修加德基础层","未知钓场",0,False,"制革匠","制革匠理符任务",0,"伊修加德","ui/icon/080000/080014.tex","制作委托：补给部队用靴子",True,0,1,334080,749,"LeveRewardItem#398","ui/icon/080000/080033.tex","ui/icon/080000/080005.tex","Level#5852425","ui/icon/110000/110089.tex",True,,"music/ffxiv/BGM_Leves.scd"
940,"批发委托：皇都防卫队的皮手套","现在神殿骑士团正在重整皇都的防卫体制。其中一条就是要编成一支守护皇都内部的义勇兵部队。特此大批募集分配给义勇兵的皮手套。","神殿骑士团指挥官 昂德卢",6,"制革匠","伊修加德",50,0,1,0,"伊修加德基础层","伊修加德基础层","未知钓场",0,False,"制革匠","制革匠理符任务",0,"伊修加德","ui/icon/080000/080014.tex","批发委托：皇都防卫队的皮手套",True,0,1,200450,225,"LeveRewardItem#403","ui/icon/080000/080041.tex","ui/icon/080000/080005.tex","Level#5852425","ui/icon/110000/110089.tex",True,,"music/ffxiv/BGM_Leves.scd"
941,"大规模制作委托：枪术训练用皮裤","神殿骑士团的主要兵器虽然是长剑、长枪、弓箭等武器，但其实与龙族战斗最有用的应该是枪术，枪术也是基础训练必不可少的一环。请帮忙制作枪术训练时使用的古鸟革皮裤。","神殿骑士团指挥官 昂德卢",6,"制革匠","伊修加德",50,0,10,0,"伊修加德基础层","伊修加德基础层","未知钓场",0,False,"制革匠","制革匠理符任务",0,"伊修加德","ui/icon/080000/080014.tex","大规模制作委托：枪术训练用皮裤",True,0,1,1162470,3120,"LeveRewardItem#408","ui/icon/080000/080033.tex","ui/icon/080000/080002.tex","Level#5852425","ui/icon/110000/110089.tex",True,,"music/ffxiv/BGM_Leves.scd"
942,"大规模制作委托：补给部队用靴子","说起神殿骑士团，大部分人想到的都会是在与龙族、异端者战斗的前线部队。但请千万不要忘记在暗中默默支援着他们的后方部队的存在。请帮忙制作运送各种物资的补给部队用的鞋子。","神殿骑士团财务长 阿米安娜",6,"制革匠","伊修加德",50,0,10,0,"伊修加德基础层","伊修加德基础层","未知钓场",0,False,"制革匠","制革匠理符任务",0,"伊修加德","ui/icon/080000/080014.tex","大规模制作委托：补给部队用靴子",True,0,1,1837480,3744,"LeveRewardItem#408","ui/icon/080000/080033.tex","ui/icon/080000/080002.tex","Level#5852425","ui/icon/110000/110089.tex",True,,"music/ffxiv/BGM_Leves.scd"
943,"大规模批发委托：皇都防卫队的皮手套","现在神殿骑士团正在重整皇都的防卫体制。其中一条就是要编成一支守护皇都内部的义勇兵部队。特此大批募集分配给义勇兵的皮手套。","神殿骑士团指挥官 昂德卢",6,"制革匠","伊修加德",50,0,10,0,"伊修加德基础层","伊修加德基础层","未知钓场",0,False,"制革匠","制革匠理符任务",0,"伊修加德","ui/icon/080000/080014.tex","大规模批发委托：皇都防卫队的皮手套",True,0,1,334080,780,"LeveRewardItem#413","ui/icon/080000/080041.tex","ui/icon/080000/080002.tex","Level#5852425","ui/icon/110000/110089.tex",True,,"music/ffxiv/BGM_Leves.scd"
944,"制作委托：模型箭靶用飞龙革","拥有极强飞行能力的双足飞龙对我神殿骑士团来说是很难对付的对手。我们在展开针对它们的弓术训练。特此征集飞龙革以供制作模型箭靶。","神殿骑士团指挥官 昂德卢",6,"制革匠","伊修加德",52,0,1,0,"伊修加德基础层","伊修加德基础层","未知钓场",0,False,"制革匠","制革匠理符任务",0,"伊修加德","ui/icon/080000/080014.tex","制作委托：模型箭靶用飞龙革",True,0,1,182320,749,"LeveRewardItem#399","ui/icon/080000/080033.tex","ui/icon/080000/080005.tex","Level#5852425","ui/icon/110000/110089.tex",True,,"music/ffxiv/BGM_Leves.scd"
945,"制作委托：飞龙革狮子盔","圣菲内雅连队的骑兵成功杀死了飞龙，我们决定为其颁发奖励。请以那个士兵提供的狮子纹章为模型，制作飞龙革头盔。","神殿骑士团指挥官 昂德卢",6,"制革匠","伊修加德",52,0,1,0,"伊修加德基础层","伊修加德基础层","未知钓场",0,False,"制革匠","制革匠理符任务",0,"伊修加德","ui/icon/080000/080014.tex","制作委托：飞龙革狮子盔",True,0,1,480670,811,"LeveRewardItem#399","ui/icon/080000/080033.tex","ui/icon/080000/080005.tex","Level#5852425","ui/icon/110000/110089.tex",True,,"music/ffxiv/BGM_Leves.scd"
946,"批发委托：皇都防卫队的皮质护袖","我们想为由义勇兵组成的皇都防卫队配发皮质护袖。为了能够让人随时感受到来自龙族的威胁，请使用飞龙革大批进行制作。","神殿骑士团指挥官 昂德卢",6,"制革匠","伊修加德",52,0,1,0,"伊修加德基础层","伊修加德基础层","未知钓场",0,False,"制革匠","制革匠理符任务",0,"伊修加德","ui/icon/080000/080014.tex","批发委托：皇都防卫队的皮质护袖",True,0,1,154140,270,"LeveRewardItem#404","ui/icon/080000/080041.tex","ui/icon/080000/080005.tex","Level#5852425","ui/icon/110000/110089.tex",True,,"music/ffxiv/BGM_Leves.scd"
947,"大规模制作委托：模型箭靶用飞龙革","拥有极强飞行能力的双足飞龙对我神殿骑士团来说是很难对付的对手。我们在展开针对它们的弓术训练。特此征集飞龙革以供制作模型箭靶。","神殿骑士团指挥官 昂德卢",6,"制革匠","伊修加德",52,0,10,0,"伊修加德基础层","伊修加德基础层","未知钓场",0,False,"制革匠","制革匠理符任务",0,"伊修加德","ui/icon/080000/080014.tex","大规模制作委托：模型箭靶用飞龙革",True,0,1,1367410,3744,"LeveRewardItem#409","ui/icon/080000/080033.tex","ui/icon/080000/080002.tex","Level#5852425","ui/icon/110000/110089.tex",True,,"music/ffxiv/BGM_Leves.scd"
948,"大规模制作委托：飞龙革狮子盔","圣菲内雅连队的骑兵成功杀死了飞龙，我们决定为其颁发奖励。请以那个士兵提供的狮子纹章为模型，制作飞龙革头盔。","神殿骑士团指挥官 昂德卢",6,"制革匠","伊修加德",52,0,10,0,"伊修加德基础层","伊修加德基础层","未知钓场",0,False,"制革匠","制革匠理符任务",0,"伊修加德","ui/icon/080000/080014.tex","大规模制作委托：飞龙革狮子盔",True,0,1,2643720,4056,"LeveRewardItem#409","ui/icon/080000/080033.tex","ui/icon/080000/080002.tex","Level#5852425","ui/icon/110000/110089.tex",True,,"music/ffxiv/BGM_Leves.scd"
949,"大规模批发委托：皇都防卫队的皮质护袖","我们想为由义勇兵组成的皇都防卫队配发皮质护袖。为了能够让人随时感受到来自龙族的威胁，请使用飞龙革大批进行制作。","神殿骑士团指挥官 昂德卢",6,"制革匠","伊修加德",52,0,10,0,"伊修加德基础层","伊修加德基础层","未知钓场",0,False,"制革匠","制革匠理符任务",0,"伊修加德","ui/icon/080000/080014.tex","大规模批发委托：皇都防卫队的皮质护袖",True,0,1,256910,936,"LeveRewardItem#414","ui/icon/080000/080041.tex","ui/icon/080000/080002.tex","Level#5852425","ui/icon/110000/110089.tex",True,,"music/ffxiv/BGM_Leves.scd"
950,"制作委托：送给铁杉村民的衣服","库尔札斯西部高地的荒村铁杉村，过去因气候寒冷化的原因被离弃了。而最近有人展开了重建铁杉村的行动。我神殿骑士团对此行动表示支持。请为准备重建铁杉村的村民制作衣服。","神殿骑士团财务长 阿米安娜",6,"制革匠","伊修加德",54,0,1,0,"伊修加德基础层","伊修加德基础层","未知钓场",0,False,"制革匠","制革匠理符任务",0,"伊修加德","ui/icon/080000/080014.tex","制作委托：送给铁杉村民的衣服",True,0,1,560140,998,"LeveRewardItem#400","ui/icon/080000/080033.tex","ui/icon/080000/080005.tex","Level#5852425","ui/icon/110000/110089.tex",True,,"music/ffxiv/BGM_Leves.scd"
951,"制作委托：送给猎人的皮靴","对我神殿骑士团而言，提供机动力的军用陆行鸟是不可或缺的。我们想为尾羽集落提供这些陆行鸟的猎人们赠送礼品。请帮忙制作一些优质的皮靴，它就是最适合的礼物。","神殿骑士团财务长 阿米安娜",6,"制革匠","伊修加德",54,0,1,0,"伊修加德基础层","伊修加德基础层","未知钓场",0,False,"制革匠","制革匠理符任务",0,"伊修加德","ui/icon/080000/080014.tex","制作委托：送给猎人的皮靴",True,0,1,473220,936,"LeveRewardItem#400","ui/icon/080000/080033.tex","ui/icon/080000/080005.tex","Level#5852425","ui/icon/110000/110089.tex",True,,"music/ffxiv/BGM_Leves.scd"
952,"批发委托：龙骑士候补的裤子","神殿骑士团会从团中选出一些有潜力的年轻人进行龙骑士候补的特别训练。请帮忙制作一批能够承受住这艰苦训练的裤子。大部分候补生都会在这次训练中被淘汰掉。","神殿骑士团龙骑士 布吕斯蒙",6,"制革匠","伊修加德",54,0,1,0,"伊修加德基础层","伊修加德基础层","未知钓场",0,False,"制革匠","制革匠理符任务",0,"伊修加德","ui/icon/080000/080014.tex","批发委托：龙骑士候补的裤子",True,0,1,283930,338,"LeveRewardItem#405","ui/icon/080000/080041.tex","ui/icon/080000/080005.tex","Level#5852425","ui/icon/110000/110089.tex",True,,"music/ffxiv/BGM_Leves.scd"
953,"大规模制作委托：送给铁杉村民的衣服","库尔札斯西部高地的荒村铁杉村，过去因气候寒冷化的原因被离弃了。而最近有人展开了重建铁杉村的行动。我神殿骑士团对此行动表示支持。请为准备重建铁杉村的村民制作衣服。","神殿骑士团财务长 阿米安娜",6,"制革匠","伊修加德",54,0,10,0,"伊修加德基础层","伊修加德基础层","未知钓场",0,False,"制革匠","制革匠理符任务",0,"伊修加德","ui/icon/080000/080014.tex","大规模制作委托：送给铁杉村民的衣服",True,0,1,3080780,4992,"LeveRewardItem#410","ui/icon/080000/080033.tex","ui/icon/080000/080002.tex","Level#5852425","ui/icon/110000/110089.tex",True,,"music/ffxiv/BGM_Leves.scd"
954,"大规模制作委托：送给猎人的皮靴","对我神殿骑士团而言，提供机动力的军用陆行鸟是不可或缺的。我们想为尾羽集落提供这些陆行鸟的猎人们赠送礼品。请帮忙制作一些优质的皮靴，它就是最适合的礼物。","神殿骑士团财务长 阿米安娜",6,"制革匠","伊修加德",54,0,10,0,"伊修加德基础层","伊修加德基础层","未知钓场",0,False,"制革匠","制革匠理符任务",0,"伊修加德","ui/icon/080000/080014.tex","大规模制作委托：送给猎人的皮靴",True,0,1,2602720,4680,"LeveRewardItem#410","ui/icon/080000/080033.tex","ui/icon/080000/080002.tex","Level#5852425","ui/icon/110000/110089.tex",True,,"music/ffxiv/BGM_Leves.scd"
955,"大规模批发委托：龙骑士候补的裤子","神殿骑士团会从团中选出一些有潜力的年轻人进行龙骑士候补的特别训练。请帮忙制作一批能够承受住这艰苦训练的裤子。大部分候补生都会在这次训练中被淘汰掉。","神殿骑士团龙骑士 布吕斯蒙",6,"制革匠","伊修加德",54,0,10,0,"伊修加德基础层","伊修加德基础层","未知钓场",0,False,"制革匠","制革匠理符任务",0,"伊修加德","ui/icon/080000/080014.tex","大规模批发委托：龙骑士候补的裤子",True,0,1,473220,1170,"LeveRewardItem#415","ui/icon/080000/080041.tex","ui/icon/080000/080002.tex","Level#5852425","ui/icon/110000/110089.tex",True,,"music/ffxiv/BGM_Leves.scd"
956,"制作委托：祝福屠龙者的腕环","某一位龙骑士候补生击杀了在训练中遭遇的龙族，顺利成为了一名屠龙者。我们想请人用巨龙革制作一对腕环赠予这名候补生。请制作出一对日常生活中也能方便佩戴的腕环。","神殿骑士团龙骑士 布吕斯蒙",6,"制革匠","伊修加德",56,0,1,0,"伊修加德基础层","伊修加德基础层","未知钓场",0,False,"制革匠","制革匠理符任务",0,"伊修加德","ui/icon/080000/080014.tex","制作委托：祝福屠龙者的腕环",True,0,1,534960,1123,"LeveRewardItem#401","ui/icon/080000/080033.tex","ui/icon/080000/080005.tex","Level#5852425","ui/icon/110000/110089.tex",True,,"music/ffxiv/BGM_Leves.scd"
957,"制作委托：赠与祭司的皮手套","一名在与龙族的搏杀中身负重伤的神殿骑士被凑巧路过的祭司使用治疗魔法救了一命。骑士团想要向这名救了同伴性命的祭司表达谢意。请制作一双医师用的皮手套。","神殿骑士团医院院长 亚伯",6,"制革匠","伊修加德",56,0,1,0,"伊修加德基础层","伊修加德基础层","未知钓场",0,False,"制革匠","制革匠理符任务",0,"伊修加德","ui/icon/080000/080014.tex","制作委托：赠与祭司的皮手套",True,0,1,534960,998,"LeveRewardItem#401","ui/icon/080000/080033.tex","ui/icon/080000/080005.tex","Level#5852425","ui/icon/110000/110089.tex",True,,"music/ffxiv/BGM_Leves.scd"
958,"批发委托：模型标靶用巨龙革","想要杀死大型龙族是非常困难的一件事。为了进行对龙战的训练，我们准备用真的巨龙革制作一个实物大小的模型靶子。请提供一批巨龙革。","神殿骑士团指挥官 昂德卢",6,"制革匠","伊修加德",56,0,1,0,"伊修加德基础层","伊修加德基础层","未知钓场",0,False,"制革匠","制革匠理符任务",0,"伊修加德","ui/icon/080000/080014.tex","批发委托：模型标靶用巨龙革",True,0,1,127600,361,"LeveRewardItem#406","ui/icon/080000/080041.tex","ui/icon/080000/080005.tex","Level#5852425","ui/icon/110000/110089.tex",True,,"music/ffxiv/BGM_Leves.scd"
959,"大规模制作委托：祝福屠龙者的腕环","某一位龙骑士候补生击杀了在训练中遭遇的龙族，顺利成为了一名屠龙者。我们想请人用巨龙革制作一对腕环赠予这名候补生。请制作出一对日常生活中也能方便佩戴的腕环。","神殿骑士团龙骑士 布吕斯蒙",6,"制革匠","伊修加德",56,0,10,0,"伊修加德基础层","伊修加德基础层","未知钓场",0,False,"制革匠","制革匠理符任务",0,"伊修加德","ui/icon/080000/080014.tex","大规模制作委托：祝福屠龙者的腕环",True,0,1,2942290,5616,"LeveRewardItem#411","ui/icon/080000/080033.tex","ui/icon/080000/080002.tex","Level#5852425","ui/icon/110000/110089.tex",True,,"music/ffxiv/BGM_Leves.scd"
960,"大规模制作委托：赠与祭司的皮手套","一名在与龙族的搏杀中身负重伤的神殿骑士被凑巧路过的祭司使用治疗魔法救了一命。骑士团想要向这名救了同伴性命的祭司表达谢意。请制作一双医师用的皮手套。","神殿骑士团医院院长 亚伯",6,"制革匠","伊修加德",56,0,10,0,"伊修加德基础层","伊修加德基础层","未知钓场",0,False,"制革匠","制革匠理符任务",0,"伊修加德","ui/icon/080000/080014.tex","大规模制作委托：赠与祭司的皮手套",True,0,1,2942290,4992,"LeveRewardItem#411","ui/icon/080000/080033.tex","ui/icon/080000/080002.tex","Level#5852425","ui/icon/110000/110089.tex",True,,"music/ffxiv/BGM_Leves.scd"
961,"大规模批发委托：模型标靶用巨龙革","想要杀死大型龙族是非常困难的一件事。为了进行对龙战的训练，我们准备用真的巨龙革制作一个实物大小的模型靶子。请提供一批巨龙革。","神殿骑士团指挥官 昂德卢",6,"制革匠","伊修加德",56,0,10,0,"伊修加德基础层","伊修加德基础层","未知钓场",0,False,"制革匠","制革匠理符任务",0,"伊修加德","ui/icon/080000/080014.tex","大规模批发委托：模型标靶用巨龙革",True,0,1,212670,1248,"LeveRewardItem#416","ui/icon/080000/080041.tex","ui/icon/080000/080002.tex","Level#5852425","ui/icon/110000/110089.tex",True,,"music/ffxiv/BGM_Leves.scd"
962,"制作委托：龙骑士候补的皮手套","选拔龙骑士的训练终于接近尾声了。我们想请人为最后的模拟战训练制作皮手套。请用心制作，因为它将会见证新龙骑士的诞生。

<UIForeground>F201F4</UIForeground><UIGlow>F201F5</UIGlow>要制作为完成本理符所需的物品，需要习得皮革秘籍第三卷。<UIGlow>01</UIGlow><UIForeground>01</UIForeground>","神殿骑士团龙骑士 布吕斯蒙",6,"制革匠","伊修加德",58,0,1,0,"伊修加德基础层","伊修加德基础层","未知钓场",0,False,"制革匠","制革匠理符任务",0,"伊修加德","ui/icon/080000/080014.tex","制作委托：龙骑士候补的皮手套",True,0,1,593380,1186,"LeveRewardItem#402","ui/icon/080000/080033.tex","ui/icon/080000/080005.tex","Level#5852425","ui/icon/110000/110089.tex",True,,"music/ffxiv/BGM_Leves.scd"
963,"制作委托：表彰魔法师的帽子","我神殿骑士团决定向为夺回石卫塔做出了杰出贡献的狄兰达尔家骑兵团赠送支援物资作为奖励。请制革匠为杰出的魔法师制作最适合他们的优质帽子。","神殿骑士团指挥官 昂德卢",6,"制革匠","伊修加德",58,0,1,0,"伊修加德基础层","伊修加德基础层","未知钓场",0,False,"制革匠","制革匠理符任务",0,"伊修加德","ui/icon/080000/080014.tex","制作委托：表彰魔法师的帽子",True,0,1,484390,1123,"LeveRewardItem#402","ui/icon/080000/080033.tex","ui/icon/080000/080005.tex","Level#5852425","ui/icon/110000/110089.tex",True,,"music/ffxiv/BGM_Leves.scd"
964,"批发委托：魔法障壁的代价","为了重建被破坏的魔法障壁圣人达奈芬的首饰，皇都很多的魔法师都被召集了起来。我们想赠送礼物给这些参加计划的魔法师表达谢意。请制作适合魔法师使用的皮靴。","神殿骑士团财务长 阿米安娜",6,"制革匠","伊修加德",58,0,1,0,"伊修加德基础层","伊修加德基础层","未知钓场",0,False,"制革匠","制革匠理符任务",0,"伊修加德","ui/icon/080000/080014.tex","批发委托：魔法障壁的代价",True,0,1,421420,428,"LeveRewardItem#407","ui/icon/080000/080041.tex","ui/icon/080000/080005.tex","Level#5852425","ui/icon/110000/110089.tex",True,,"music/ffxiv/BGM_Leves.scd"
965,"大规模制作委托：龙骑士候补的皮手套","选拔龙骑士的训练终于接近尾声了。我们想请人为最后的模拟战训练制作皮手套。请用心制作，因为它将会见证新龙骑士的诞生。

<UIForeground>F201F4</UIForeground><UIGlow>F201F5</UIGlow>要制作为完成本理符所需的物品，需要习得皮革秘籍第三卷。<UIGlow>01</UIGlow><UIForeground>01</UIForeground>","神殿骑士团龙骑士 布吕斯蒙",6,"制革匠","伊修加德",58,0,10,0,"伊修加德基础层","伊修加德基础层","未知钓场",0,False,"制革匠","制革匠理符任务",0,"伊修加德","ui/icon/080000/080014.tex","大规模制作委托：龙骑士候补的皮手套",True,0,1,3263600,5928,"LeveRewardItem#412","ui/icon/080000/080033.tex","ui/icon/080000/080002.tex","Level#5852425","ui/icon/110000/110089.tex",True,,"music/ffxiv/BGM_Leves.scd"
966,"大规模制作委托：表彰魔法师的帽子","我神殿骑士团决定向为夺回石卫塔做出了杰出贡献的狄兰达尔家骑兵团赠送支援物资作为奖励。请制革匠为杰出的魔法师制作最适合他们的优质帽子。","神殿骑士团指挥官 昂德卢",6,"制革匠","伊修加德",58,0,10,0,"伊修加德基础层","伊修加德基础层","未知钓场",0,False,"制革匠","制革匠理符任务",0,"伊修加德","ui/icon/080000/080014.tex","大规模制作委托：表彰魔法师的帽子",True,0,1,2664150,5616,"LeveRewardItem#412","ui/icon/080000/080033.tex","ui/icon/080000/080002.tex","Level#5852425","ui/icon/110000/110089.tex",True,,"music/ffxiv/BGM_Leves.scd"
967,"大规模批发委托：魔法障壁的代价","为了重建被破坏的魔法障壁圣人达奈芬的首饰，皇都很多的魔法师都被召集了起来。我们想赠送礼物给这些参加计划的魔法师表达谢意。请制作适合魔法师使用的皮靴。","神殿骑士团财务长 阿米安娜",6,"制革匠","伊修加德",58,0,10,0,"伊修加德基础层","伊修加德基础层","未知钓场",0,False,"制革匠","制革匠理符任务",0,"伊修加德","ui/icon/080000/080014.tex","大规模批发委托：魔法障壁的代价",True,0,1,702370,1482,"LeveRewardItem#417","ui/icon/080000/080041.tex","ui/icon/080000/080002.tex","Level#5852425","ui/icon/110000/110089.tex",True,,"music/ffxiv/BGM_Leves.scd"
968,"制作委托：皇都防卫队的单手剑","现在神殿骑士团正在重整皇都的防卫体制。其中一条就是要编成一支守护皇都内部的义勇兵部队。请制作分配给义勇兵的单手剑。","神殿骑士团指挥官 昂德卢",6,"锻铁匠","伊修加德",50,0,1,0,"伊修加德基础层","伊修加德基础层","未知钓场",0,False,"锻铁匠","锻铁匠理符任务",0,"伊修加德","ui/icon/080000/080014.tex","制作委托：皇都防卫队的单手剑",True,0,1,456810,686,"LeveRewardItem#318","ui/icon/080000/080033.tex","ui/icon/080000/080005.tex","Level#5852425","ui/icon/110000/110089.tex",True,,"music/ffxiv/BGM_Leves.scd"
969,"制作委托：格斗训练用武器","神殿骑士团的主要兵器虽然是长剑、长枪、弓箭等武器，但为了对应武器不在手时的状况，格斗术的训练也是必不可少的。请帮忙制作格斗训练时使用的武器。","神殿骑士团指挥官 昂德卢",6,"锻铁匠","伊修加德",50,0,1,0,"伊修加德基础层","伊修加德基础层","未知钓场",0,False,"锻铁匠","锻铁匠理符任务",0,"伊修加德","ui/icon/080000/080014.tex","制作委托：格斗训练用武器",True,0,1,395450,686,"LeveRewardItem#318","ui/icon/080000/080033.tex","ui/icon/080000/080005.tex","Level#5852425","ui/icon/110000/110089.tex",True,,"music/ffxiv/BGM_Leves.scd"
970,"批发委托：对龙弩炮用金属","现正在对先前龙族进攻皇都时被破坏的对龙弩炮进行重建。请制作一批用于其内部部件的灵银金属。纯度不够会令弩炮的运转出现问题，敬请注意。","神殿骑士团财务长 阿米安娜",6,"锻铁匠","伊修加德",50,0,1,0,"伊修加德基础层","伊修加德基础层","未知钓场",0,False,"锻铁匠","锻铁匠理符任务",0,"伊修加德","ui/icon/080000/080014.tex","批发委托：对龙弩炮用金属",True,0,1,70850,225,"LeveRewardItem#323","ui/icon/080000/080041.tex","ui/icon/080000/080005.tex","Level#5852425","ui/icon/110000/110089.tex",True,,"music/ffxiv/BGM_Leves.scd"
971,"大规模制作委托：皇都防卫队的单手剑","现在神殿骑士团正在重整皇都的防卫体制。其中一条就是要编成一支守护皇都内部的义勇兵部队。请制作分配给义勇兵的单手剑。","神殿骑士团指挥官 昂德卢",6,"锻铁匠","伊修加德",50,0,10,0,"伊修加德基础层","伊修加德基础层","未知钓场",0,False,"锻铁匠","锻铁匠理符任务",0,"伊修加德","ui/icon/080000/080014.tex","大规模制作委托：皇都防卫队的单手剑",True,0,1,2512500,3432,"LeveRewardItem#328","ui/icon/080000/080033.tex","ui/icon/080000/080002.tex","Level#5852425","ui/icon/110000/110089.tex",True,,"music/ffxiv/BGM_Leves.scd"
972,"大规模制作委托：格斗训练用武器","神殿骑士团的主要兵器虽然是长剑、长枪、弓箭等武器，但为了对应武器不在手时的状况，格斗术的训练也是必不可少的。请帮忙制作格斗训练时使用的武器。","神殿骑士团指挥官 昂德卢",6,"锻铁匠","伊修加德",50,0,10,0,"伊修加德基础层","伊修加德基础层","未知钓场",0,False,"锻铁匠","锻铁匠理符任务",0,"伊修加德","ui/icon/080000/080014.tex","大规模制作委托：格斗训练用武器",True,0,1,2174990,3432,"LeveRewardItem#328","ui/icon/080000/080033.tex","ui/icon/080000/080002.tex","Level#5852425","ui/icon/110000/110089.tex",True,,"music/ffxiv/BGM_Leves.scd"
973,"大规模批发委托：对龙弩炮用金属","现正在对先前龙族进攻皇都时被破坏的对龙弩炮进行重建。请制作一批用于其内部部件的灵银金属。纯度不够会令弩炮的运转出现问题，敬请注意。","神殿骑士团财务长 阿米安娜",6,"锻铁匠","伊修加德",50,0,10,0,"伊修加德基础层","伊修加德基础层","未知钓场",0,False,"锻铁匠","锻铁匠理符任务",0,"伊修加德","ui/icon/080000/080014.tex","大规模批发委托：对龙弩炮用金属",True,0,1,118080,780,"LeveRewardItem#333","ui/icon/080000/080041.tex","ui/icon/080000/080002.tex","Level#5852425","ui/icon/110000/110089.tex",True,,"music/ffxiv/BGM_Leves.scd"
974,"制作委托：处刑人用大剑","非常遗憾，现今堕入异端者道路的人并不在少数。可能正因为这一点，最近处刑用大剑磨损得厉害，很快就要报废了。请不要多言，帮忙制作吧。","异端审问官 盖德莉",6,"锻铁匠","伊修加德",52,0,1,0,"伊修加德基础层","伊修加德基础层","未知钓场",0,False,"锻铁匠","锻铁匠理符任务",0,"伊修加德","ui/icon/080000/080014.tex","制作委托：处刑人用大剑",True,0,1,629850,811,"LeveRewardItem#319","ui/icon/080000/080033.tex","ui/icon/080000/080005.tex","Level#5852425","ui/icon/110000/110089.tex",True,,"music/ffxiv/BGM_Leves.scd"
975,"制作委托：飞空艇成员用短剑","向大冰壁西面和阿巴拉提亚云海运输物资时，飞空艇是必不可少的。请为飞空艇上的乘员制作短剑，那是他们操作艇上索具时必不可少的工具，请务必用心打造。","神殿骑士团财务长 阿米安娜",6,"锻铁匠","伊修加德",52,0,1,0,"伊修加德基础层","伊修加德基础层","未知钓场",0,False,"锻铁匠","锻铁匠理符任务",0,"伊修加德","ui/icon/080000/080014.tex","制作委托：飞空艇成员用短剑",True,0,1,480670,811,"LeveRewardItem#319","ui/icon/080000/080033.tex","ui/icon/080000/080005.tex","Level#5852425","ui/icon/110000/110089.tex",True,,"music/ffxiv/BGM_Leves.scd"
976,"批发委托：前线部队用烹调工具","饿着肚子可上不了战场。请为与前线部队同行的烹调师们制作品质精良的工具。食物的质量与士气直接挂钩，绝不能有半点含糊。","神殿骑士团财务长 阿米安娜",6,"锻铁匠","伊修加德",52,0,1,0,"伊修加德基础层","伊修加德基础层","未知钓场",0,False,"锻铁匠","锻铁匠理符任务",0,"伊修加德","ui/icon/080000/080014.tex","批发委托：前线部队用烹调工具",True,0,1,198900,293,"LeveRewardItem#324","ui/icon/080000/080041.tex","ui/icon/080000/080005.tex","Level#5852425","ui/icon/110000/110089.tex",True,,"music/ffxiv/BGM_Leves.scd"
977,"大规模制作委托：处刑人用大剑","非常遗憾，现今堕入异端者道路的人并不在少数。可能正因为这一点，最近处刑用大剑磨损得厉害，很快就要报废了。请不要多言，帮忙制作吧。","异端审问官 盖德莉",6,"锻铁匠","伊修加德",52,0,10,0,"伊修加德基础层","伊修加德基础层","未知钓场",0,False,"锻铁匠","锻铁匠理符任务",0,"伊修加德","ui/icon/080000/080014.tex","大规模制作委托：处刑人用大剑",True,0,1,3464200,4056,"LeveRewardItem#329","ui/icon/080000/080033.tex","ui/icon/080000/080002.tex","Level#5852425","ui/icon/110000/110089.tex",True,,"music/ffxiv/BGM_Leves.scd"
978,"大规模制作委托：飞空艇成员用短剑","向大冰壁西面和阿巴拉提亚云海运输物资时，飞空艇是必不可少的。请为飞空艇上的乘员制作短剑，那是他们操作艇上索具时必不可少的工具，请务必用心打造。","神殿骑士团财务长 阿米安娜",6,"锻铁匠","伊修加德",52,0,10,0,"伊修加德基础层","伊修加德基础层","未知钓场",0,False,"锻铁匠","锻铁匠理符任务",0,"伊修加德","ui/icon/080000/080014.tex","大规模制作委托：飞空艇成员用短剑",True,0,1,2643720,4056,"LeveRewardItem#329","ui/icon/080000/080033.tex","ui/icon/080000/080002.tex","Level#5852425","ui/icon/110000/110089.tex",True,,"music/ffxiv/BGM_Leves.scd"
979,"大规模批发委托：前线部队用烹调工具","饿着肚子可上不了战场。请为与前线部队同行的烹调师们制作品质精良的工具。食物的质量与士气直接挂钩，绝不能有半点含糊。","神殿骑士团财务长 阿米安娜",6,"锻铁匠","伊修加德",52,0,10,0,"伊修加德基础层","伊修加德基础层","未知钓场",0,False,"锻铁匠","锻铁匠理符任务",0,"伊修加德","ui/icon/080000/080014.tex","大规模批发委托：前线部队用烹调工具",True,0,1,331500,1014,"LeveRewardItem#334","ui/icon/080000/080041.tex","ui/icon/080000/080002.tex","Level#5852425","ui/icon/110000/110089.tex",True,,"music/ffxiv/BGM_Leves.scd"
980,"制作委托：工兵用裁皮刀","我们计划利用战后取得的龙皮制作模型标靶。请为进行切割作业的工兵们制造裁皮刀，因为要切割坚韧的龙皮，刀子必须非常锋利才行。","神殿骑士团财务长 阿米安娜",6,"锻铁匠","伊修加德",54,0,1,0,"伊修加德基础层","伊修加德基础层","未知钓场",0,False,"锻铁匠","锻铁匠理符任务",0,"伊修加德","ui/icon/080000/080014.tex","制作委托：工兵用裁皮刀",True,0,1,473220,936,"LeveRewardItem#320","ui/icon/080000/080033.tex","ui/icon/080000/080005.tex","Level#5852425","ui/icon/110000/110089.tex",True,,"music/ffxiv/BGM_Leves.scd"
981,"制作委托：木工增员用手锯","对龙弩炮的修复进展并不顺利。虽然为了加快进度而增招了木匠，但工具却不够用了。工匠们正在为了皇都辛勤劳动，请为他们制作优质的手锯。","神殿骑士团财务长 阿米安娜",6,"锻铁匠","伊修加德",54,0,1,0,"伊修加德基础层","伊修加德基础层","未知钓场",0,False,"锻铁匠","锻铁匠理符任务",0,"伊修加德","ui/icon/080000/080014.tex","制作委托：木工增员用手锯",True,0,1,473220,936,"LeveRewardItem#320","ui/icon/080000/080033.tex","ui/icon/080000/080005.tex","Level#5852425","ui/icon/110000/110089.tex",True,,"music/ffxiv/BGM_Leves.scd"
982,"批发委托：测评用短火枪","天钢机工房进行了关于启用机工猎兵的申报。我方准备为了确认其实用性而进行调查，但奈何枪械数量不够了。请火速制作一批短火枪。","神殿骑士团指挥官 昂德卢",6,"锻铁匠","伊修加德",54,0,1,0,"伊修加德基础层","伊修加德基础层","未知钓场",0,False,"锻铁匠","锻铁匠理符任务",0,"伊修加德","ui/icon/080000/080014.tex","批发委托：测评用短火枪",True,0,1,477930,315,"LeveRewardItem#325","ui/icon/080000/080041.tex","ui/icon/080000/080005.tex","Level#5852425","ui/icon/110000/110089.tex",True,,"music/ffxiv/BGM_Leves.scd"
983,"大规模制作委托：工兵用裁皮刀","我们计划利用战后取得的龙皮制作模型标靶。请为进行切割作业的工兵们制造裁皮刀，因为要切割坚韧的龙皮，刀子必须非常锋利才行。","神殿骑士团财务长 阿米安娜",6,"锻铁匠","伊修加德",54,0,10,0,"伊修加德基础层","伊修加德基础层","未知钓场",0,False,"锻铁匠","锻铁匠理符任务",0,"伊修加德","ui/icon/080000/080014.tex","大规模制作委托：工兵用裁皮刀",True,0,1,2602720,4680,"LeveRewardItem#330","ui/icon/080000/080033.tex","ui/icon/080000/080002.tex","Level#5852425","ui/icon/110000/110089.tex",True,,"music/ffxiv/BGM_Leves.scd"
984,"大规模制作委托：木工增员用手锯","对龙弩炮的修复进展并不顺利。虽然为了加快进度而增招了木匠，但工具却不够用了。工匠们正在为了皇都辛勤劳动，请为他们制作优质的手锯。","神殿骑士团财务长 阿米安娜",6,"锻铁匠","伊修加德",54,0,10,0,"伊修加德基础层","伊修加德基础层","未知钓场",0,False,"锻铁匠","锻铁匠理符任务",0,"伊修加德","ui/icon/080000/080014.tex","大规模制作委托：木工增员用手锯",True,0,1,2602720,4680,"LeveRewardItem#330","ui/icon/080000/080033.tex","ui/icon/080000/080002.tex","Level#5852425","ui/icon/110000/110089.tex",True,,"music/ffxiv/BGM_Leves.scd"
985,"大规模批发委托：测评用短火枪","天钢机工房进行了关于启用机工猎兵的申报。我方准备为了确认其实用性而进行调查，但奈何枪械数量不够了。请火速制作一批短火枪。","神殿骑士团指挥官 昂德卢",6,"锻铁匠","伊修加德",54,0,10,0,"伊修加德基础层","伊修加德基础层","未知钓场",0,False,"锻铁匠","锻铁匠理符任务",0,"伊修加德","ui/icon/080000/080014.tex","大规模批发委托：测评用短火枪",True,0,1,796560,1092,"LeveRewardItem#335","ui/icon/080000/080041.tex","ui/icon/080000/080002.tex","Level#5852425","ui/icon/110000/110089.tex",True,,"music/ffxiv/BGM_Leves.scd"
986,"制作委托：改造弩炮用的金属","为了增加对龙弩炮射出的铁枪的贯穿力，我方决定在枪尖上覆盖一层白钛进行改良。但皇都的白钛不够，无法为所有铁枪都包上一层。特募集高品质的白钛锭。","神殿骑士团财务长 阿米安娜",6,"锻铁匠","伊修加德",56,0,1,0,"伊修加德基础层","伊修加德基础层","未知钓场",0,False,"锻铁匠","锻铁匠理符任务",0,"伊修加德","ui/icon/080000/080014.tex","制作委托：改造弩炮用的金属",True,0,1,240180,998,"LeveRewardItem#321","ui/icon/080000/080033.tex","ui/icon/080000/080005.tex","Level#5852425","ui/icon/110000/110089.tex",True,,"music/ffxiv/BGM_Leves.scd"
987,"制作委托：劈废材用的战斧","皇都重建工作中，拆除被破坏的建筑物也是很重要的一个环节。普通的手斧无法劈碎冻硬的木材，我们想换成战斧尝试看看能否成功。请打造出战斧交给我们。","神殿骑士团财务长 阿米安娜",6,"锻铁匠","伊修加德",56,0,1,0,"伊修加德基础层","伊修加德基础层","未知钓场",0,False,"锻铁匠","锻铁匠理符任务",0,"伊修加德","ui/icon/080000/080014.tex","制作委托：劈废材用的战斧",True,0,1,731480,1061,"LeveRewardItem#321","ui/icon/080000/080033.tex","ui/icon/080000/080005.tex","Level#5852425","ui/icon/110000/110089.tex",True,,"music/ffxiv/BGM_Leves.scd"
988,"批发委托：专属锻铁匠的工具","神殿骑士团的制式装备基本都是由专属锻铁匠打造的。但战况越演越烈，他们已经没有时间打造自己使用的工具了。本次破例向外部发出订单，请制作一批锻铁工具。","神殿骑士团财务长 阿米安娜",6,"锻铁匠","伊修加德",56,0,1,0,"伊修加德基础层","伊修加德基础层","未知钓场",0,False,"锻铁匠","锻铁匠理符任务",0,"伊修加德","ui/icon/080000/080014.tex","批发委托：专属锻铁匠的工具",True,0,1,320970,383,"LeveRewardItem#326","ui/icon/080000/080041.tex","ui/icon/080000/080005.tex","Level#5852425","ui/icon/110000/110089.tex",True,,"music/ffxiv/BGM_Leves.scd"
989,"大规模制作委托：改造弩炮用的金属","为了增加对龙弩炮射出的铁枪的贯穿力，我方决定在枪尖上覆盖一层白钛进行改良。但皇都的白钛不够，无法为所有铁枪都包上一层。特募集高品质的白钛锭。","神殿骑士团财务长 阿米安娜",6,"锻铁匠","伊修加德",56,0,10,0,"伊修加德基础层","伊修加德基础层","未知钓场",0,False,"锻铁匠","锻铁匠理符任务",0,"伊修加德","ui/icon/080000/080014.tex","大规模制作委托：改造弩炮用的金属",True,0,1,1801390,4992,"LeveRewardItem#331","ui/icon/080000/080033.tex","ui/icon/080000/080002.tex","Level#5852425","ui/icon/110000/110089.tex",True,,"music/ffxiv/BGM_Leves.scd"
990,"大规模制作委托：劈废材用的战斧","皇都重建工作中，拆除被破坏的建筑物也是很重要的一个环节。普通的手斧无法劈碎冻硬的木材，我们想换成战斧尝试看看能否成功。请打造出战斧交给我们。","神殿骑士团财务长 阿米安娜",6,"锻铁匠","伊修加德",56,0,10,0,"伊修加德基础层","伊修加德基础层","未知钓场",0,False,"锻铁匠","锻铁匠理符任务",0,"伊修加德","ui/icon/080000/080014.tex","大规模制作委托：劈废材用的战斧",True,0,1,4023140,5304,"LeveRewardItem#331","ui/icon/080000/080033.tex","ui/icon/080000/080002.tex","Level#5852425","ui/icon/110000/110089.tex",True,,"music/ffxiv/BGM_Leves.scd"
991,"大规模批发委托：专属锻铁匠的工具","神殿骑士团的制式装备基本都是由专属锻铁匠打造的。但战况越演越烈，他们已经没有时间打造自己使用的工具了。本次破例向外部发出订单，请制作一批锻铁工具。","神殿骑士团财务长 阿米安娜",6,"锻铁匠","伊修加德",56,0,10,0,"伊修加德基础层","伊修加德基础层","未知钓场",0,False,"锻铁匠","锻铁匠理符任务",0,"伊修加德","ui/icon/080000/080014.tex","大规模批发委托：专属锻铁匠的工具",True,0,1,534960,1326,"LeveRewardItem#336","ui/icon/080000/080041.tex","ui/icon/080000/080002.tex","Level#5852425","ui/icon/110000/110089.tex",True,,"music/ffxiv/BGM_Leves.scd"
992,"制作委托：箭头用精金钢","想杀死大型龙族，必须要有能够贯通其坚硬鳞片的武器才行。为此我们开启了量产精金钢箭矢的计划。请提供精金块给我们进行制作。","神殿骑士团财务长 阿米安娜",6,"锻铁匠","伊修加德",58,0,1,0,"伊修加德基础层","伊修加德基础层","未知钓场",0,False,"锻铁匠","锻铁匠理符任务",0,"伊修加德","ui/icon/080000/080014.tex","制作委托：箭头用精金钢",True,0,1,235890,1123,"LeveRewardItem#322","ui/icon/080000/080033.tex","ui/icon/080000/080005.tex","Level#5852425","ui/icon/110000/110089.tex",True,,"music/ffxiv/BGM_Leves.scd"
993,"制作委托：碎冰的鹤嘴镐","对龙弩炮必须要每日维护才能一直保持较高水准的运行。除去夜间冻住的冰是其中很重要的一项工作。请为每天早上为弩炮除冰的工兵们制作尖锐的鹤嘴镐。

<UIForeground>F201F4</UIForeground><UIGlow>F201F5</UIGlow>要制作为完成本理符所需的物品，需要习得锻冶秘籍第三卷。<UIGlow>01</UIGlow><UIForeground>01</UIForeground>","神殿骑士团财务长 阿米安娜",6,"锻铁匠","伊修加德",58,0,1,0,"伊修加德基础层","伊修加德基础层","未知钓场",0,False,"锻铁匠","锻铁匠理符任务",0,"伊修加德","ui/icon/080000/080014.tex","制作委托：碎冰的鹤嘴镐",True,0,1,811360,1248,"LeveRewardItem#322","ui/icon/080000/080033.tex","ui/icon/080000/080005.tex","Level#5852425","ui/icon/110000/110089.tex",True,,"music/ffxiv/BGM_Leves.scd"
994,"批发委托：肢解龙的大剑","如果放着杀死的龙族不管，它们的尸体会被冻住变得非常碍事。而解体那些龙尸又是一项重劳动。请制作一批能将巨大的龙躯肢解开来的厚实大剑。","神殿骑士团指挥官 昂德卢",6,"锻铁匠","伊修加德",58,0,1,0,"伊修加德基础层","伊修加德基础层","未知钓场",0,False,"锻铁匠","锻铁匠理符任务",0,"伊修加德","ui/icon/080000/080014.tex","批发委托：肢解龙的大剑",True,0,1,617600,406,"LeveRewardItem#327","ui/icon/080000/080041.tex","ui/icon/080000/080005.tex","Level#5852425","ui/icon/110000/110089.tex",True,,"music/ffxiv/BGM_Leves.scd"
995,"大规模制作委托：箭头用精金钢","想杀死大型龙族，必须要有能够贯通其坚硬鳞片的武器才行。为此我们开启了量产精金钢箭矢的计划。请提供精金块给我们进行制作。","神殿骑士团财务长 阿米安娜",6,"锻铁匠","伊修加德",58,0,10,0,"伊修加德基础层","伊修加德基础层","未知钓场",0,False,"锻铁匠","锻铁匠理符任务",0,"伊修加德","ui/icon/080000/080014.tex","大规模制作委托：箭头用精金钢",True,0,1,1769210,5616,"LeveRewardItem#332","ui/icon/080000/080033.tex","ui/icon/080000/080002.tex","Level#5852425","ui/icon/110000/110089.tex",True,,"music/ffxiv/BGM_Leves.scd"
996,"大规模制作委托：碎冰的鹤嘴镐","对龙弩炮必须要每日维护才能一直保持较高水准的运行。除去夜间冻住的冰是其中很重要的一项工作。请为每天早上为弩炮除冰的工兵们制作尖锐的鹤嘴镐。

<UIForeground>F201F4</UIForeground><UIGlow>F201F5</UIGlow>要制作为完成本理符所需的物品，需要习得锻冶秘籍第三卷。<UIGlow>01</UIGlow><UIForeground>01</UIForeground>","神殿骑士团财务长 阿米安娜",6,"锻铁匠","伊修加德",58,0,10,0,"伊修加德基础层","伊修加德基础层","未知钓场",0,False,"锻铁匠","锻铁匠理符任务",0,"伊修加德","ui/icon/080000/080014.tex","大规模制作委托：碎冰的鹤嘴镐",True,0,1,4462490,6240,"LeveRewardItem#332","ui/icon/080000/080033.tex","ui/icon/080000/080002.tex","Level#5852425","ui/icon/110000/110089.tex",True,,"music/ffxiv/BGM_Leves.scd"
997,"大规模批发委托：肢解龙的大剑","如果放着杀死的龙族不管，它们的尸体会被冻住变得非常碍事。而解体那些龙尸又是一项重劳动。请制作一批能将巨大的龙躯肢解开来的厚实大剑。","神殿骑士团指挥官 昂德卢",6,"锻铁匠","伊修加德",58,0,10,0,"伊修加德基础层","伊修加德基础层","未知钓场",0,False,"锻铁匠","锻铁匠理符任务",0,"伊修加德","ui/icon/080000/080014.tex","大规模批发委托：肢解龙的大剑",True,0,1,1029340,1404,"LeveRewardItem#337","ui/icon/080000/080041.tex","ui/icon/080000/080002.tex","Level#5852425","ui/icon/110000/110089.tex",True,,"music/ffxiv/BGM_Leves.scd"
998,"制作委托：填补空缺用的铠甲","我神殿骑士团中也有一些目光短浅之辈，实是令人扼腕。日前有一名团员偷偷卖掉了装备还债。请为我们制作铠甲填补装备的空缺。","神殿骑士团财务长 阿米安娜",6,"铸甲匠","伊修加德",50,0,1,0,"伊修加德基础层","伊修加德基础层","未知钓场",0,False,"铸甲匠","铸甲匠理符任务",0,"伊修加德","ui/icon/080000/080014.tex","制作委托：填补空缺用的铠甲",True,0,1,211350,624,"LeveRewardItem#338","ui/icon/080000/080033.tex","ui/icon/080000/080005.tex","Level#5852425","ui/icon/110000/110089.tex",True,,"music/ffxiv/BGM_Leves.scd"
999,"制作委托：皇都重建用铆钉","龙族的进攻使伊修加德基础层受到了严重的破坏。虽然现在正以神殿骑士团的工兵队为中心进行修复工作，但建材非常紧缺。希望有人能提供优质的灵银铆钉。","神殿骑士团财务长 阿米安娜",6,"铸甲匠","伊修加德",50,0,1,0,"伊修加德基础层","伊修加德基础层","未知钓场",0,False,"铸甲匠","铸甲匠理符任务",0,"伊修加德","ui/icon/080000/080014.tex","制作委托：皇都重建用铆钉",True,0,1,88620,686,"LeveRewardItem#338","ui/icon/080000/080033.tex","ui/icon/080000/080005.tex","Level#5852425","ui/icon/110000/110089.tex",True,,"music/ffxiv/BGM_Leves.scd"
1000,"批发委托：皇都防卫队的盾","现在神殿骑士团正在重整皇都的防卫体制。其中一条就是要编成一支守护皇都内部的义勇兵部队。特此大批募集分配给义勇兵的盾牌。","神殿骑士团指挥官 昂德卢",6,"铸甲匠","伊修加德",50,0,1,0,"伊修加德基础层","伊修加德基础层","未知钓场",0,False,"铸甲匠","铸甲匠理符任务",0,"伊修加德","ui/icon/080000/080014.tex","批发委托：皇都防卫队的盾",True,0,1,200450,248,"LeveRewardItem#343","ui/icon/080000/080041.tex","ui/icon/080000/080005.tex","Level#5852425","ui/icon/110000/110089.tex",True,,"music/ffxiv/BGM_Leves.scd"
1001,"大规模制作委托：填补空缺用的铠甲","我神殿骑士团中也有一些目光短浅之辈，实是令人扼腕。日前有一名团员偷偷卖掉了装备还债。请为我们制作铠甲填补装备的空缺。","神殿骑士团财务长 阿米安娜",6,"铸甲匠","伊修加德",50,0,10,0,"伊修加德基础层","伊修加德基础层","未知钓场",0,False,"铸甲匠","铸甲匠理符任务",0,"伊修加德","ui/icon/080000/080014.tex","大规模制作委托：填补空缺用的铠甲",True,0,1,1162470,3120,"LeveRewardItem#348","ui/icon/080000/080033.tex","ui/icon/080000/080002.tex","Level#5852425","ui/icon/110000/110089.tex",True,,"music/ffxiv/BGM_Leves.scd"
1002,"大规模制作委托：皇都重建用铆钉","龙族的进攻使伊修加德基础层受到了严重的破坏。虽然现在正以神殿骑士团的工兵队为中心进行修复工作，但建材非常紧缺。希望有人能提供优质的灵银铆钉。","神殿骑士团财务长 阿米安娜",6,"铸甲匠","伊修加德",50,0,10,0,"伊修加德基础层","伊修加德基础层","未知钓场",0,False,"铸甲匠","铸甲匠理符任务",0,"伊修加德","ui/icon/080000/080014.tex","大规模制作委托：皇都重建用铆钉",True,0,1,664710,3432,"LeveRewardItem#348","ui/icon/080000/080033.tex","ui/icon/080000/080002.tex","Level#5852425","ui/icon/110000/110089.tex",True,,"music/ffxiv/BGM_Leves.scd"
1003,"大规模批发委托：皇都防卫队的盾","现在神殿骑士团正在重整皇都的防卫体制。其中一条就是要编成一支守护皇都内部的义勇兵部队。特此大批募集分配给义勇兵的盾牌。","神殿骑士团指挥官 昂德卢",6,"铸甲匠","伊修加德",50,0,10,0,"伊修加德基础层","伊修加德基础层","未知钓场",0,False,"铸甲匠","铸甲匠理符任务",0,"伊修加德","ui/icon/080000/080014.tex","大规模批发委托：皇都防卫队的盾",True,0,1,334080,858,"LeveRewardItem#353","ui/icon/080000/080041.tex","ui/icon/080000/080002.tex","Level#5852425","ui/icon/110000/110089.tex",True,,"music/ffxiv/BGM_Leves.scd"
1004,"制作委托：模拟战用的盾","这次特别训练中模拟战时学员们都过于拼命导致很多训练用盾牌报废了。士气高是一件好事，但坏掉的盾牌已经不能承受接下来的训练了。请为我们制作盾牌。","神殿骑士团指挥官 昂德卢",6,"铸甲匠","伊修加德",52,0,1,0,"伊修加德基础层","伊修加德基础层","未知钓场",0,False,"铸甲匠","铸甲匠理符任务",0,"伊修加德","ui/icon/080000/080014.tex","制作委托：模拟战用的盾",True,0,1,555260,811,"LeveRewardItem#339","ui/icon/080000/080033.tex","ui/icon/080000/080005.tex","Level#5852425","ui/icon/110000/110089.tex",True,,"music/ffxiv/BGM_Leves.scd"
1005,"制作委托：医院用炼金工具","从战斗中的负伤者到病倒的皇都市民，神殿骑士团的医院会为各种患者提供治疗。虽然目前在计划增产治疗用炼金药，但我们手头的工具并不充足。请为我们制造高精度蒸馏器。","神殿骑士团医院院长 亚伯",6,"铸甲匠","伊修加德",52,0,1,0,"伊修加德基础层","伊修加德基础层","未知钓场",0,False,"铸甲匠","铸甲匠理符任务",0,"伊修加德","ui/icon/080000/080014.tex","制作委托：医院用炼金工具",True,0,1,331500,749,"LeveRewardItem#339","ui/icon/080000/080033.tex","ui/icon/080000/080005.tex","Level#5852425","ui/icon/110000/110089.tex",True,,"music/ffxiv/BGM_Leves.scd"
1006,"批发委托：前线部队用煎锅","饿着肚子可上不了战场。请为与前线部队同行的烹调师们制作品质精良的煎锅。食物的质量与士气直接挂钩，绝不能有半点含糊。","神殿骑士团财务长 阿米安娜",6,"铸甲匠","伊修加德",52,0,1,0,"伊修加德基础层","伊修加德基础层","未知钓场",0,False,"铸甲匠","铸甲匠理符任务",0,"伊修加德","ui/icon/080000/080014.tex","批发委托：前线部队用煎锅",True,0,1,243650,270,"LeveRewardItem#344","ui/icon/080000/080041.tex","ui/icon/080000/080005.tex","Level#5852425","ui/icon/110000/110089.tex",True,,"music/ffxiv/BGM_Leves.scd"
1007,"大规模制作委托：模拟战用的盾","这次特别训练中模拟战时学员们都过于拼命导致很多训练用盾牌报废了。士气高是一件好事，但坏掉的盾牌已经不能承受接下来的训练了。请为我们制作盾牌。","神殿骑士团指挥官 昂德卢",6,"铸甲匠","伊修加德",52,0,10,0,"伊修加德基础层","伊修加德基础层","未知钓场",0,False,"铸甲匠","铸甲匠理符任务",0,"伊修加德","ui/icon/080000/080014.tex","大规模制作委托：模拟战用的盾",True,0,1,3053960,4056,"LeveRewardItem#349","ui/icon/080000/080033.tex","ui/icon/080000/080002.tex","Level#5852425","ui/icon/110000/110089.tex",True,,"music/ffxiv/BGM_Leves.scd"
1008,"大规模制作委托：医院用炼金工具","从战斗中的负伤者到病倒的皇都市民，神殿骑士团的医院会为各种患者提供治疗。虽然目前在计划增产治疗用炼金药，但我们手头的工具并不充足。请为我们制造高精度蒸馏器。","神殿骑士团医院院长 亚伯",6,"铸甲匠","伊修加德",52,0,10,0,"伊修加德基础层","伊修加德基础层","未知钓场",0,False,"铸甲匠","铸甲匠理符任务",0,"伊修加德","ui/icon/080000/080014.tex","大规模制作委托：医院用炼金工具",True,0,1,1823250,3744,"LeveRewardItem#349","ui/icon/080000/080033.tex","ui/icon/080000/080002.tex","Level#5852425","ui/icon/110000/110089.tex",True,,"music/ffxiv/BGM_Leves.scd"
1009,"大规模批发委托：前线部队用煎锅","饿着肚子可上不了战场。请为与前线部队同行的烹调师们制作品质精良的煎锅。食物的质量与士气直接挂钩，绝不能有半点含糊。","神殿骑士团财务长 阿米安娜",6,"铸甲匠","伊修加德",52,0,10,0,"伊修加德基础层","伊修加德基础层","未知钓场",0,False,"铸甲匠","铸甲匠理符任务",0,"伊修加德","ui/icon/080000/080014.tex","大规模批发委托：前线部队用煎锅",True,0,1,406080,936,"LeveRewardItem#354","ui/icon/080000/080041.tex","ui/icon/080000/080002.tex","Level#5852425","ui/icon/110000/110089.tex",True,,"music/ffxiv/BGM_Leves.scd"
1010,"制作委托：高精度齿轮用金属","现想要加快对龙弩炮的运作速度以便对付高速飞行的飞龙。为此，专属锻铁匠们在制作高精度齿轮，但作为材料白钛不够了。请为我们提供白钛块。","神殿骑士团财务长 阿米安娜",6,"铸甲匠","伊修加德",54,0,1,0,"伊修加德基础层","伊修加德基础层","未知钓场",0,False,"铸甲匠","铸甲匠理符任务",0,"伊修加德","ui/icon/080000/080014.tex","制作委托：高精度齿轮用金属",True,0,1,212460,874,"LeveRewardItem#340","ui/icon/080000/080033.tex","ui/icon/080000/080005.tex","Level#5852425","ui/icon/110000/110089.tex",True,,"music/ffxiv/BGM_Leves.scd"
1011,"制作委托：龙骑士候补的金属盔","神殿骑士团会从团中选出一些有潜力的年轻人进行龙骑士候补的特别训练。请帮忙制作一批能够承受住这艰苦训练的金属盔。大部分候补生都会在这次训练中被淘汰掉。","神殿骑士团龙骑士 布吕斯蒙",6,"铸甲匠","伊修加德",54,0,1,0,"伊修加德基础层","伊修加德基础层","未知钓场",0,False,"铸甲匠","铸甲匠理符任务",0,"伊修加德","ui/icon/080000/080014.tex","制作委托：龙骑士候补的金属盔",True,0,1,473220,874,"LeveRewardItem#340","ui/icon/080000/080033.tex","ui/icon/080000/080005.tex","Level#5852425","ui/icon/110000/110089.tex",True,,"music/ffxiv/BGM_Leves.scd"
1012,"批发委托：赠与胜者的甲胄","请为教皇厅定期举办的模拟战制作一批甲胄。四大名门的骑兵团将会在模拟战中激烈竞争，而这批甲胄则将会作为奖品赠与优胜的骑兵团。请务必将其打造得美轮美奂令见到的人都赞不绝口。","神殿骑士团指挥官 昂德卢",6,"铸甲匠","伊修加德",54,0,1,0,"伊修加德基础层","伊修加德基础层","未知钓场",0,False,"铸甲匠","铸甲匠理符任务",0,"伊修加德","ui/icon/080000/080014.tex","批发委托：赠与胜者的甲胄",True,0,1,336080,338,"LeveRewardItem#345","ui/icon/080000/080041.tex","ui/icon/080000/080005.tex","Level#5852425","ui/icon/110000/110089.tex",True,,"music/ffxiv/BGM_Leves.scd"
1013,"大规模制作委托：高精度齿轮用金属","现想要加快对龙弩炮的运作速度以便对付高速飞行的飞龙。为此，专属锻铁匠们在制作高精度齿轮，但作为材料白钛不够了。请为我们提供白钛块。","神殿骑士团财务长 阿米安娜",6,"铸甲匠","伊修加德",54,0,10,0,"伊修加德基础层","伊修加德基础层","未知钓场",0,False,"铸甲匠","铸甲匠理符任务",0,"伊修加德","ui/icon/080000/080014.tex","大规模制作委托：高精度齿轮用金属",True,0,1,1593490,4368,"LeveRewardItem#350","ui/icon/080000/080033.tex","ui/icon/080000/080002.tex","Level#5852425","ui/icon/110000/110089.tex",True,,"music/ffxiv/BGM_Leves.scd"
1014,"大规模制作委托：龙骑士候补的金属盔","神殿骑士团会从团中选出一些有潜力的年轻人进行龙骑士候补的特别训练。请帮忙制作一批能够承受住这艰苦训练的金属盔。大部分候补生都会在这次训练中被淘汰掉。","神殿骑士团龙骑士 布吕斯蒙",6,"铸甲匠","伊修加德",54,0,10,0,"伊修加德基础层","伊修加德基础层","未知钓场",0,False,"铸甲匠","铸甲匠理符任务",0,"伊修加德","ui/icon/080000/080014.tex","大规模制作委托：龙骑士候补的金属盔",True,0,1,2602720,4368,"LeveRewardItem#350","ui/icon/080000/080033.tex","ui/icon/080000/080002.tex","Level#5852425","ui/icon/110000/110089.tex",True,,"music/ffxiv/BGM_Leves.scd"
1015,"大规模批发委托：赠与胜者的甲胄","请为教皇厅定期举办的模拟战制作一批甲胄。四大名门的骑兵团将会在模拟战中激烈竞争，而这批甲胄则将会作为奖品赠与优胜的骑兵团。请务必将其打造得美轮美奂令见到的人都赞不绝口。","神殿骑士团指挥官 昂德卢",6,"铸甲匠","伊修加德",54,0,10,0,"伊修加德基础层","伊修加德基础层","未知钓场",0,False,"铸甲匠","铸甲匠理符任务",0,"伊修加德","ui/icon/080000/080014.tex","大规模批发委托：赠与胜者的甲胄",True,0,1,560140,1170,"LeveRewardItem#355","ui/icon/080000/080041.tex","ui/icon/080000/080002.tex","Level#5852425","ui/icon/110000/110089.tex",True,,"music/ffxiv/BGM_Leves.scd"
1016,"制作委托：表彰用的圆盾","某个侍奉艾因哈特家骑士的少年从者为了保护自己的主人而光荣负伤了。神殿骑士团听到这段佳话决定赠送一件慰问品。请为这位未来的骑士制作一面印证他守卫者身份的圆盾。","神殿骑士团指挥官 昂德卢",6,"铸甲匠","伊修加德",56,0,1,0,"伊修加德基础层","伊修加德基础层","未知钓场",0,False,"铸甲匠","铸甲匠理符任务",0,"伊修加德","ui/icon/080000/080014.tex","制作委托：表彰用的圆盾",True,0,1,436700,998,"LeveRewardItem#341","ui/icon/080000/080033.tex","ui/icon/080000/080005.tex","Level#5852425","ui/icon/110000/110089.tex",True,,"music/ffxiv/BGM_Leves.scd"
1017,"制作委托：异端审问官的要求","我们异端审问官经常会进行一些潜入搜查。为此我想要贼人们比较常用的那种头甲，但神殿骑士团的铸甲匠并不会制作。请按照我要求的形状打造一个面甲。","异端审问官 盖德莉",6,"铸甲匠","伊修加德",56,0,1,0,"伊修加德基础层","伊修加德基础层","未知钓场",0,False,"铸甲匠","铸甲匠理符任务",0,"伊修加德","ui/icon/080000/080014.tex","制作委托：异端审问官的要求",True,0,1,534960,998,"LeveRewardItem#341","ui/icon/080000/080033.tex","ui/icon/080000/080005.tex","Level#5852425","ui/icon/110000/110089.tex",True,,"music/ffxiv/BGM_Leves.scd"
1018,"批发委托：义勇兵用笼手","由伊修加德市民组成的义勇兵部队正在火热组建中。现特募集一批配给到新设前卫部队的笼手，请手艺高超的铸甲匠予以协助。","神殿骑士团指挥官 昂德卢",6,"铸甲匠","伊修加德",56,0,1,0,"伊修加德基础层","伊修加德基础层","未知钓场",0,False,"铸甲匠","铸甲匠理符任务",0,"伊修加德","ui/icon/080000/080014.tex","批发委托：义勇兵用笼手",True,0,1,320970,361,"LeveRewardItem#346","ui/icon/080000/080041.tex","ui/icon/080000/080005.tex","Level#5852425","ui/icon/110000/110089.tex",True,,"music/ffxiv/BGM_Leves.scd"
1019,"大规模制作委托：表彰用的圆盾","某个侍奉艾因哈特家骑士的少年从者为了保护自己的主人而光荣负伤了。神殿骑士团听到这段佳话决定赠送一件慰问品。请为这位未来的骑士制作一面印证他守卫者身份的圆盾。","神殿骑士团指挥官 昂德卢",6,"铸甲匠","伊修加德",56,0,10,0,"伊修加德基础层","伊修加德基础层","未知钓场",0,False,"铸甲匠","铸甲匠理符任务",0,"伊修加德","ui/icon/080000/080014.tex","大规模制作委托：表彰用的圆盾",True,0,1,2401870,4992,"LeveRewardItem#351","ui/icon/080000/080033.tex","ui/icon/080000/080002.tex","Level#5852425","ui/icon/110000/110089.tex",True,,"music/ffxiv/BGM_Leves.scd"
1020,"大规模制作委托：异端审问官的要求","我们异端审问官经常会进行一些潜入搜查。为此我想要贼人们比较常用的那种头甲，但神殿骑士团的铸甲匠并不会制作。请按照我要求的形状打造一个面甲。","异端审问官 盖德莉",6,"铸甲匠","伊修加德",56,0,10,0,"伊修加德基础层","伊修加德基础层","未知钓场",0,False,"铸甲匠","铸甲匠理符任务",0,"伊修加德","ui/icon/080000/080014.tex","大规模制作委托：异端审问官的要求",True,0,1,2942290,4992,"LeveRewardItem#351","ui/icon/080000/080033.tex","ui/icon/080000/080002.tex","Level#5852425","ui/icon/110000/110089.tex",True,,"music/ffxiv/BGM_Leves.scd"
1021,"大规模批发委托：义勇兵用笼手","由伊修加德市民组成的义勇兵部队正在火热组建中。现特募集一批配给到新设前卫部队的笼手，请手艺高超的铸甲匠予以协助。","神殿骑士团指挥官 昂德卢",6,"铸甲匠","伊修加德",56,0,10,0,"伊修加德基础层","伊修加德基础层","未知钓场",0,False,"铸甲匠","铸甲匠理符任务",0,"伊修加德","ui/icon/080000/080014.tex","大规模批发委托：义勇兵用笼手",True,0,1,534960,1248,"LeveRewardItem#356","ui/icon/080000/080041.tex","ui/icon/080000/080002.tex","Level#5852425","ui/icon/110000/110089.tex",True,,"music/ffxiv/BGM_Leves.scd"
1022,"制作委托：表彰勇士的锁甲裤","我神殿骑士团决定向为夺回石卫塔做出了杰出贡献的狄兰达尔家骑兵团赠送支援物资作为奖励。请为斩杀了无数龙族眷属的重骑兵制作坚固的锁甲裤。","神殿骑士团指挥官 昂德卢",6,"铸甲匠","伊修加德",58,0,1,0,"伊修加德基础层","伊修加德基础层","未知钓场",0,False,"铸甲匠","铸甲匠理符任务",0,"伊修加德","ui/icon/080000/080014.tex","制作委托：表彰勇士的锁甲裤",True,0,1,811360,1186,"LeveRewardItem#342","ui/icon/080000/080033.tex","ui/icon/080000/080005.tex","Level#5852425","ui/icon/110000/110089.tex",True,,"music/ffxiv/BGM_Leves.scd"
1023,"制作委托：龙骑士候补的战靴","选拔龙骑士的训练终于接近尾声了。我们想请人为最后的模拟战训练制作战靴。请用心制作，因为它将会见证新龙骑士的诞生。

<UIForeground>F201F4</UIForeground><UIGlow>F201F5</UIGlow>要制作为完成本理符所需的物品，需要习得甲胄秘籍第三卷。<UIGlow>01</UIGlow><UIForeground>01</UIForeground>","神殿骑士团龙骑士 布吕斯蒙",6,"铸甲匠","伊修加德",58,0,1,0,"伊修加德基础层","伊修加德基础层","未知钓场",0,False,"铸甲匠","铸甲匠理符任务",0,"伊修加德","ui/icon/080000/080014.tex","制作委托：龙骑士候补的战靴",True,0,1,593380,1248,"LeveRewardItem#342","ui/icon/080000/080033.tex","ui/icon/080000/080005.tex","Level#5852425","ui/icon/110000/110089.tex",True,,"music/ffxiv/BGM_Leves.scd"
1024,"批发委托：捍卫者号的铆钉","现正在为接连发生故障的新造飞空艇捍卫者号筹集部件进行改装。趁此机会我们也打算同时购入一批精金钢铆钉，请熟练的铸甲匠务必帮忙。","神殿骑士团财务长 阿米安娜",6,"铸甲匠","伊修加德",58,0,1,0,"伊修加德基础层","伊修加德基础层","未知钓场",0,False,"铸甲匠","铸甲匠理符任务",0,"伊修加德","ui/icon/080000/080014.tex","批发委托：捍卫者号的铆钉",True,0,1,94450,406,"LeveRewardItem#347","ui/icon/080000/080041.tex","ui/icon/080000/080005.tex","Level#5852425","ui/icon/110000/110089.tex",True,,"music/ffxiv/BGM_Leves.scd"
1025,"大规模制作委托：表彰勇士的锁甲裤","我神殿骑士团决定向为夺回石卫塔做出了杰出贡献的狄兰达尔家骑兵团赠送支援物资作为奖励。请为斩杀了无数龙族眷属的重骑兵制作坚固的锁甲裤。","神殿骑士团指挥官 昂德卢",6,"铸甲匠","伊修加德",58,0,10,0,"伊修加德基础层","伊修加德基础层","未知钓场",0,False,"铸甲匠","铸甲匠理符任务",0,"伊修加德","ui/icon/080000/080014.tex","大规模制作委托：表彰勇士的锁甲裤",True,0,1,4462490,5928,"LeveRewardItem#352","ui/icon/080000/080033.tex","ui/icon/080000/080002.tex","Level#5852425","ui/icon/110000/110089.tex",True,,"music/ffxiv/BGM_Leves.scd"
1026,"大规模制作委托：龙骑士候补的战靴","选拔龙骑士的训练终于接近尾声了。我们想请人为最后的模拟战训练制作战靴。请用心制作，因为它将会见证新龙骑士的诞生。

<UIForeground>F201F4</UIForeground><UIGlow>F201F5</UIGlow>要制作为完成本理符所需的物品，需要习得甲胄秘籍第三卷。<UIGlow>01</UIGlow><UIForeground>01</UIForeground>","神殿骑士团龙骑士 布吕斯蒙",6,"铸甲匠","伊修加德",58,0,10,0,"伊修加德基础层","伊修加德基础层","未知钓场",0,False,"铸甲匠","铸甲匠理符任务",0,"伊修加德","ui/icon/080000/080014.tex","大规模制作委托：龙骑士候补的战靴",True,0,1,3263600,6240,"LeveRewardItem#352","ui/icon/080000/080033.tex","ui/icon/080000/080002.tex","Level#5852425","ui/icon/110000/110089.tex",True,,"music/ffxiv/BGM_Leves.scd"
1027,"大规模批发委托：捍卫者号的铆钉","现正在为接连发生故障的新造飞空艇捍卫者号筹集部件进行改装。趁此机会我们也打算同时购入一批精金钢铆钉，请熟练的铸甲匠务必帮忙。","神殿骑士团财务长 阿米安娜",6,"铸甲匠","伊修加德",58,0,10,0,"伊修加德基础层","伊修加德基础层","未知钓场",0,False,"铸甲匠","铸甲匠理符任务",0,"伊修加德","ui/icon/080000/080014.tex","大规模批发委托：捍卫者号的铆钉",True,0,1,157420,1404,"LeveRewardItem#357","ui/icon/080000/080041.tex","ui/icon/080000/080002.tex","Level#5852425","ui/icon/110000/110089.tex",True,,"music/ffxiv/BGM_Leves.scd"
1028,"制作委托：对立功少女的奖励","通过一名云雾街出身的少女提供的情报，我们顺利抓住了异端者。为了感谢少女的这一行为，我们想送她一些香甜可口的点心。请求制作精巧点心的烹调师协助。","神殿骑士团指挥官 昂德卢",6,"烹调师","伊修加德",50,0,1,0,"伊修加德基础层","伊修加德基础层","未知钓场",0,False,"烹调师","烹调师理符任务",0,"伊修加德","ui/icon/080000/080014.tex","制作委托：对立功少女的奖励",True,0,1,275170,686,"LeveRewardItem#438","ui/icon/080000/080033.tex","ui/icon/080000/080005.tex","Level#5852425","ui/icon/110000/110089.tex",True,,"music/ffxiv/BGM_Leves.scd"
1029,"制作委托：犒劳返乡将士的菜肴","我们想用热腾腾的菜肴迎接结束了严酷的前线任务后回归皇都的骑士们。最好是有很多肉的能解除疲劳的菜肴。请求手艺高超的烹调师协助。","神殿骑士团财务长 阿米安娜",6,"烹调师","伊修加德",50,0,1,0,"伊修加德基础层","伊修加德基础层","未知钓场",0,False,"烹调师","烹调师理符任务",0,"伊修加德","ui/icon/080000/080014.tex","制作委托：犒劳返乡将士的菜肴",True,0,1,343900,749,"LeveRewardItem#438","ui/icon/080000/080033.tex","ui/icon/080000/080005.tex","Level#5852425","ui/icon/110000/110089.tex",True,,"music/ffxiv/BGM_Leves.scd"
1030,"批发委托：感染人心的汤","为了让贫民不会因为贫穷而堕上异端者的道路，总骑士长决定施行救济贫民运动。请帮忙制作一批感染人心的汤，我们要在云雾街进行布施。","神殿骑士团财务长 阿米安娜",6,"烹调师","伊修加德",50,0,1,0,"伊修加德基础层","伊修加德基础层","未知钓场",0,False,"烹调师","烹调师理符任务",0,"伊修加德","ui/icon/080000/080014.tex","批发委托：感染人心的汤",True,0,1,145960,270,"LeveRewardItem#443","ui/icon/080000/080041.tex","ui/icon/080000/080005.tex","Level#5852425","ui/icon/110000/110089.tex",True,,"music/ffxiv/BGM_Leves.scd"
1031,"大规模制作委托：对立功少女的奖励","通过一名云雾街出身的少女提供的情报，我们顺利抓住了异端者。为了感谢少女的这一行为，我们想送她一些香甜可口的点心。请求制作精巧点心的烹调师协助。","神殿骑士团指挥官 昂德卢",6,"烹调师","伊修加德",50,0,10,0,"伊修加德基础层","伊修加德基础层","未知钓场",0,False,"烹调师","烹调师理符任务",0,"伊修加德","ui/icon/080000/080014.tex","大规模制作委托：对立功少女的奖励",True,0,1,1513480,3432,"LeveRewardItem#448","ui/icon/080000/080033.tex","ui/icon/080000/080002.tex","Level#5852425","ui/icon/110000/110089.tex",True,,"music/ffxiv/BGM_Leves.scd"
1032,"大规模制作委托：犒劳返乡将士的菜肴","我们想用热腾腾的菜肴迎接结束了严酷的前线任务后回归皇都的骑士们。最好是有很多肉的能解除疲劳的菜肴。请求手艺高超的烹调师协助。","神殿骑士团财务长 阿米安娜",6,"烹调师","伊修加德",50,0,10,0,"伊修加德基础层","伊修加德基础层","未知钓场",0,False,"烹调师","烹调师理符任务",0,"伊修加德","ui/icon/080000/080014.tex","大规模制作委托：犒劳返乡将士的菜肴",True,0,1,1891490,3744,"LeveRewardItem#448","ui/icon/080000/080033.tex","ui/icon/080000/080002.tex","Level#5852425","ui/icon/110000/110089.tex",True,,"music/ffxiv/BGM_Leves.scd"
1033,"大规模批发委托：感染人心的汤","为了让贫民不会因为贫穷而堕上异端者的道路，总骑士长决定施行救济贫民运动。请帮忙制作一批感染人心的汤，我们要在云雾街进行布施。","神殿骑士团财务长 阿米安娜",6,"烹调师","伊修加德",50,0,10,0,"伊修加德基础层","伊修加德基础层","未知钓场",0,False,"烹调师","烹调师理符任务",0,"伊修加德","ui/icon/080000/080014.tex","大规模批发委托：感染人心的汤",True,0,1,243260,936,"LeveRewardItem#453","ui/icon/080000/080041.tex","ui/icon/080000/080002.tex","Level#5852425","ui/icon/110000/110089.tex",True,,"music/ffxiv/BGM_Leves.scd"
1034,"制作委托：送往前线的黄油","在娱乐活动匮乏的偏僻土地上，维持士气是很难的一件事情。我们希望能为士兵们送去一些美味的黄油。请求能够制作令人回味无穷的黄油的烹调师协助。","神殿骑士团财务长 阿米安娜",6,"烹调师","伊修加德",52,0,1,0,"伊修加德基础层","伊修加德基础层","未知钓场",0,False,"烹调师","烹调师理符任务",0,"伊修加德","ui/icon/080000/080014.tex","制作委托：送往前线的黄油",True,0,1,310610,811,"LeveRewardItem#439","ui/icon/080000/080033.tex","ui/icon/080000/080005.tex","Level#5852425","ui/icon/110000/110089.tex",True,,"music/ffxiv/BGM_Leves.scd"
1035,"制作委托：夜勤士兵的早餐","在气候寒冷化的今日，皇都夜间的警戒工作也并不是一件轻松活计。我们希望为清晨结束工作回归的骑兵们准备早餐面包，帮助他们缓解夜间执勤的疲劳。","神殿骑士团财务长 阿米安娜",6,"烹调师","伊修加德",52,0,1,0,"伊修加德基础层","伊修加德基础层","未知钓场",0,False,"烹调师","烹调师理符任务",0,"伊修加德","ui/icon/080000/080014.tex","制作委托：夜勤士兵的早餐",True,0,1,274810,811,"LeveRewardItem#439","ui/icon/080000/080033.tex","ui/icon/080000/080005.tex","Level#5852425","ui/icon/110000/110089.tex",True,,"music/ffxiv/BGM_Leves.scd"
1036,"批发委托：共同训练后的晚餐","神殿骑士团将会与泽梅尔家的骑兵团举行共同训练。我们想请烹调师帮忙准备训练后畅谈会上的食物。因为参加者人数众多，所以除了味道外，对份量上也有很大需求。请烹调师尽情发挥自己的厨艺。","神殿骑士团指挥官 昂德卢",6,"烹调师","伊修加德",52,0,1,0,"伊修加德基础层","伊修加德基础层","未知钓场",0,False,"烹调师","烹调师理符任务",0,"伊修加德","ui/icon/080000/080014.tex","批发委托：共同训练后的晚餐",True,0,1,213220,315,"LeveRewardItem#444","ui/icon/080000/080041.tex","ui/icon/080000/080005.tex","Level#5852425","ui/icon/110000/110089.tex",True,,"music/ffxiv/BGM_Leves.scd"
1037,"大规模制作委托：送往前线的黄油","在娱乐活动匮乏的偏僻土地上，维持士气是很难的一件事情。我们希望能为士兵们送去一些美味的黄油。请求能够制作令人回味无穷的黄油的烹调师协助。","神殿骑士团财务长 阿米安娜",6,"烹调师","伊修加德",52,0,10,0,"伊修加德基础层","伊修加德基础层","未知钓场",0,False,"烹调师","烹调师理符任务",0,"伊修加德","ui/icon/080000/080014.tex","大规模制作委托：送往前线的黄油",True,0,1,1708380,4056,"LeveRewardItem#449","ui/icon/080000/080033.tex","ui/icon/080000/080002.tex","Level#5852425","ui/icon/110000/110089.tex",True,,"music/ffxiv/BGM_Leves.scd"
1038,"大规模制作委托：夜勤士兵的早餐","在气候寒冷化的今日，皇都夜间的警戒工作也并不是一件轻松活计。我们希望为清晨结束工作回归的骑兵们准备早餐面包，帮助他们缓解夜间执勤的疲劳。","神殿骑士团财务长 阿米安娜",6,"烹调师","伊修加德",52,0,10,0,"伊修加德基础层","伊修加德基础层","未知钓场",0,False,"烹调师","烹调师理符任务",0,"伊修加德","ui/icon/080000/080014.tex","大规模制作委托：夜勤士兵的早餐",True,0,1,1511460,4056,"LeveRewardItem#449","ui/icon/080000/080033.tex","ui/icon/080000/080002.tex","Level#5852425","ui/icon/110000/110089.tex",True,,"music/ffxiv/BGM_Leves.scd"
1039,"大规模批发委托：共同训练后的晚餐","神殿骑士团将会与泽梅尔家的骑兵团举行共同训练。我们想请烹调师帮忙准备训练后畅谈会上的食物。因为参加者人数众多，所以除了味道外，对份量上也有很大需求。请烹调师尽情发挥自己的厨艺。","神殿骑士团指挥官 昂德卢",6,"烹调师","伊修加德",52,0,10,0,"伊修加德基础层","伊修加德基础层","未知钓场",0,False,"烹调师","烹调师理符任务",0,"伊修加德","ui/icon/080000/080014.tex","大规模批发委托：共同训练后的晚餐",True,0,1,355360,1092,"LeveRewardItem#454","ui/icon/080000/080041.tex","ui/icon/080000/080002.tex","Level#5852425","ui/icon/110000/110089.tex",True,,"music/ffxiv/BGM_Leves.scd"
1040,"制作委托：会议用快餐","讨论皇都防御体制的会议经常会延长很久。我们想为无暇进餐的与会干部们准备一些食物，最好是可以单手拿起来放入口中的东西。","神殿骑士团指挥官 昂德卢",6,"烹调师","伊修加德",54,0,1,0,"伊修加德基础层","伊修加德基础层","未知钓场",0,False,"烹调师","烹调师理符任务",0,"伊修加德","ui/icon/080000/080014.tex","制作委托：会议用快餐",True,0,1,316760,1061,"LeveRewardItem#440","ui/icon/080000/080033.tex","ui/icon/080000/080005.tex","Level#5852425","ui/icon/110000/110089.tex",True,,"music/ffxiv/BGM_Leves.scd"
1041,"制作委托：犒劳义勇兵的汤","为了提升皇都的防卫能力，新编成的义勇兵部队正在不断接受着训练。因为军事训练过于严酷，很多人都已经无法跟上节奏。请为大家准备一些热汤温暖肠胃。","神殿骑士团指挥官 昂德卢",6,"烹调师","伊修加德",54,0,1,0,"伊修加德基础层","伊修加德基础层","未知钓场",0,False,"烹调师","烹调师理符任务",0,"伊修加德","ui/icon/080000/080014.tex","制作委托：犒劳义勇兵的汤",True,0,1,459310,998,"LeveRewardItem#440","ui/icon/080000/080033.tex","ui/icon/080000/080005.tex","Level#5852425","ui/icon/110000/110089.tex",True,,"music/ffxiv/BGM_Leves.scd"
1042,"批发委托：为视察团准备的菜肴","我们想为教皇厅定期举办的模拟战准备一些热腾腾的菜肴。但请注意本次并非是为了参赛选手，而是要为前来视察的教皇厅大人物们准备的。","神殿骑士团修道祭司 帕迪尤",6,"烹调师","伊修加德",54,0,1,0,"伊修加德基础层","伊修加德基础层","未知钓场",0,False,"烹调师","烹调师理符任务",0,"伊修加德","ui/icon/080000/080014.tex","批发委托：为视察团准备的菜肴",True,0,1,233860,383,"LeveRewardItem#445","ui/icon/080000/080041.tex","ui/icon/080000/080005.tex","Level#5852425","ui/icon/110000/110089.tex",True,,"music/ffxiv/BGM_Leves.scd"
1043,"大规模制作委托：会议用快餐","讨论皇都防御体制的会议经常会延长很久。我们想为无暇进餐的与会干部们准备一些食物，最好是可以单手拿起来放入口中的东西。","神殿骑士团指挥官 昂德卢",6,"烹调师","伊修加德",54,0,10,0,"伊修加德基础层","伊修加德基础层","未知钓场",0,False,"烹调师","烹调师理符任务",0,"伊修加德","ui/icon/080000/080014.tex","大规模制作委托：会议用快餐",True,0,1,1742220,5304,"LeveRewardItem#450","ui/icon/080000/080033.tex","ui/icon/080000/080002.tex","Level#5852425","ui/icon/110000/110089.tex",True,,"music/ffxiv/BGM_Leves.scd"
1044,"大规模制作委托：犒劳义勇兵的汤","为了提升皇都的防卫能力，新编成的义勇兵部队正在不断接受着训练。因为军事训练过于严酷，很多人都已经无法跟上节奏。请为大家准备一些热汤温暖肠胃。","神殿骑士团指挥官 昂德卢",6,"烹调师","伊修加德",54,0,10,0,"伊修加德基础层","伊修加德基础层","未知钓场",0,False,"烹调师","烹调师理符任务",0,"伊修加德","ui/icon/080000/080014.tex","大规模制作委托：犒劳义勇兵的汤",True,0,1,2526230,4992,"LeveRewardItem#450","ui/icon/080000/080033.tex","ui/icon/080000/080002.tex","Level#5852425","ui/icon/110000/110089.tex",True,,"music/ffxiv/BGM_Leves.scd"
1045,"大规模批发委托：为视察团准备的菜肴","我们想为教皇厅定期举办的模拟战准备一些热腾腾的菜肴。但请注意本次并非是为了参赛选手，而是要为前来视察的教皇厅大人物们准备的。","神殿骑士团修道祭司 帕迪尤",6,"烹调师","伊修加德",54,0,10,0,"伊修加德基础层","伊修加德基础层","未知钓场",0,False,"烹调师","烹调师理符任务",0,"伊修加德","ui/icon/080000/080014.tex","大规模批发委托：为视察团准备的菜肴",True,0,1,389780,1326,"LeveRewardItem#455","ui/icon/080000/080041.tex","ui/icon/080000/080002.tex","Level#5852425","ui/icon/110000/110089.tex",True,,"music/ffxiv/BGM_Leves.scd"
1046,"制作委托：调味的酱汁","某位骑士在与异端者的战斗中立了功，同一部队的战友们想要为他做菜庆贺。但由于对厨艺没什么信心，所以调味时最关键的酱汁他们想要请专业人士帮忙制作。","神殿骑士团指挥官 昂德卢",6,"烹调师","伊修加德",56,0,1,0,"伊修加德基础层","伊修加德基础层","未知钓场",0,False,"烹调师","烹调师理符任务",0,"伊修加德","ui/icon/080000/080014.tex","制作委托：调味的酱汁",True,0,1,291280,936,"LeveRewardItem#441","ui/icon/080000/080033.tex","ui/icon/080000/080005.tex","Level#5852425","ui/icon/110000/110089.tex",True,,"music/ffxiv/BGM_Leves.scd"
1047,"制作委托：面向伤兵的饮料","我们想为了正在接受治疗的骑士们烹制专门的病号饭。请为无法正常消化食物的他们调配营养丰富的果汁饮料，帮助他们早日康复。","神殿骑士团医院院长 亚伯",6,"烹调师","伊修加德",56,0,1,0,"伊修加德基础层","伊修加德基础层","未知钓场",0,False,"烹调师","烹调师理符任务",0,"伊修加德","ui/icon/080000/080014.tex","制作委托：面向伤兵的饮料",True,0,1,409190,1123,"LeveRewardItem#441","ui/icon/080000/080033.tex","ui/icon/080000/080005.tex","Level#5852425","ui/icon/110000/110089.tex",True,,"music/ffxiv/BGM_Leves.scd"
1048,"批发委托：晚餐会的鱼","教皇厅的高位圣职者将会和神殿骑士团的干部举行晚餐会交流一些意见。我们想请人烹制晚餐会上的鱼，请务必做出令吃过很多美食的高位圣职者也赞不绝口的鱼来。","神殿骑士团财务长 阿米安娜",6,"烹调师","伊修加德",56,0,1,0,"伊修加德基础层","伊修加德基础层","未知钓场",0,False,"烹调师","烹调师理符任务",0,"伊修加德","ui/icon/080000/080014.tex","批发委托：晚餐会的鱼",True,0,1,219570,406,"LeveRewardItem#446","ui/icon/080000/080041.tex","ui/icon/080000/080005.tex","Level#5852425","ui/icon/110000/110089.tex",True,,"music/ffxiv/BGM_Leves.scd"
1049,"大规模制作委托：调味的酱汁","某位骑士在与异端者的战斗中立了功，同一部队的战友们想要为他做菜庆贺。但由于对厨艺没什么信心，所以调味时最关键的酱汁他们想要请专业人士帮忙制作。","神殿骑士团指挥官 昂德卢",6,"烹调师","伊修加德",56,0,10,0,"伊修加德基础层","伊修加德基础层","未知钓场",0,False,"烹调师","烹调师理符任务",0,"伊修加德","ui/icon/080000/080014.tex","大规模制作委托：调味的酱汁",True,0,1,1602040,4680,"LeveRewardItem#451","ui/icon/080000/080033.tex","ui/icon/080000/080002.tex","Level#5852425","ui/icon/110000/110089.tex",True,,"music/ffxiv/BGM_Leves.scd"
1050,"大规模制作委托：面向伤兵的饮料","我们想为了正在接受治疗的骑士们烹制专门的病号饭。请为无法正常消化食物的他们调配营养丰富的果汁饮料，帮助他们早日康复。","神殿骑士团医院院长 亚伯",6,"烹调师","伊修加德",56,0,10,0,"伊修加德基础层","伊修加德基础层","未知钓场",0,False,"烹调师","烹调师理符任务",0,"伊修加德","ui/icon/080000/080014.tex","大规模制作委托：面向伤兵的饮料",True,0,1,2250550,5616,"LeveRewardItem#451","ui/icon/080000/080033.tex","ui/icon/080000/080002.tex","Level#5852425","ui/icon/110000/110089.tex",True,,"music/ffxiv/BGM_Leves.scd"
1051,"大规模批发委托：晚餐会的鱼","教皇厅的高位圣职者将会和神殿骑士团的干部举行晚餐会交流一些意见。我们想请人烹制晚餐会上的鱼，请务必做出令吃过很多美食的高位圣职者也赞不绝口的鱼来。","神殿骑士团财务长 阿米安娜",6,"烹调师","伊修加德",56,0,10,0,"伊修加德基础层","伊修加德基础层","未知钓场",0,False,"烹调师","烹调师理符任务",0,"伊修加德","ui/icon/080000/080014.tex","大规模批发委托：晚餐会的鱼",True,0,1,365950,1404,"LeveRewardItem#456","ui/icon/080000/080041.tex","ui/icon/080000/080002.tex","Level#5852425","ui/icon/110000/110089.tex",True,,"music/ffxiv/BGM_Leves.scd"
1052,"制作委托：总骑士长小小的奢侈","我们的总骑士长阁下不好奢侈，总是和一般士兵们吃同样的食物。如果说唯一一点不同，那就是总骑士长喜欢喝掺了一点桦树糖浆的红茶。请为了这小小的奢侈制作出浓厚的糖浆吧。","神殿骑士团副骑士长 露琪亚",6,"烹调师","伊修加德",58,0,1,0,"伊修加德基础层","伊修加德基础层","未知钓场",0,False,"烹调师","烹调师理符任务",0,"伊修加德","ui/icon/080000/080014.tex","制作委托：总骑士长小小的奢侈",True,0,1,170500,1186,"LeveRewardItem#442","ui/icon/080000/080033.tex","ui/icon/080000/080005.tex","Level#5852425","ui/icon/110000/110089.tex",True,,"music/ffxiv/BGM_Leves.scd"
1053,"制作委托：庆祝出师的菜肴","经过严酷的训练与严格的审查，终于有历经考验的年轻人们得到了龙骑士的称号。我们想请人烹制庆宴上的菜肴，为这些会肩负伊修加德未来的龙骑士们进行庆祝。","神殿骑士团指挥官 昂德卢",6,"烹调师","伊修加德",58,0,1,0,"伊修加德基础层","伊修加德基础层","未知钓场",0,False,"烹调师","烹调师理符任务",0,"伊修加德","ui/icon/080000/080014.tex","制作委托：庆祝出师的菜肴",True,0,1,453870,1248,"LeveRewardItem#442","ui/icon/080000/080033.tex","ui/icon/080000/080005.tex","Level#5852425","ui/icon/110000/110089.tex",True,,"music/ffxiv/BGM_Leves.scd"
1054,"批发委托：给工兵的慰问品","我们想为正在修复对龙弩炮、强化皇都防卫网的工兵们送去一些慰问品。请烹制一些能在工作中简单食用，并且能够恢复力气的美味食物。","神殿骑士团财务长 阿米安娜",6,"烹调师","伊修加德",58,0,1,0,"伊修加德基础层","伊修加德基础层","未知钓场",0,False,"烹调师","烹调师理符任务",0,"伊修加德","ui/icon/080000/080014.tex","批发委托：给工兵的慰问品",True,0,1,212160,428,"LeveRewardItem#447","ui/icon/080000/080041.tex","ui/icon/080000/080005.tex","Level#5852425","ui/icon/110000/110089.tex",True,,"music/ffxiv/BGM_Leves.scd"
1055,"大规模制作委托：总骑士长小小的奢侈","我们的总骑士长阁下不好奢侈，总是和一般士兵们吃同样的食物。如果说唯一一点不同，那就是总骑士长喜欢喝掺了一点桦树糖浆的红茶。请为了这小小的奢侈制作出浓厚的糖浆吧。","神殿骑士团副骑士长 露琪亚",6,"烹调师","伊修加德",58,0,10,0,"伊修加德基础层","伊修加德基础层","未知钓场",0,False,"烹调师","烹调师理符任务",0,"伊修加德","ui/icon/080000/080014.tex","大规模制作委托：总骑士长小小的奢侈",True,0,1,937750,5928,"LeveRewardItem#452","ui/icon/080000/080033.tex","ui/icon/080000/080002.tex","Level#5852425","ui/icon/110000/110089.tex",True,,"music/ffxiv/BGM_Leves.scd"
1056,"大规模制作委托：庆祝出师的菜肴","经过严酷的训练与严格的审查，终于有历经考验的年轻人们得到了龙骑士的称号。我们想请人烹制庆宴上的菜肴，为这些会肩负伊修加德未来的龙骑士们进行庆祝。","神殿骑士团指挥官 昂德卢",6,"烹调师","伊修加德",58,0,10,0,"伊修加德基础层","伊修加德基础层","未知钓场",0,False,"烹调师","烹调师理符任务",0,"伊修加德","ui/icon/080000/080014.tex","大规模制作委托：庆祝出师的菜肴",True,0,1,2496310,6240,"LeveRewardItem#452","ui/icon/080000/080033.tex","ui/icon/080000/080002.tex","Level#5852425","ui/icon/110000/110089.tex",True,,"music/ffxiv/BGM_Leves.scd"
1057,"大规模批发委托：给工兵的慰问品","我们想为正在修复对龙弩炮、强化皇都防卫网的工兵们送去一些慰问品。请烹制一些能在工作中简单食用，并且能够恢复力气的美味食物。","神殿骑士团财务长 阿米安娜",6,"烹调师","伊修加德",58,0,10,0,"伊修加德基础层","伊修加德基础层","未知钓场",0,False,"烹调师","烹调师理符任务",0,"伊修加德","ui/icon/080000/080014.tex","大规模批发委托：给工兵的慰问品",True,0,1,353600,1482,"LeveRewardItem#457","ui/icon/080000/080041.tex","ui/icon/080000/080002.tex","Level#5852425","ui/icon/110000/110089.tex",True,,"music/ffxiv/BGM_Leves.scd"
1058,"制作委托：官方文件用墨水","由于皇都防卫计划的重新定制，从各种许可证、命令书到各种各样的官方文件都在不断发行。墨水的消耗速度与平时不可同日而语。请帮忙制作补充。","神殿骑士团财务长 阿米安娜",6,"炼金术士","伊修加德",50,0,1,0,"伊修加德基础层","伊修加德基础层","未知钓场",0,False,"炼金术士","炼金术士理符任务",0,"伊修加德","ui/icon/080000/080014.tex","制作委托：官方文件用墨水",True,0,1,272720,624,"LeveRewardItem#418","ui/icon/080000/080033.tex","ui/icon/080000/080005.tex","Level#5852425","ui/icon/110000/110089.tex",True,,"music/ffxiv/BGM_Leves.scd"
1059,"制作委托：战术研究用魔导书","异端者势力中有人会召唤驱使魔法生物与一些妖异。为了谋求与之对抗的手段，现已开始认真研究对应的战术。请帮忙制作一部魔导书。","神殿骑士团财务长 阿米安娜",6,"炼金术士","伊修加德",50,0,1,0,"伊修加德基础层","伊修加德基础层","未知钓场",0,False,"炼金术士","炼金术士理符任务",0,"伊修加德","ui/icon/080000/080014.tex","制作委托：战术研究用魔导书",True,0,1,334080,624,"LeveRewardItem#418","ui/icon/080000/080033.tex","ui/icon/080000/080005.tex","Level#5852425","ui/icon/110000/110089.tex",True,,"music/ffxiv/BGM_Leves.scd"
1060,"批发委托：保养维护用黑胶","经确认，保养武器用的一部分消耗性材料的储备已经不足了。尤其是缺少各方面都要用到的黑胶。请务必帮忙制作一批黑胶补充库存。","神殿骑士团财务长 阿米安娜",6,"炼金术士","伊修加德",50,0,1,0,"伊修加德基础层","伊修加德基础层","未知钓场",0,False,"炼金术士","炼金术士理符任务",0,"伊修加德","ui/icon/080000/080014.tex","批发委托：保养维护用黑胶",True,0,1,200450,248,"LeveRewardItem#423","ui/icon/080000/080041.tex","ui/icon/080000/080005.tex","Level#5852425","ui/icon/110000/110089.tex",True,,"music/ffxiv/BGM_Leves.scd"
1061,"大规模制作委托：官方文件用墨水","由于皇都防卫计划的重新定制，从各种许可证、命令书到各种各样的官方文件都在不断发行。墨水的消耗速度与平时不可同日而语。请帮忙制作补充。","神殿骑士团财务长 阿米安娜",6,"炼金术士","伊修加德",50,0,10,0,"伊修加德基础层","伊修加德基础层","未知钓场",0,False,"炼金术士","炼金术士理符任务",0,"伊修加德","ui/icon/080000/080014.tex","大规模制作委托：官方文件用墨水",True,0,1,2045430,3120,"LeveRewardItem#428","ui/icon/080000/080033.tex","ui/icon/080000/080002.tex","Level#5852425","ui/icon/110000/110089.tex",True,,"music/ffxiv/BGM_Leves.scd"
1062,"大规模制作委托：战术研究用魔导书","异端者势力中有人会召唤驱使魔法生物与一些妖异。为了谋求与之对抗的手段，现已开始认真研究对应的战术。请帮忙制作一部魔导书。","神殿骑士团财务长 阿米安娜",6,"炼金术士","伊修加德",50,0,10,0,"伊修加德基础层","伊修加德基础层","未知钓场",0,False,"炼金术士","炼金术士理符任务",0,"伊修加德","ui/icon/080000/080014.tex","大规模制作委托：战术研究用魔导书",True,0,1,1837480,3120,"LeveRewardItem#428","ui/icon/080000/080033.tex","ui/icon/080000/080002.tex","Level#5852425","ui/icon/110000/110089.tex",True,,"music/ffxiv/BGM_Leves.scd"
1063,"大规模批发委托：保养维护用黑胶","经确认，保养武器用的一部分消耗性材料的储备已经不足了。尤其是缺少各方面都要用到的黑胶。请务必帮忙制作一批黑胶补充库存。","神殿骑士团财务长 阿米安娜",6,"炼金术士","伊修加德",50,0,10,0,"伊修加德基础层","伊修加德基础层","未知钓场",0,False,"炼金术士","炼金术士理符任务",0,"伊修加德","ui/icon/080000/080014.tex","大规模批发委托：保养维护用黑胶",True,0,1,334080,858,"LeveRewardItem#433","ui/icon/080000/080041.tex","ui/icon/080000/080002.tex","Level#5852425","ui/icon/110000/110089.tex",True,,"music/ffxiv/BGM_Leves.scd"
1064,"制作委托：异端审问官的魔导书","请为与神殿骑士团保持合作关系的我们异端审问官制作魔导书。我们异端审问官多为优秀的魔法师，制作的魔导书一定要以太传导率高。请求优秀的炼金术士协助。","异端审问官 盖德莉",6,"炼金术士","伊修加德",52,0,1,0,"伊修加德基础层","伊修加德基础层","未知钓场",0,False,"炼金术士","炼金术士理符任务",0,"伊修加德","ui/icon/080000/080014.tex","制作委托：异端审问官的魔导书",True,0,1,331500,749,"LeveRewardItem#419","ui/icon/080000/080033.tex","ui/icon/080000/080005.tex","Level#5852425","ui/icon/110000/110089.tex",True,,"music/ffxiv/BGM_Leves.scd"
1065,"制作委托：意力之炼金溶剂","我们在对施法者用的装备进行调整，但作为材料的炼金药却不够了。请为我们的专属锻铁匠制作效力稳定的意力之炼金溶剂。","神殿骑士团财务长 阿米安娜",6,"炼金术士","伊修加德",52,0,1,0,"伊修加德基础层","伊修加德基础层","未知钓场",0,False,"炼金术士","炼金术士理符任务",0,"伊修加德","ui/icon/080000/080014.tex","制作委托：意力之炼金溶剂",True,0,1,480670,874,"LeveRewardItem#419","ui/icon/080000/080033.tex","ui/icon/080000/080005.tex","Level#5852425","ui/icon/110000/110089.tex",True,,"music/ffxiv/BGM_Leves.scd"
1066,"批发委托：祝圣用圣水","我们为刚得到骑士称号的年轻人们邀请了伊修加德正教的高位圣职者来进行祝圣仪式。请制作一批仪式时使用的圣水。","神殿骑士团修道祭司 帕迪尤",6,"炼金术士","伊修加德",52,0,1,0,"伊修加德基础层","伊修加德基础层","未知钓场",0,False,"炼金术士","炼金术士理符任务",0,"伊修加德","ui/icon/080000/080014.tex","批发委托：祝圣用圣水",True,0,1,154140,270,"LeveRewardItem#424","ui/icon/080000/080041.tex","ui/icon/080000/080005.tex","Level#5852425","ui/icon/110000/110089.tex",True,,"music/ffxiv/BGM_Leves.scd"
1067,"大规模制作委托：异端审问官的魔导书","请为与神殿骑士团保持合作关系的我们异端审问官制作魔导书。我们异端审问官多为优秀的魔法师，制作的魔导书一定要以太传导率高。请求优秀的炼金术士协助。","异端审问官 盖德莉",6,"炼金术士","伊修加德",52,0,10,0,"伊修加德基础层","伊修加德基础层","未知钓场",0,False,"炼金术士","炼金术士理符任务",0,"伊修加德","ui/icon/080000/080014.tex","大规模制作委托：异端审问官的魔导书",True,0,1,1823250,3744,"LeveRewardItem#429","ui/icon/080000/080033.tex","ui/icon/080000/080002.tex","Level#5852425","ui/icon/110000/110089.tex",True,,"music/ffxiv/BGM_Leves.scd"
1068,"大规模制作委托：意力之炼金溶剂","我们在对施法者用的装备进行调整，但作为材料的炼金药却不够了。请为我们的专属锻铁匠制作效力稳定的意力之炼金溶剂。","神殿骑士团财务长 阿米安娜",6,"炼金术士","伊修加德",52,0,10,0,"伊修加德基础层","伊修加德基础层","未知钓场",0,False,"炼金术士","炼金术士理符任务",0,"伊修加德","ui/icon/080000/080014.tex","大规模制作委托：意力之炼金溶剂",True,0,1,2643720,4368,"LeveRewardItem#429","ui/icon/080000/080033.tex","ui/icon/080000/080002.tex","Level#5852425","ui/icon/110000/110089.tex",True,,"music/ffxiv/BGM_Leves.scd"
1069,"大规模批发委托：祝圣用圣水","我们为刚得到骑士称号的年轻人们邀请了伊修加德正教的高位圣职者来进行祝圣仪式。请制作一批仪式时使用的圣水。","神殿骑士团修道祭司 帕迪尤",6,"炼金术士","伊修加德",52,0,10,0,"伊修加德基础层","伊修加德基础层","未知钓场",0,False,"炼金术士","炼金术士理符任务",0,"伊修加德","ui/icon/080000/080014.tex","大规模批发委托：祝圣用圣水",True,0,1,256910,936,"LeveRewardItem#434","ui/icon/080000/080041.tex","ui/icon/080000/080002.tex","Level#5852425","ui/icon/110000/110089.tex",True,,"music/ffxiv/BGM_Leves.scd"
1070,"制作委托：弩炮改造用粘合剂","现想要加快对龙弩炮的运作速度以便对付高速飞行的飞龙，可改良要用到的强力胶不够了。请为我们提供能迅速凝固粘合的翼胶。","神殿骑士团财务长 阿米安娜",6,"炼金术士","伊修加德",54,0,1,0,"伊修加德基础层","伊修加德基础层","未知钓场",0,False,"炼金术士","炼金术士理符任务",0,"伊修加德","ui/icon/080000/080014.tex","制作委托：弩炮改造用粘合剂",True,0,1,647060,936,"LeveRewardItem#420","ui/icon/080000/080033.tex","ui/icon/080000/080005.tex","Level#5852425","ui/icon/110000/110089.tex",True,,"music/ffxiv/BGM_Leves.scd"
1071,"制作委托：魔法师用书","教皇厅内部有一部分魔法生物在负责防卫工作。请为管理这些魔法生物的魔法师们制作精良的魔法书。魔法生物如果失去控制将会引发很严重的后果，请用心制作。","神殿骑士团财务长 阿米安娜",6,"炼金术士","伊修加德",54,0,1,0,"伊修加德基础层","伊修加德基础层","未知钓场",0,False,"炼金术士","炼金术士理符任务",0,"伊修加德","ui/icon/080000/080014.tex","制作委托：魔法师用书",True,0,1,473220,936,"LeveRewardItem#420","ui/icon/080000/080033.tex","ui/icon/080000/080005.tex","Level#5852425","ui/icon/110000/110089.tex",True,,"music/ffxiv/BGM_Leves.scd"
1072,"批发委托：魔法障壁用墨水","魔法障壁圣人达奈芬的首饰的修复工作需要记录复杂的魔纹，那会用掉巨量的附魔墨水。请为我们制作一批添加了硬银的高以太传导率墨水。","神殿骑士团财务长 阿米安娜",6,"炼金术士","伊修加德",54,0,1,0,"伊修加德基础层","伊修加德基础层","未知钓场",0,False,"炼金术士","炼金术士理符任务",0,"伊修加德","ui/icon/080000/080014.tex","批发委托：魔法障壁用墨水",True,0,1,256810,315,"LeveRewardItem#425","ui/icon/080000/080041.tex","ui/icon/080000/080005.tex","Level#5852425","ui/icon/110000/110089.tex",True,,"music/ffxiv/BGM_Leves.scd"
1073,"大规模制作委托：弩炮改造用粘合剂","现想要加快对龙弩炮的运作速度以便对付高速飞行的飞龙，可改良要用到的强力胶不够了。请为我们提供能迅速凝固粘合的翼胶。","神殿骑士团财务长 阿米安娜",6,"炼金术士","伊修加德",54,0,10,0,"伊修加德基础层","伊修加德基础层","未知钓场",0,False,"炼金术士","炼金术士理符任务",0,"伊修加德","ui/icon/080000/080014.tex","大规模制作委托：弩炮改造用粘合剂",True,0,1,4852950,4680,"LeveRewardItem#430","ui/icon/080000/080033.tex","ui/icon/080000/080002.tex","Level#5852425","ui/icon/110000/110089.tex",True,,"music/ffxiv/BGM_Leves.scd"
1074,"大规模制作委托：魔法师用书","教皇厅内部有一部分魔法生物在负责防卫工作。请为管理这些魔法生物的魔法师们制作精良的魔法书。魔法生物如果失去控制将会引发很严重的后果，请用心制作。","神殿骑士团财务长 阿米安娜",6,"炼金术士","伊修加德",54,0,10,0,"伊修加德基础层","伊修加德基础层","未知钓场",0,False,"炼金术士","炼金术士理符任务",0,"伊修加德","ui/icon/080000/080014.tex","大规模制作委托：魔法师用书",True,0,1,2602720,4680,"LeveRewardItem#430","ui/icon/080000/080033.tex","ui/icon/080000/080002.tex","Level#5852425","ui/icon/110000/110089.tex",True,,"music/ffxiv/BGM_Leves.scd"
1075,"大规模批发委托：魔法障壁用墨水","魔法障壁圣人达奈芬的首饰的修复工作需要记录复杂的魔纹，那会用掉巨量的附魔墨水。请为我们制作一批添加了硬银的高以太传导率墨水。","神殿骑士团财务长 阿米安娜",6,"炼金术士","伊修加德",54,0,10,0,"伊修加德基础层","伊修加德基础层","未知钓场",0,False,"炼金术士","炼金术士理符任务",0,"伊修加德","ui/icon/080000/080014.tex","大规模批发委托：魔法障壁用墨水",True,0,1,428020,1092,"LeveRewardItem#435","ui/icon/080000/080041.tex","ui/icon/080000/080002.tex","Level#5852425","ui/icon/110000/110089.tex",True,,"music/ffxiv/BGM_Leves.scd"
1076,"制作委托：冲洗掉魔力侵蚀的祝圣水","在与大型龙族的战斗中负伤了的龙骑士被送到了神殿骑士团的医院。被龙之魔力侵蚀的伤口已经开始化脓，必须用圣洁的祝圣水清洗才可以。为了挽救年轻的生命，请务必协助我们。","神殿骑士团医院院长 亚伯",6,"炼金术士","伊修加德",56,0,1,0,"伊修加德基础层","伊修加德基础层","未知钓场",0,False,"炼金术士","炼金术士理符任务",0,"伊修加德","ui/icon/080000/080014.tex","制作委托：冲洗掉魔力侵蚀的祝圣水",True,0,1,338440,998,"LeveRewardItem#421","ui/icon/080000/080033.tex","ui/icon/080000/080005.tex","Level#5852425","ui/icon/110000/110089.tex",True,,"music/ffxiv/BGM_Leves.scd"
1077,"制作委托：赠与祭司的法杖","一名在与龙族的搏杀中身负重伤的神殿骑士被凑巧路过的祭司使用治疗魔法救了一命。骑士团想要向这名救了同伴性命的祭司表达谢意。请制作一把医师用的法杖。","神殿骑士团修道祭司 帕迪尤",6,"炼金术士","伊修加德",56,0,1,0,"伊修加德基础层","伊修加德基础层","未知钓场",0,False,"炼金术士","炼金术士理符任务",0,"伊修加德","ui/icon/080000/080014.tex","制作委托：赠与祭司的法杖",True,0,1,534960,998,"LeveRewardItem#421","ui/icon/080000/080033.tex","ui/icon/080000/080005.tex","Level#5852425","ui/icon/110000/110089.tex",True,,"music/ffxiv/BGM_Leves.scd"
1078,"批发委托：弓兵用炼金药","为了能让弓兵准确射穿高速飞来的飞龙或龙族眷属，我们想委托炼金术士调制一批炼金药。他们是皇都防卫的体系的关键一环，请制作能最大限度激发出他们潜力的药来。

<UIForeground>F201F4</UIForeground><UIGlow>F201F5</UIGlow>要制作为完成本理符所需的物品，需要习得炼金秘籍第三卷。<UIGlow>01</UIGlow><UIForeground>01</UIForeground>","神殿骑士团指挥官 昂德卢",6,"炼金术士","伊修加德",56,0,1,0,"伊修加德基础层","伊修加德基础层","未知钓场",0,False,"炼金术士","炼金术士理符任务",0,"伊修加德","ui/icon/080000/080014.tex","批发委托：弓兵用炼金药",True,0,1,438880,406,"LeveRewardItem#426","ui/icon/080000/080041.tex","ui/icon/080000/080005.tex","Level#5852425","ui/icon/110000/110089.tex",True,,"music/ffxiv/BGM_Leves.scd"
1079,"大规模制作委托：冲洗掉魔力侵蚀的祝圣水","在与大型龙族的战斗中负伤了的龙骑士被送到了神殿骑士团的医院。被龙之魔力侵蚀的伤口已经开始化脓，必须用圣洁的祝圣水清洗才可以。为了挽救年轻的生命，请务必协助我们。","神殿骑士团医院院长 亚伯",6,"炼金术士","伊修加德",56,0,10,0,"伊修加德基础层","伊修加德基础层","未知钓场",0,False,"炼金术士","炼金术士理符任务",0,"伊修加德","ui/icon/080000/080014.tex","大规模制作委托：冲洗掉魔力侵蚀的祝圣水",True,0,1,1861440,4992,"LeveRewardItem#431","ui/icon/080000/080033.tex","ui/icon/080000/080002.tex","Level#5852425","ui/icon/110000/110089.tex",True,,"music/ffxiv/BGM_Leves.scd"
1080,"大规模制作委托：赠与祭司的法杖","一名在与龙族的搏杀中身负重伤的神殿骑士被凑巧路过的祭司使用治疗魔法救了一命。骑士团想要向这名救了同伴性命的祭司表达谢意。请制作一把医师用的法杖。","神殿骑士团修道祭司 帕迪尤",6,"炼金术士","伊修加德",56,0,10,0,"伊修加德基础层","伊修加德基础层","未知钓场",0,False,"炼金术士","炼金术士理符任务",0,"伊修加德","ui/icon/080000/080014.tex","大规模制作委托：赠与祭司的法杖",True,0,1,2942290,4992,"LeveRewardItem#431","ui/icon/080000/080033.tex","ui/icon/080000/080002.tex","Level#5852425","ui/icon/110000/110089.tex",True,,"music/ffxiv/BGM_Leves.scd"
1081,"大规模批发委托：弓兵用炼金药","为了能让弓兵准确射穿高速飞来的飞龙或龙族眷属，我们想委托炼金术士调制一批炼金药。他们是皇都防卫的体系的关键一环，请制作能最大限度激发出他们潜力的药来。

<UIForeground>F201F4</UIForeground><UIGlow>F201F5</UIGlow>要制作为完成本理符所需的物品，需要习得炼金秘籍第三卷。<UIGlow>01</UIGlow><UIForeground>01</UIForeground>","神殿骑士团指挥官 昂德卢",6,"炼金术士","伊修加德",56,0,10,0,"伊修加德基础层","伊修加德基础层","未知钓场",0,False,"炼金术士","炼金术士理符任务",0,"伊修加德","ui/icon/080000/080014.tex","大规模批发委托：弓兵用炼金药",True,0,1,731480,1404,"LeveRewardItem#436","ui/icon/080000/080041.tex","ui/icon/080000/080002.tex","Level#5852425","ui/icon/110000/110089.tex",True,,"music/ffxiv/BGM_Leves.scd"
1082,"制作委托：记录官用墨水","我们想委托炼金术士制作神殿骑士团记录官用的墨水。为了将关于千年战争的记录正确流传给后人，总骑士长下令一定要用书写后可长久存留的优质墨水。","神殿骑士团财务长 阿米安娜",6,"炼金术士","伊修加德",58,0,1,0,"伊修加德基础层","伊修加德基础层","未知钓场",0,False,"炼金术士","炼金术士理符任务",0,"伊修加德","ui/icon/080000/080014.tex","制作委托：记录官用墨水",True,0,1,536700,1123,"LeveRewardItem#422","ui/icon/080000/080033.tex","ui/icon/080000/080005.tex","Level#5852425","ui/icon/110000/110089.tex",True,,"music/ffxiv/BGM_Leves.scd"
1083,"制作委托：魔法障壁的中枢","魔法障壁圣人达奈芬的首饰的修复工作正在逐步进行。我们想委托炼金术士制作作为圣人达奈芬的首饰魔力中枢的魔导书。这是此魔法障壁相当关键的部分，请用心制作。

<UIForeground>F201F4</UIForeground><UIGlow>F201F5</UIGlow>要制作为完成本理符所需的物品，需要习得炼金秘籍第三卷。<UIGlow>01</UIGlow><UIForeground>01</UIForeground>","神殿骑士团财务长 阿米安娜",6,"炼金术士","伊修加德",58,0,1,0,"伊修加德基础层","伊修加德基础层","未知钓场",0,False,"炼金术士","炼金术士理符任务",0,"伊修加德","ui/icon/080000/080014.tex","制作委托：魔法障壁的中枢",True,0,1,811360,1248,"LeveRewardItem#422","ui/icon/080000/080033.tex","ui/icon/080000/080005.tex","Level#5852425","ui/icon/110000/110089.tex",True,,"music/ffxiv/BGM_Leves.scd"
1084,"批发委托：植树造林用成长促进剂","长年的战争与灵灾后的寒冷化导致库尔札斯的环境越发荒凉。为了阻止环境继续恶化，神殿骑士团发动了植树造林计划。请制作能高效催发植物生长的成长促进剂。","神殿骑士团财务长 阿米安娜",6,"炼金术士","伊修加德",58,0,1,0,"伊修加德基础层","伊修加德基础层","未知钓场",0,False,"炼金术士","炼金术士理符任务",0,"伊修加德","ui/icon/080000/080014.tex","批发委托：植树造林用成长促进剂",True,0,1,256630,406,"LeveRewardItem#427","ui/icon/080000/080041.tex","ui/icon/080000/080005.tex","Level#5852425","ui/icon/110000/110089.tex",True,,"music/ffxiv/BGM_Leves.scd"
1085,"大规模制作委托：记录官用墨水","我们想委托炼金术士制作神殿骑士团记录官用的墨水。为了将关于千年战争的记录正确流传给后人，总骑士长下令一定要用书写后可长久存留的优质墨水。","神殿骑士团财务长 阿米安娜",6,"炼金术士","伊修加德",58,0,10,0,"伊修加德基础层","伊修加德基础层","未知钓场",0,False,"炼金术士","炼金术士理符任务",0,"伊修加德","ui/icon/080000/080014.tex","大规模制作委托：记录官用墨水",True,0,1,4025300,5616,"LeveRewardItem#432","ui/icon/080000/080033.tex","ui/icon/080000/080002.tex","Level#5852425","ui/icon/110000/110089.tex",True,,"music/ffxiv/BGM_Leves.scd"
1086,"大规模制作委托：魔法障壁的中枢","魔法障壁圣人达奈芬的首饰的修复工作正在逐步进行。我们想委托炼金术士制作作为圣人达奈芬的首饰魔力中枢的魔导书。这是此魔法障壁相当关键的部分，请用心制作。

<UIForeground>F201F4</UIForeground><UIGlow>F201F5</UIGlow>要制作为完成本理符所需的物品，需要习得炼金秘籍第三卷。<UIGlow>01</UIGlow><UIForeground>01</UIForeground>","神殿骑士团财务长 阿米安娜",6,"炼金术士","伊修加德",58,0,10,0,"伊修加德基础层","伊修加德基础层","未知钓场",0,False,"炼金术士","炼金术士理符任务",0,"伊修加德","ui/icon/080000/080014.tex","大规模制作委托：魔法障壁的中枢",True,0,1,4462490,6240,"LeveRewardItem#432","ui/icon/080000/080033.tex","ui/icon/080000/080002.tex","Level#5852425","ui/icon/110000/110089.tex",True,,"music/ffxiv/BGM_Leves.scd"
1087,"大规模批发委托：植树造林用成长促进剂","长年的战争与灵灾后的寒冷化导致库尔札斯的环境越发荒凉。为了阻止环境继续恶化，神殿骑士团发动了植树造林计划。请制作能高效催发植物生长的成长促进剂。","神殿骑士团财务长 阿米安娜",6,"炼金术士","伊修加德",58,0,10,0,"伊修加德基础层","伊修加德基础层","未知钓场",0,False,"炼金术士","炼金术士理符任务",0,"伊修加德","ui/icon/080000/080014.tex","大规模批发委托：植树造林用成长促进剂",True,0,1,427710,1404,"LeveRewardItem#437","ui/icon/080000/080041.tex","ui/icon/080000/080002.tex","Level#5852425","ui/icon/110000/110089.tex",True,,"music/ffxiv/BGM_Leves.scd"
1088,"制作委托：战旗的材料","日前龙族进攻皇都时，许多战旗都被烧毁了。为了鼓舞市民们，压下不安的情绪，我们决定重新制作战旗。请为我们准备制作材料虹布。","神殿骑士团指挥官 昂德卢",6,"裁衣匠","伊修加德",50,0,1,0,"伊修加德基础层","伊修加德基础层","未知钓场",0,False,"裁衣匠","裁衣匠理符任务",0,"伊修加德","ui/icon/080000/080014.tex","制作委托：战旗的材料",True,0,1,211350,624,"LeveRewardItem#378","ui/icon/080000/080033.tex","ui/icon/080000/080005.tex","Level#5852425","ui/icon/110000/110089.tex",True,,"music/ffxiv/BGM_Leves.scd"
1089,"制作委托：皇都防卫队的长裤","现在神殿骑士团正在重整皇都的防卫体制。其中一条就是要编成一支守护皇都内部的义勇兵部队。特此募集义勇兵射手用的结实长裤。","神殿骑士团指挥官 昂德卢",6,"裁衣匠","伊修加德",50,0,1,0,"伊修加德基础层","伊修加德基础层","未知钓场",0,False,"裁衣匠","裁衣匠理符任务",0,"伊修加德","ui/icon/080000/080014.tex","制作委托：皇都防卫队的长裤",True,0,1,211350,624,"LeveRewardItem#378","ui/icon/080000/080033.tex","ui/icon/080000/080005.tex","Level#5852425","ui/icon/110000/110089.tex",True,,"music/ffxiv/BGM_Leves.scd"
1090,"批发委托：医师用缎带","维持医院的运营是神殿骑士团的重要使命之一。为增加医师的数量，现在我们正努力开展训练。请为即将结束训练的医师们制作一批缎带。","神殿骑士团医院院长 亚伯",6,"裁衣匠","伊修加德",50,0,1,0,"伊修加德基础层","伊修加德基础层","未知钓场",0,False,"裁衣匠","裁衣匠理符任务",0,"伊修加德","ui/icon/080000/080014.tex","批发委托：医师用缎带",True,0,1,163630,248,"LeveRewardItem#383","ui/icon/080000/080041.tex","ui/icon/080000/080005.tex","Level#5852425","ui/icon/110000/110089.tex",True,,"music/ffxiv/BGM_Leves.scd"
1091,"大规模制作委托：战旗的材料","日前龙族进攻皇都时，许多战旗都被烧毁了。为了鼓舞市民们，压下不安的情绪，我们决定重新制作战旗。请为我们准备制作材料虹布。","神殿骑士团指挥官 昂德卢",6,"裁衣匠","伊修加德",50,0,10,0,"伊修加德基础层","伊修加德基础层","未知钓场",0,False,"裁衣匠","裁衣匠理符任务",0,"伊修加德","ui/icon/080000/080014.tex","大规模制作委托：战旗的材料",True,0,1,1585190,3120,"LeveRewardItem#388","ui/icon/080000/080033.tex","ui/icon/080000/080002.tex","Level#5852425","ui/icon/110000/110089.tex",True,,"music/ffxiv/BGM_Leves.scd"
1092,"大规模制作委托：皇都防卫队的长裤","现在神殿骑士团正在重整皇都的防卫体制。其中一条就是要编成一支守护皇都内部的义勇兵部队。特此募集义勇兵射手用的结实长裤。","神殿骑士团指挥官 昂德卢",6,"裁衣匠","伊修加德",50,0,10,0,"伊修加德基础层","伊修加德基础层","未知钓场",0,False,"裁衣匠","裁衣匠理符任务",0,"伊修加德","ui/icon/080000/080014.tex","大规模制作委托：皇都防卫队的长裤",True,0,1,1162470,3120,"LeveRewardItem#388","ui/icon/080000/080033.tex","ui/icon/080000/080002.tex","Level#5852425","ui/icon/110000/110089.tex",True,,"music/ffxiv/BGM_Leves.scd"
1093,"大规模批发委托：医师用缎带","维持医院的运营是神殿骑士团的重要使命之一。为增加医师的数量，现在我们正努力开展训练。请为即将结束训练的医师们制作一批缎带。","神殿骑士团医院院长 亚伯",6,"裁衣匠","伊修加德",50,0,10,0,"伊修加德基础层","伊修加德基础层","未知钓场",0,False,"裁衣匠","裁衣匠理符任务",0,"伊修加德","ui/icon/080000/080014.tex","大规模批发委托：医师用缎带",True,0,1,272720,858,"LeveRewardItem#393","ui/icon/080000/080041.tex","ui/icon/080000/080002.tex","Level#5852425","ui/icon/110000/110089.tex",True,,"music/ffxiv/BGM_Leves.scd"
1094,"制作委托：格斗训练用的衣服","作为强化神殿骑士团战斗力的一环，我们专门请来了格斗术的专家进行特别训练。请手艺高超的裁衣匠为这次训练缝制衣服。","神殿骑士团指挥官 昂德卢",6,"裁衣匠","伊修加德",52,0,1,0,"伊修加德基础层","伊修加德基础层","未知钓场",0,False,"裁衣匠","裁衣匠理符任务",0,"伊修加德","ui/icon/080000/080014.tex","制作委托：格斗训练用的衣服",True,0,1,480670,811,"LeveRewardItem#379","ui/icon/080000/080033.tex","ui/icon/080000/080005.tex","Level#5852425","ui/icon/110000/110089.tex",True,,"music/ffxiv/BGM_Leves.scd"
1095,"制作委托：异端审问官的裤子","请为与神殿骑士团保持合作关系的我们异端审问官缝制裤子。我们异端审问官多为优秀的魔法师，缝制的裤子一定要能够辅助魔力的调用。请求优秀的裁衣匠协助。","异端审问官 盖德莉",6,"裁衣匠","伊修加德",52,0,1,0,"伊修加德基础层","伊修加德基础层","未知钓场",0,False,"裁衣匠","裁衣匠理符任务",0,"伊修加德","ui/icon/080000/080014.tex","制作委托：异端审问官的裤子",True,0,1,406080,749,"LeveRewardItem#379","ui/icon/080000/080033.tex","ui/icon/080000/080005.tex","Level#5852425","ui/icon/110000/110089.tex",True,,"music/ffxiv/BGM_Leves.scd"
1096,"批发委托：赠与木匠的礼鞋","日前龙族进攻皇都时，神殿骑士团总部也遭到了一定程度的破坏。为了感谢协助神殿骑士团总部修复工作的泽梅尔家的木匠们，我们想订制一批与木匠相称的礼鞋赠送过去。","神殿骑士团财务长 阿米安娜",6,"裁衣匠","伊修加德",52,0,1,0,"伊修加德基础层","伊修加德基础层","未知钓场",0,False,"裁衣匠","裁衣匠理符任务",0,"伊修加德","ui/icon/080000/080014.tex","批发委托：赠与木匠的礼鞋",True,0,1,198900,315,"LeveRewardItem#384","ui/icon/080000/080041.tex","ui/icon/080000/080005.tex","Level#5852425","ui/icon/110000/110089.tex",True,,"music/ffxiv/BGM_Leves.scd"
1097,"大规模制作委托：格斗训练用的衣服","作为强化神殿骑士团战斗力的一环，我们专门请来了格斗术的专家进行特别训练。请手艺高超的裁衣匠为这次训练缝制衣服。","神殿骑士团指挥官 昂德卢",6,"裁衣匠","伊修加德",52,0,10,0,"伊修加德基础层","伊修加德基础层","未知钓场",0,False,"裁衣匠","裁衣匠理符任务",0,"伊修加德","ui/icon/080000/080014.tex","大规模制作委托：格斗训练用的衣服",True,0,1,2643720,4056,"LeveRewardItem#389","ui/icon/080000/080033.tex","ui/icon/080000/080002.tex","Level#5852425","ui/icon/110000/110089.tex",True,,"music/ffxiv/BGM_Leves.scd"
1098,"大规模制作委托：异端审问官的裤子","请为与神殿骑士团保持合作关系的我们异端审问官缝制裤子。我们异端审问官多为优秀的魔法师，缝制的裤子一定要能够辅助魔力的调用。请求优秀的裁衣匠协助。","异端审问官 盖德莉",6,"裁衣匠","伊修加德",52,0,10,0,"伊修加德基础层","伊修加德基础层","未知钓场",0,False,"裁衣匠","裁衣匠理符任务",0,"伊修加德","ui/icon/080000/080014.tex","大规模制作委托：异端审问官的裤子",True,0,1,2233480,3744,"LeveRewardItem#389","ui/icon/080000/080033.tex","ui/icon/080000/080002.tex","Level#5852425","ui/icon/110000/110089.tex",True,,"music/ffxiv/BGM_Leves.scd"
1099,"大规模批发委托：赠与木匠的礼鞋","日前龙族进攻皇都时，神殿骑士团总部也遭到了一定程度的破坏。为了感谢协助神殿骑士团总部修复工作的泽梅尔家的木匠们，我们想订制一批与木匠相称的礼鞋赠送过去。","神殿骑士团财务长 阿米安娜",6,"裁衣匠","伊修加德",52,0,10,0,"伊修加德基础层","伊修加德基础层","未知钓场",0,False,"裁衣匠","裁衣匠理符任务",0,"伊修加德","ui/icon/080000/080014.tex","大规模批发委托：赠与木匠的礼鞋",True,0,1,331500,1092,"LeveRewardItem#394","ui/icon/080000/080041.tex","ui/icon/080000/080002.tex","Level#5852425","ui/icon/110000/110089.tex",True,,"music/ffxiv/BGM_Leves.scd"
1100,"制作委托：魔法师用法袍","教皇厅内部有一部分魔法生物在负责防卫工作。请为管理这些魔法生物的魔法师们制作优质的法袍。魔法生物如果失去控制将会引发很严重的后果，请用心制作。","神殿骑士团财务长 阿米安娜",6,"裁衣匠","伊修加德",54,0,1,0,"伊修加德基础层","伊修加德基础层","未知钓场",0,False,"裁衣匠","裁衣匠理符任务",0,"伊修加德","ui/icon/080000/080014.tex","制作委托：魔法师用法袍",True,0,1,560140,936,"LeveRewardItem#380","ui/icon/080000/080033.tex","ui/icon/080000/080005.tex","Level#5852425","ui/icon/110000/110089.tex",True,,"music/ffxiv/BGM_Leves.scd"
1101,"制作委托：木工增员用帽子","对龙弩炮的修复进展并不顺利。虽然为了加快进度而增招了木匠，但配发的帽子却不够了。工匠们正在为了皇都辛勤劳动，请为他们制作优质的帽子。","神殿骑士团财务长 阿米安娜",6,"裁衣匠","伊修加德",54,0,1,0,"伊修加德基础层","伊修加德基础层","未知钓场",0,False,"裁衣匠","裁衣匠理符任务",0,"伊修加德","ui/icon/080000/080014.tex","制作委托：木工增员用帽子",True,0,1,473220,936,"LeveRewardItem#380","ui/icon/080000/080033.tex","ui/icon/080000/080005.tex","Level#5852425","ui/icon/110000/110089.tex",True,,"music/ffxiv/BGM_Leves.scd"
1102,"批发委托：应用测试用手套","圣恩达利姆神学院准备从明年将毕业的学员中选出有潜力成为神殿骑士团医师的人才。特此请人制作一批用于治疗魔法应用测试的手套。请按参加人数进行缝制。","神殿骑士团医院院长 亚伯",6,"裁衣匠","伊修加德",54,0,1,0,"伊修加德基础层","伊修加德基础层","未知钓场",0,False,"裁衣匠","裁衣匠理符任务",0,"伊修加德","ui/icon/080000/080014.tex","批发委托：应用测试用手套",True,0,1,231780,315,"LeveRewardItem#385","ui/icon/080000/080041.tex","ui/icon/080000/080005.tex","Level#5852425","ui/icon/110000/110089.tex",True,,"music/ffxiv/BGM_Leves.scd"
1103,"大规模制作委托：魔法师用法袍","教皇厅内部有一部分魔法生物在负责防卫工作。请为管理这些魔法生物的魔法师们制作优质的法袍。魔法生物如果失去控制将会引发很严重的后果，请用心制作。","神殿骑士团财务长 阿米安娜",6,"裁衣匠","伊修加德",54,0,10,0,"伊修加德基础层","伊修加德基础层","未知钓场",0,False,"裁衣匠","裁衣匠理符任务",0,"伊修加德","ui/icon/080000/080014.tex","大规模制作委托：魔法师用法袍",True,0,1,3080780,4680,"LeveRewardItem#390","ui/icon/080000/080033.tex","ui/icon/080000/080002.tex","Level#5852425","ui/icon/110000/110089.tex",True,,"music/ffxiv/BGM_Leves.scd"
1104,"大规模制作委托：木工增员用帽子","对龙弩炮的修复进展并不顺利。虽然为了加快进度而增招了木匠，但配发的帽子却不够了。工匠们正在为了皇都辛勤劳动，请为他们制作优质的帽子。","神殿骑士团财务长 阿米安娜",6,"裁衣匠","伊修加德",54,0,10,0,"伊修加德基础层","伊修加德基础层","未知钓场",0,False,"裁衣匠","裁衣匠理符任务",0,"伊修加德","ui/icon/080000/080014.tex","大规模制作委托：木工增员用帽子",True,0,1,2602720,4680,"LeveRewardItem#390","ui/icon/080000/080033.tex","ui/icon/080000/080002.tex","Level#5852425","ui/icon/110000/110089.tex",True,,"music/ffxiv/BGM_Leves.scd"
1105,"大规模批发委托：应用测试用手套","圣恩达利姆神学院准备从明年将毕业的学员中选出有潜力成为神殿骑士团医师的人才。特此请人制作一批用于治疗魔法应用测试的手套。请按参加人数进行缝制。","神殿骑士团医院院长 亚伯",6,"裁衣匠","伊修加德",54,0,10,0,"伊修加德基础层","伊修加德基础层","未知钓场",0,False,"裁衣匠","裁衣匠理符任务",0,"伊修加德","ui/icon/080000/080014.tex","大规模批发委托：应用测试用手套",True,0,1,386300,1092,"LeveRewardItem#395","ui/icon/080000/080041.tex","ui/icon/080000/080002.tex","Level#5852425","ui/icon/110000/110089.tex",True,,"music/ffxiv/BGM_Leves.scd"
1106,"制作委托：战斗训练用束膝裤","这次我们从圣雷马诺大圣堂请来了擅长治疗魔法的修道士进行战斗魔法训练，同时训练用的装备也会由我们来进行准备。治疗师使用的束膝裤数量不足，请协助我们进行制作。","神殿骑士团指挥官 昂德卢",6,"裁衣匠","伊修加德",56,0,1,0,"伊修加德基础层","伊修加德基础层","未知钓场",0,False,"裁衣匠","裁衣匠理符任务",0,"伊修加德","ui/icon/080000/080014.tex","制作委托：战斗训练用束膝裤",True,0,1,436700,998,"LeveRewardItem#381","ui/icon/080000/080033.tex","ui/icon/080000/080005.tex","Level#5852425","ui/icon/110000/110089.tex",True,,"music/ffxiv/BGM_Leves.scd"
1107,"制作委托：投网用绢丝","我们想制作能够捕捉蜻蜓飞蜥等小型飞行类龙族眷属的投网。为此需要请人制作结实的丝线来编制绳索，据说毛爬虫粘丝制成的绢丝非常合适。","神殿骑士团财务长 阿米安娜",6,"裁衣匠","伊修加德",56,0,1,0,"伊修加德基础层","伊修加德基础层","未知钓场",0,False,"裁衣匠","裁衣匠理符任务",0,"伊修加德","ui/icon/080000/080014.tex","制作委托：投网用绢丝",True,0,1,310930,1061,"LeveRewardItem#381","ui/icon/080000/080033.tex","ui/icon/080000/080005.tex","Level#5852425","ui/icon/110000/110089.tex",True,,"music/ffxiv/BGM_Leves.scd"
1108,"批发委托：义勇弓兵用衣服","由伊修加德市民组成的义勇兵部队正在火热组建中。现特募集一批配给到新设弓兵部队的衣服，请手艺高超的裁衣匠予以协助。","神殿骑士团指挥官 昂德卢",6,"裁衣匠","伊修加德",56,0,1,0,"伊修加德基础层","伊修加德基础层","未知钓场",0,False,"裁衣匠","裁衣匠理符任务",0,"伊修加德","ui/icon/080000/080014.tex","批发委托：义勇弓兵用衣服",True,0,1,438880,383,"LeveRewardItem#386","ui/icon/080000/080041.tex","ui/icon/080000/080005.tex","Level#5852425","ui/icon/110000/110089.tex",True,,"music/ffxiv/BGM_Leves.scd"
1109,"大规模制作委托：战斗训练用束膝裤","这次我们从圣雷马诺大圣堂请来了擅长治疗魔法的修道士进行战斗魔法训练，同时训练用的装备也会由我们来进行准备。治疗师使用的束膝裤数量不足，请协助我们进行制作。","神殿骑士团指挥官 昂德卢",6,"裁衣匠","伊修加德",56,0,10,0,"伊修加德基础层","伊修加德基础层","未知钓场",0,False,"裁衣匠","裁衣匠理符任务",0,"伊修加德","ui/icon/080000/080014.tex","大规模制作委托：战斗训练用束膝裤",True,0,1,2401870,4992,"LeveRewardItem#391","ui/icon/080000/080033.tex","ui/icon/080000/080002.tex","Level#5852425","ui/icon/110000/110089.tex",True,,"music/ffxiv/BGM_Leves.scd"
1110,"大规模制作委托：投网用绢丝","我们想制作能够捕捉蜻蜓飞蜥等小型飞行类龙族眷属的投网。为此需要请人制作结实的丝线来编制绳索，据说毛爬虫粘丝制成的绢丝非常合适。","神殿骑士团财务长 阿米安娜",6,"裁衣匠","伊修加德",56,0,10,0,"伊修加德基础层","伊修加德基础层","未知钓场",0,False,"裁衣匠","裁衣匠理符任务",0,"伊修加德","ui/icon/080000/080014.tex","大规模制作委托：投网用绢丝",True,0,1,310930,5304,"LeveRewardItem#391","ui/icon/080000/080033.tex","ui/icon/080000/080002.tex","Level#5852425","ui/icon/110000/110089.tex",True,,"music/ffxiv/BGM_Leves.scd"
1111,"大规模批发委托：义勇弓兵用衣服","由伊修加德市民组成的义勇兵部队正在火热组建中。现特募集一批配给到新设弓兵部队的衣服，请手艺高超的裁衣匠予以协助。","神殿骑士团指挥官 昂德卢",6,"裁衣匠","伊修加德",56,0,10,0,"伊修加德基础层","伊修加德基础层","未知钓场",0,False,"裁衣匠","裁衣匠理符任务",0,"伊修加德","ui/icon/080000/080014.tex","大规模批发委托：义勇弓兵用衣服",True,0,1,731480,1326,"LeveRewardItem#396","ui/icon/080000/080041.tex","ui/icon/080000/080002.tex","Level#5852425","ui/icon/110000/110089.tex",True,,"music/ffxiv/BGM_Leves.scd"
1112,"制作委托：包裹勇士的纤维布","在与龙族的战争中牺牲是不可避免的，这是多么残酷的现实。我们想让光荣战死的勇士尽可能体面地回到家人身边。请制作纤维布用以包裹牺牲者的尸体。","神殿骑士团指挥官 昂德卢",6,"裁衣匠","伊修加德",58,0,1,0,"伊修加德基础层","伊修加德基础层","未知钓场",0,False,"裁衣匠","裁衣匠理符任务",0,"伊修加德","ui/icon/080000/080014.tex","制作委托：包裹勇士的纤维布",True,0,1,453870,1123,"LeveRewardItem#382","ui/icon/080000/080033.tex","ui/icon/080000/080005.tex","Level#5852425","ui/icon/110000/110089.tex",True,,"music/ffxiv/BGM_Leves.scd"
1113,"制作委托：赠与老樵夫的裤子","荒村铁杉村出身的老樵夫送来了很多木材想要为皇都防卫出一份力。我们想赠送纪念品来表彰他的奉献精神。请制作一条适合熟练樵夫穿的裤子。

<UIForeground>F201F4</UIForeground><UIGlow>F201F5</UIGlow>要制作为完成本理符所需的物品，需要习得裁缝秘籍第三卷。<UIGlow>01</UIGlow><UIForeground>01</UIForeground>","神殿骑士团财务长 阿米安娜",6,"裁衣匠","伊修加德",58,0,1,0,"伊修加德基础层","伊修加德基础层","未知钓场",0,False,"裁衣匠","裁衣匠理符任务",0,"伊修加德","ui/icon/080000/080014.tex","制作委托：赠与老樵夫的裤子",True,0,1,593380,1248,"LeveRewardItem#382","ui/icon/080000/080033.tex","ui/icon/080000/080005.tex","Level#5852425","ui/icon/110000/110089.tex",True,,"music/ffxiv/BGM_Leves.scd"
1114,"批发委托：卧底暗访用的帽子","我们神殿骑士团根据维护皇都治安的需要，有时也会执行隐蔽性要求较高的任务。在执行这种任务时，能在目标的眼皮子底下隐藏身份的帽子就十分重要了。为了补充帽子的库存缺口，请求手艺高超的裁衣匠协助。","神殿骑士团医院院长 亚伯",6,"裁衣匠","伊修加德",58,0,1,0,"伊修加德基础层","伊修加德基础层","未知钓场",0,False,"裁衣匠","裁衣匠理符任务",0,"伊修加德","ui/icon/080000/080014.tex","批发委托：卧底暗访用的帽子",True,0,1,290630,406,"LeveRewardItem#387","ui/icon/080000/080041.tex","ui/icon/080000/080005.tex","Level#5852425","ui/icon/110000/110089.tex",True,,"music/ffxiv/BGM_Leves.scd"
1115,"大规模制作委托：包裹勇士的纤维布","在与龙族的战争中牺牲是不可避免的，这是多么残酷的现实。我们想让光荣战死的勇士尽可能体面地回到家人身边。请制作纤维布用以包裹牺牲者的尸体。","神殿骑士团指挥官 昂德卢",6,"裁衣匠","伊修加德",58,0,10,0,"伊修加德基础层","伊修加德基础层","未知钓场",0,False,"裁衣匠","裁衣匠理符任务",0,"伊修加德","ui/icon/080000/080014.tex","大规模制作委托：包裹勇士的纤维布",True,0,1,3404060,5616,"LeveRewardItem#392","ui/icon/080000/080033.tex","ui/icon/080000/080002.tex","Level#5852425","ui/icon/110000/110089.tex",True,,"music/ffxiv/BGM_Leves.scd"
1116,"大规模制作委托：赠与老樵夫的裤子","荒村铁杉村出身的老樵夫送来了很多木材想要为皇都防卫出一份力。我们想赠送纪念品来表彰他的奉献精神。请制作一条适合熟练樵夫穿的裤子。

<UIForeground>F201F4</UIForeground><UIGlow>F201F5</UIGlow>要制作为完成本理符所需的物品，需要习得裁缝秘籍第三卷。<UIGlow>01</UIGlow><UIForeground>01</UIForeground>","神殿骑士团财务长 阿米安娜",6,"裁衣匠","伊修加德",58,0,10,0,"伊修加德基础层","伊修加德基础层","未知钓场",0,False,"裁衣匠","裁衣匠理符任务",0,"伊修加德","ui/icon/080000/080014.tex","大规模制作委托：赠与老樵夫的裤子",True,0,1,3263600,6240,"LeveRewardItem#392","ui/icon/080000/080033.tex","ui/icon/080000/080002.tex","Level#5852425","ui/icon/110000/110089.tex",True,,"music/ffxiv/BGM_Leves.scd"
1117,"大规模批发委托：卧底暗访用的帽子","我们神殿骑士团根据维护皇都治安的需要，有时也会执行隐蔽性要求较高的任务。在执行这种任务时，能在目标的眼皮子底下隐藏身份的帽子就十分重要了。为了补充帽子的库存缺口，请求手艺高超的裁衣匠协助。","神殿骑士团医院院长 亚伯",6,"裁衣匠","伊修加德",58,0,10,0,"伊修加德基础层","伊修加德基础层","未知钓场",0,False,"裁衣匠","裁衣匠理符任务",0,"伊修加德","ui/icon/080000/080014.tex","大规模批发委托：卧底暗访用的帽子",True,0,1,484390,1404,"LeveRewardItem#397","ui/icon/080000/080041.tex","ui/icon/080000/080002.tex","Level#5852425","ui/icon/110000/110089.tex",True,,"music/ffxiv/BGM_Leves.scd"
1118,"制作委托：补给部队用护目镜","说起神殿骑士团，大部分人想到的都会是在与龙族、异端者战斗的前线部队。但请千万不要忘记在暗中默默支援着他们的后方部队的存在。请帮忙制作运送各种物资的补给部队用的护目镜。","神殿骑士团财务长 阿米安娜",6,"雕金匠","伊修加德",50,0,1,0,"伊修加德基础层","伊修加德基础层","未知钓场",0,False,"雕金匠","雕金匠理符任务",0,"伊修加德","ui/icon/080000/080014.tex","制作委托：补给部队用护目镜",True,0,1,334080,686,"LeveRewardItem#358","ui/icon/080000/080033.tex","ui/icon/080000/080005.tex","Level#5852425","ui/icon/110000/110089.tex",True,,"music/ffxiv/BGM_Leves.scd"
1119,"制作委托：医师用耳环","维持医院的运营是神殿骑士团的重要使命之一。为增加医师的数量，现在我们正努力开展训练。请为即将结束训练的医师制作耳环。","神殿骑士团医院院长 亚伯",6,"雕金匠","伊修加德",50,0,1,0,"伊修加德基础层","伊修加德基础层","未知钓场",0,False,"雕金匠","雕金匠理符任务",0,"伊修加德","ui/icon/080000/080014.tex","制作委托：医师用耳环",True,0,1,272720,686,"LeveRewardItem#358","ui/icon/080000/080033.tex","ui/icon/080000/080005.tex","Level#5852425","ui/icon/110000/110089.tex",True,,"music/ffxiv/BGM_Leves.scd"
1120,"批发委托：修道士用魔器","为了对抗飞行的龙族，我们在考虑一种与使用魔法的修道士们进行协作的战术。请为共同训练准备一批修道士用的魔器。","神殿骑士团修道祭司 帕迪尤",6,"雕金匠","伊修加德",50,0,1,0,"伊修加德基础层","伊修加德基础层","未知钓场",0,False,"雕金匠","雕金匠理符任务",0,"伊修加德","ui/icon/080000/080014.tex","批发委托：修道士用魔器",True,0,1,200450,248,"LeveRewardItem#363","ui/icon/080000/080041.tex","ui/icon/080000/080005.tex","Level#5852425","ui/icon/110000/110089.tex",True,,"music/ffxiv/BGM_Leves.scd"
1121,"大规模制作委托：补给部队用护目镜","说起神殿骑士团，大部分人想到的都会是在与龙族、异端者战斗的前线部队。但请千万不要忘记在暗中默默支援着他们的后方部队的存在。请帮忙制作运送各种物资的补给部队用的护目镜。","神殿骑士团财务长 阿米安娜",6,"雕金匠","伊修加德",50,0,10,0,"伊修加德基础层","伊修加德基础层","未知钓场",0,False,"雕金匠","雕金匠理符任务",0,"伊修加德","ui/icon/080000/080014.tex","大规模制作委托：补给部队用护目镜",True,0,1,1837480,3432,"LeveRewardItem#368","ui/icon/080000/080033.tex","ui/icon/080000/080002.tex","Level#5852425","ui/icon/110000/110089.tex",True,,"music/ffxiv/BGM_Leves.scd"
1122,"大规模制作委托：医师用耳环","维持医院的运营是神殿骑士团的重要使命之一。为增加医师的数量，现在我们正努力开展训练。请为即将结束训练的医师制作耳环。","神殿骑士团医院院长 亚伯",6,"雕金匠","伊修加德",50,0,10,0,"伊修加德基础层","伊修加德基础层","未知钓场",0,False,"雕金匠","雕金匠理符任务",0,"伊修加德","ui/icon/080000/080014.tex","大规模制作委托：医师用耳环",True,0,1,1499980,3432,"LeveRewardItem#368","ui/icon/080000/080033.tex","ui/icon/080000/080002.tex","Level#5852425","ui/icon/110000/110089.tex",True,,"music/ffxiv/BGM_Leves.scd"
1123,"大规模批发委托：修道士用魔器","为了对抗飞行的龙族，我们在考虑一种与使用魔法的修道士们进行协作的战术。请为共同训练准备一批修道士用的魔器。","神殿骑士团修道祭司 帕迪尤",6,"雕金匠","伊修加德",50,0,10,0,"伊修加德基础层","伊修加德基础层","未知钓场",0,False,"雕金匠","雕金匠理符任务",0,"伊修加德","ui/icon/080000/080014.tex","大规模批发委托：修道士用魔器",True,0,1,334080,858,"LeveRewardItem#373","ui/icon/080000/080041.tex","ui/icon/080000/080002.tex","Level#5852425","ui/icon/110000/110089.tex",True,,"music/ffxiv/BGM_Leves.scd"
1124,"制作委托：萨雷安式天球仪","在圣冈里奥尔占星院的狄兰达尔家少爷委托我们筹备一个萨雷安式占星术用的天球仪，但皇都并没有匠人会制作那种东西。请求精通此道的雕金匠协助。","神殿骑士团财务长 阿米安娜",6,"雕金匠","伊修加德",52,0,1,0,"伊修加德基础层","伊修加德基础层","未知钓场",0,False,"雕金匠","雕金匠理符任务",0,"伊修加德","ui/icon/080000/080014.tex","制作委托：萨雷安式天球仪",True,0,1,629850,811,"LeveRewardItem#359","ui/icon/080000/080033.tex","ui/icon/080000/080005.tex","Level#5852425","ui/icon/110000/110089.tex",True,,"music/ffxiv/BGM_Leves.scd"
1125,"制作委托：赠与贵妇人的缝衣针","贵族女性都很喜欢刺绣，我们神殿骑士团也经常会收到一些贵妇人亲手制作的礼品。请制作缝衣针作为回礼。","神殿骑士团财务长 阿米安娜",6,"雕金匠","伊修加德",52,0,1,0,"伊修加德基础层","伊修加德基础层","未知钓场",0,False,"雕金匠","雕金匠理符任务",0,"伊修加德","ui/icon/080000/080014.tex","制作委托：赠与贵妇人的缝衣针",True,0,1,331500,749,"LeveRewardItem#359","ui/icon/080000/080033.tex","ui/icon/080000/080005.tex","Level#5852425","ui/icon/110000/110089.tex",True,,"music/ffxiv/BGM_Leves.scd"
1126,"批发委托：运输飞空艇用金属","向库尔札斯西部高地和阿巴拉提亚云海运输物资时，飞空艇是必不可少的。为此，我们决定增建几艘飞空艇，但奈何材料不够了。请为我们提供结实又轻盈的灵银钢。","神殿骑士团财务长 阿米安娜",6,"雕金匠","伊修加德",52,0,1,0,"伊修加德基础层","伊修加德基础层","未知钓场",0,False,"雕金匠","雕金匠理符任务",0,"伊修加德","ui/icon/080000/080014.tex","批发委托：运输飞空艇用金属",True,0,1,109390,270,"LeveRewardItem#364","ui/icon/080000/080041.tex","ui/icon/080000/080005.tex","Level#5852425","ui/icon/110000/110089.tex",True,,"music/ffxiv/BGM_Leves.scd"
1127,"大规模制作委托：萨雷安式天球仪","在圣冈里奥尔占星院的狄兰达尔家少爷委托我们筹备一个萨雷安式占星术用的天球仪，但皇都并没有匠人会制作那种东西。请求精通此道的雕金匠协助。","神殿骑士团财务长 阿米安娜",6,"雕金匠","伊修加德",52,0,10,0,"伊修加德基础层","伊修加德基础层","未知钓场",0,False,"雕金匠","雕金匠理符任务",0,"伊修加德","ui/icon/080000/080014.tex","大规模制作委托：萨雷安式天球仪",True,0,1,3464200,4056,"LeveRewardItem#369","ui/icon/080000/080033.tex","ui/icon/080000/080002.tex","Level#5852425","ui/icon/110000/110089.tex",True,,"music/ffxiv/BGM_Leves.scd"
1128,"大规模制作委托：赠与贵妇人的缝衣针","贵族女性都很喜欢刺绣，我们神殿骑士团也经常会收到一些贵妇人亲手制作的礼品。请制作缝衣针作为回礼。","神殿骑士团财务长 阿米安娜",6,"雕金匠","伊修加德",52,0,10,0,"伊修加德基础层","伊修加德基础层","未知钓场",0,False,"雕金匠","雕金匠理符任务",0,"伊修加德","ui/icon/080000/080014.tex","大规模制作委托：赠与贵妇人的缝衣针",True,0,1,1823250,3744,"LeveRewardItem#369","ui/icon/080000/080033.tex","ui/icon/080000/080002.tex","Level#5852425","ui/icon/110000/110089.tex",True,,"music/ffxiv/BGM_Leves.scd"
1129,"大规模批发委托：运输飞空艇用金属","向库尔札斯西部高地和阿巴拉提亚云海运输物资时，飞空艇是必不可少的。为此，我们决定增建几艘飞空艇，但奈何材料不够了。请为我们提供结实又轻盈的灵银钢。","神殿骑士团财务长 阿米安娜",6,"雕金匠","伊修加德",52,0,10,0,"伊修加德基础层","伊修加德基础层","未知钓场",0,False,"雕金匠","雕金匠理符任务",0,"伊修加德","ui/icon/080000/080014.tex","大规模批发委托：运输飞空艇用金属",True,0,1,182320,936,"LeveRewardItem#374","ui/icon/080000/080041.tex","ui/icon/080000/080002.tex","Level#5852425","ui/icon/110000/110089.tex",True,,"music/ffxiv/BGM_Leves.scd"
1130,"制作委托：赠与退役骑士的腕环","本次有某位资深的老神殿骑士退役了。为了感谢他服役几十年来做出的贡献，我们想赠送一件纪念品给他。请制作一对与勇猛果敢的骑士相称的厚重腕环。","神殿骑士团指挥官 昂德卢",6,"雕金匠","伊修加德",54,0,1,0,"伊修加德基础层","伊修加德基础层","未知钓场",0,False,"雕金匠","雕金匠理符任务",0,"伊修加德","ui/icon/080000/080014.tex","制作委托：赠与退役骑士的腕环",True,0,1,647060,936,"LeveRewardItem#360","ui/icon/080000/080033.tex","ui/icon/080000/080005.tex","Level#5852425","ui/icon/110000/110089.tex",True,,"music/ffxiv/BGM_Leves.scd"
1131,"制作委托：对立功商人的奖赏","前几日我们在巨龙首营地捕获了串通异端者的占星学家。当时有一位商人帮我们追踪并拼命制服了那个内奸。我们想请人制作一枚戒指表彰他强健的体魄与勇敢的内心。","神殿骑士团财务长 阿米安娜",6,"雕金匠","伊修加德",54,0,1,0,"伊修加德基础层","伊修加德基础层","未知钓场",0,False,"雕金匠","雕金匠理符任务",0,"伊修加德","ui/icon/080000/080014.tex","制作委托：对立功商人的奖赏",True,0,1,299380,874,"LeveRewardItem#360","ui/icon/080000/080033.tex","ui/icon/080000/080005.tex","Level#5852425","ui/icon/110000/110089.tex",True,,"music/ffxiv/BGM_Leves.scd"
1132,"批发委托：魔法师用眼镜","魔法障壁圣人达奈芬的首饰的修复工作需要记录复杂的魔纹，是非常精密的活计。请为正在进行作业的魔法师们制作一批高精度的眼镜辅助作业。","神殿骑士团财务长 阿米安娜",6,"雕金匠","伊修加德",54,0,1,0,"伊修加德基础层","伊修加德基础层","未知钓场",0,False,"雕金匠","雕金匠理符任务",0,"伊修加德","ui/icon/080000/080014.tex","批发委托：魔法师用眼镜",True,0,1,283930,315,"LeveRewardItem#365","ui/icon/080000/080041.tex","ui/icon/080000/080005.tex","Level#5852425","ui/icon/110000/110089.tex",True,,"music/ffxiv/BGM_Leves.scd"
1133,"大规模制作委托：赠与退役骑士的腕环","本次有某位资深的老神殿骑士退役了。为了感谢他服役几十年来做出的贡献，我们想赠送一件纪念品给他。请制作一对与勇猛果敢的骑士相称的厚重腕环。","神殿骑士团指挥官 昂德卢",6,"雕金匠","伊修加德",54,0,10,0,"伊修加德基础层","伊修加德基础层","未知钓场",0,False,"雕金匠","雕金匠理符任务",0,"伊修加德","ui/icon/080000/080014.tex","大规模制作委托：赠与退役骑士的腕环",True,0,1,3558830,4680,"LeveRewardItem#370","ui/icon/080000/080033.tex","ui/icon/080000/080002.tex","Level#5852425","ui/icon/110000/110089.tex",True,,"music/ffxiv/BGM_Leves.scd"
1134,"大规模制作委托：对立功商人的奖赏","前几日我们在巨龙首营地捕获了串通异端者的占星学家。当时有一位商人帮我们追踪并拼命制服了那个内奸。我们想请人制作一枚戒指表彰他强健的体魄与勇敢的内心。","神殿骑士团财务长 阿米安娜",6,"雕金匠","伊修加德",54,0,10,0,"伊修加德基础层","伊修加德基础层","未知钓场",0,False,"雕金匠","雕金匠理符任务",0,"伊修加德","ui/icon/080000/080014.tex","大规模制作委托：对立功商人的奖赏",True,0,1,1646610,4368,"LeveRewardItem#370","ui/icon/080000/080033.tex","ui/icon/080000/080002.tex","Level#5852425","ui/icon/110000/110089.tex",True,,"music/ffxiv/BGM_Leves.scd"
1135,"大规模批发委托：魔法师用眼镜","魔法障壁圣人达奈芬的首饰的修复工作需要记录复杂的魔纹，是非常精密的活计。请为正在进行作业的魔法师们制作一批高精度的眼镜辅助作业。","神殿骑士团财务长 阿米安娜",6,"雕金匠","伊修加德",54,0,10,0,"伊修加德基础层","伊修加德基础层","未知钓场",0,False,"雕金匠","雕金匠理符任务",0,"伊修加德","ui/icon/080000/080014.tex","大规模批发委托：魔法师用眼镜",True,0,1,473220,1092,"LeveRewardItem#375","ui/icon/080000/080041.tex","ui/icon/080000/080002.tex","Level#5852425","ui/icon/110000/110089.tex",True,,"music/ffxiv/BGM_Leves.scd"
1136,"制作委托：圣具用硬银","圣雷马诺大圣堂的仪式用圣具被盗了。为此必须尽快制作出新的圣具替代，但奈何材料不够了。请为大圣堂制作硬银锭。","神殿骑士团修道祭司 帕迪尤",6,"雕金匠","伊修加德",56,0,1,0,"伊修加德基础层","伊修加德基础层","未知钓场",0,False,"雕金匠","雕金匠理符任务",0,"伊修加德","ui/icon/080000/080014.tex","制作委托：圣具用硬银",True,0,1,240180,998,"LeveRewardItem#361","ui/icon/080000/080033.tex","ui/icon/080000/080005.tex","Level#5852425","ui/icon/110000/110089.tex",True,,"music/ffxiv/BGM_Leves.scd"
1137,"制作委托：赠与木工的耳环","我们想赠送装饰品给泽梅尔家的木匠们，作为协助修复对龙防御设施的报酬。最好是与木匠们相称的龙牙耳环，在此请求雕金匠的帮忙。","神殿骑士团财务长 阿米安娜",6,"雕金匠","伊修加德",56,0,1,0,"伊修加德基础层","伊修加德基础层","未知钓场",0,False,"雕金匠","雕金匠理符任务",0,"伊修加德","ui/icon/080000/080014.tex","制作委托：赠与木工的耳环",True,0,1,240180,998,"LeveRewardItem#361","ui/icon/080000/080033.tex","ui/icon/080000/080005.tex","Level#5852425","ui/icon/110000/110089.tex",True,,"music/ffxiv/BGM_Leves.scd"
1138,"批发委托：天球仪的追加订单","我们又接到了为圣冈里奥尔占星院筹备天球仪的委托，据说他们是准备推广萨雷安式占星术。虽然他们多半无法成为皇都的主流，但还请接下这份委托。","神殿骑士团财务长 阿米安娜",6,"雕金匠","伊修加德",56,0,1,0,"伊修加德基础层","伊修加德基础层","未知钓场",0,False,"雕金匠","雕金匠理符任务",0,"伊修加德","ui/icon/080000/080014.tex","批发委托：天球仪的追加订单",True,0,1,379930,383,"LeveRewardItem#366","ui/icon/080000/080041.tex","ui/icon/080000/080005.tex","Level#5852425","ui/icon/110000/110089.tex",True,,"music/ffxiv/BGM_Leves.scd"
1139,"大规模制作委托：圣具用硬银","圣雷马诺大圣堂的仪式用圣具被盗了。为此必须尽快制作出新的圣具替代，但奈何材料不够了。请为大圣堂制作硬银锭。","神殿骑士团修道祭司 帕迪尤",6,"雕金匠","伊修加德",56,0,10,0,"伊修加德基础层","伊修加德基础层","未知钓场",0,False,"雕金匠","雕金匠理符任务",0,"伊修加德","ui/icon/080000/080014.tex","大规模制作委托：圣具用硬银",True,0,1,1801390,4992,"LeveRewardItem#371","ui/icon/080000/080033.tex","ui/icon/080000/080002.tex","Level#5852425","ui/icon/110000/110089.tex",True,,"music/ffxiv/BGM_Leves.scd"
1140,"大规模制作委托：赠与木工的耳环","我们想赠送装饰品给泽梅尔家的木匠们，作为协助修复对龙防御设施的报酬。最好是与木匠们相称的龙牙耳环，在此请求雕金匠的帮忙。","神殿骑士团财务长 阿米安娜",6,"雕金匠","伊修加德",56,0,10,0,"伊修加德基础层","伊修加德基础层","未知钓场",0,False,"雕金匠","雕金匠理符任务",0,"伊修加德","ui/icon/080000/080014.tex","大规模制作委托：赠与木工的耳环",True,0,1,1321020,4992,"LeveRewardItem#371","ui/icon/080000/080033.tex","ui/icon/080000/080002.tex","Level#5852425","ui/icon/110000/110089.tex",True,,"music/ffxiv/BGM_Leves.scd"
1141,"大规模批发委托：天球仪的追加订单","我们又接到了为圣冈里奥尔占星院筹备天球仪的委托，据说他们是准备推广萨雷安式占星术。虽然他们多半无法成为皇都的主流，但还请接下这份委托。","神殿骑士团财务长 阿米安娜",6,"雕金匠","伊修加德",56,0,10,0,"伊修加德基础层","伊修加德基础层","未知钓场",0,False,"雕金匠","雕金匠理符任务",0,"伊修加德","ui/icon/080000/080014.tex","大规模批发委托：天球仪的追加订单",True,0,1,633220,1326,"LeveRewardItem#376","ui/icon/080000/080041.tex","ui/icon/080000/080002.tex","Level#5852425","ui/icon/110000/110089.tex",True,,"music/ffxiv/BGM_Leves.scd"
1142,"制作委托：女猎人的奖赏","在龙族袭击运输部队时，有一位女猎人从远方放箭射穿了龙族的眼睛，成功击退了龙族。为了表彰她的英勇与实力，请求雕金匠制作一枚美丽的戒指。","神殿骑士团财务长 阿米安娜",6,"雕金匠","伊修加德",58,0,1,0,"伊修加德基础层","伊修加德基础层","未知钓场",0,False,"雕金匠","雕金匠理符任务",0,"伊修加德","ui/icon/080000/080014.tex","制作委托：女猎人的奖赏",True,0,1,318720,1186,"LeveRewardItem#362","ui/icon/080000/080033.tex","ui/icon/080000/080005.tex","Level#5852425","ui/icon/110000/110089.tex",True,,"music/ffxiv/BGM_Leves.scd"
1143,"制作委托：赠与资助者的纪念品","有一位贵妇人对我神殿骑士团进行了很多资助。因为她是出了名的善于刺绣，我们想准备一套最高级的缝衣针赠与她作纪念。

<UIForeground>F201F4</UIForeground><UIGlow>F201F5</UIGlow>要制作为完成本理符所需的物品，需要习得雕金秘籍第三卷。<UIGlow>01</UIGlow><UIForeground>01</UIForeground>","神殿骑士团财务长 阿米安娜",6,"雕金匠","伊修加德",58,0,1,0,"伊修加德基础层","伊修加德基础层","未知钓场",0,False,"雕金匠","雕金匠理符任务",0,"伊修加德","ui/icon/080000/080014.tex","制作委托：赠与资助者的纪念品",True,0,1,427710,1248,"LeveRewardItem#362","ui/icon/080000/080033.tex","ui/icon/080000/080005.tex","Level#5852425","ui/icon/110000/110089.tex",True,,"music/ffxiv/BGM_Leves.scd"
1144,"批发委托：新任医师的头冠","新一批医师加入了我神殿骑士团的医院。为了表彰他们的献身精神，我们想赠送一批可提高魔力的头冠给他们。请求手艺高超的雕金匠协助。

<UIForeground>F201F4</UIForeground><UIGlow>F201F5</UIGlow>要制作为完成本理符所需的物品，需要习得雕金秘籍第三卷。<UIGlow>01</UIGlow><UIForeground>01</UIForeground>","神殿骑士团医院院长 亚伯",6,"雕金匠","伊修加德",58,0,1,0,"伊修加德基础层","伊修加德基础层","未知钓场",0,False,"雕金匠","雕金匠理符任务",0,"伊修加德","ui/icon/080000/080014.tex","批发委托：新任医师的头冠",True,0,1,356020,451,"LeveRewardItem#367","ui/icon/080000/080041.tex","ui/icon/080000/080005.tex","Level#5852425","ui/icon/110000/110089.tex",True,,"music/ffxiv/BGM_Leves.scd"
1145,"大规模制作委托：女猎人的奖赏","在龙族袭击运输部队时，有一位女猎人从远方放箭射穿了龙族的眼睛，成功击退了龙族。为了表彰她的英勇与实力，请求雕金匠制作一枚美丽的戒指。","神殿骑士团财务长 阿米安娜",6,"雕金匠","伊修加德",58,0,10,0,"伊修加德基础层","伊修加德基础层","未知钓场",0,False,"雕金匠","雕金匠理符任务",0,"伊修加德","ui/icon/080000/080014.tex","大规模制作委托：女猎人的奖赏",True,0,1,1752990,5928,"LeveRewardItem#372","ui/icon/080000/080033.tex","ui/icon/080000/080002.tex","Level#5852425","ui/icon/110000/110089.tex",True,,"music/ffxiv/BGM_Leves.scd"
1146,"大规模制作委托：赠与资助者的纪念品","有一位贵妇人对我神殿骑士团进行了很多资助。因为她是出了名的善于刺绣，我们想准备一套最高级的缝衣针赠与她作纪念。

<UIForeground>F201F4</UIForeground><UIGlow>F201F5</UIGlow>要制作为完成本理符所需的物品，需要习得雕金秘籍第三卷。<UIGlow>01</UIGlow><UIForeground>01</UIForeground>","神殿骑士团财务长 阿米安娜",6,"雕金匠","伊修加德",58,0,10,0,"伊修加德基础层","伊修加德基础层","未知钓场",0,False,"雕金匠","雕金匠理符任务",0,"伊修加德","ui/icon/080000/080014.tex","大规模制作委托：赠与资助者的纪念品",True,0,1,2352440,6240,"LeveRewardItem#372","ui/icon/080000/080033.tex","ui/icon/080000/080002.tex","Level#5852425","ui/icon/110000/110089.tex",True,,"music/ffxiv/BGM_Leves.scd"
1147,"大规模批发委托：新任医师的头冠","新一批医师加入了我神殿骑士团的医院。为了表彰他们的献身精神，我们想赠送一批可提高魔力的头冠给他们。请求手艺高超的雕金匠协助。

<UIForeground>F201F4</UIForeground><UIGlow>F201F5</UIGlow>要制作为完成本理符所需的物品，需要习得雕金秘籍第三卷。<UIGlow>01</UIGlow><UIForeground>01</UIForeground>","神殿骑士团医院院长 亚伯",6,"雕金匠","伊修加德",58,0,10,0,"伊修加德基础层","伊修加德基础层","未知钓场",0,False,"雕金匠","雕金匠理符任务",0,"伊修加德","ui/icon/080000/080014.tex","大规模批发委托：新任医师的头冠",True,0,1,593380,1560,"LeveRewardItem#377","ui/icon/080000/080041.tex","ui/icon/080000/080002.tex","Level#5852425","ui/icon/110000/110089.tex",True,,"music/ffxiv/BGM_Leves.scd"
1148,"采集确认：地方病特效药的材料","近年有一种有着呕血症状的地方病有要流行开来的趋势。虽然暂时被特效药压了下去，但如果药的库存见底的话就大事不妙了。请采集作为特效药原材料的红玉草根。","神殿骑士团医院院长 亚伯",3,"园艺工","伊修加德",50,20,1,1,"库尔札斯西部高地","伊修加德基础层","未知钓场",0,False,"园艺工","园艺工理符任务",0,"库尔札斯西部高地","ui/icon/080000/080014.tex","GatheringLeve#131160",True,1,81,0,834,"LeveRewardItem#468","ui/icon/080000/080029.tex","ui/icon/080000/080005.tex","Level#5581915","ui/icon/110000/110090.tex",True,"Level#5912171","music/ffxiv/BGM_Leves_Easy.scd"
1149,"指定采集：圣瓦勒鲁瓦扬的头冠","纪念曾经传说中的苍天之龙骑士圣瓦勒鲁瓦扬的节日就快到了。在那一天，有着神殿骑士团为皇都的小孩子们发放圣人草编织的头冠的习俗。请为我们采集编织头冠的材料。","神殿骑士团修道祭司 帕迪尤",3,"园艺工","伊修加德",50,20,1,1,"库尔札斯西部高地","伊修加德基础层","未知钓场",0,False,"园艺工","园艺工理符任务",0,"库尔札斯西部高地","ui/icon/080000/080014.tex","GatheringLeve#131161",True,1,90,0,834,"LeveRewardItem#468","ui/icon/080000/080044.tex","ui/icon/080000/080005.tex","Level#5581915","ui/icon/110000/110090.tex",True,"Level#5912173","music/ffxiv/BGM_Leves_Easy.scd"
1150,"强行采集：新的采伐候选地","泽梅尔家正在对隼巢进行要塞化工程建设，今后他们将面临缺少木材的问题。请前往候选的采伐地采集适合建材用的原木与助燃用的柴木样本进行调查。","神殿骑士团指挥官 昂德卢",3,"园艺工","伊修加德",50,20,1,1,"库尔札斯西部高地","伊修加德基础层","未知钓场",0,False,"园艺工","园艺工理符任务",0,"库尔札斯西部高地","ui/icon/080000/080014.tex","GatheringLeve#131162",True,1,61,0,769,"LeveRewardItem#468","ui/icon/080000/080040.tex","ui/icon/080000/080005.tex","Level#5581915","ui/icon/110000/110090.tex",True,"Level#5912174","music/ffxiv/BGM_Leves_Easy.scd"
1151,"大规模采集确认：地方病特效药的材料","近年有一种有着呕血症状的地方病有要流行开来的趋势。虽然暂时被特效药压了下去，但如果药的库存见底的话就大事不妙了。请采集作为特效药原材料的红玉草根。","神殿骑士团医院院长 亚伯",3,"园艺工","伊修加德",50,20,10,1,"库尔札斯西部高地","伊修加德基础层","未知钓场",0,False,"园艺工","园艺工理符任务",0,"库尔札斯西部高地","ui/icon/080000/080014.tex","GatheringLeve#131163",True,1,365,0,4994,"LeveRewardItem#473","ui/icon/080000/080029.tex","ui/icon/080000/080002.tex","Level#5581915","ui/icon/110000/110090.tex",True,"Level#5912171","music/ffxiv/BGM_Leves_Easy.scd"
1152,"大规模指定采集：圣瓦勒鲁瓦扬的头冠","纪念曾经传说中的苍天之龙骑士圣瓦勒鲁瓦扬的节日就快到了。在那一天，有着神殿骑士团为皇都的小孩子们发放圣人草编织的头冠的习俗。请为我们采集编织头冠的材料。","神殿骑士团修道祭司 帕迪尤",3,"园艺工","伊修加德",50,20,10,1,"库尔札斯西部高地","伊修加德基础层","未知钓场",0,False,"园艺工","园艺工理符任务",0,"库尔札斯西部高地","ui/icon/080000/080014.tex","GatheringLeve#131164",True,1,401,0,4669,"LeveRewardItem#473","ui/icon/080000/080044.tex","ui/icon/080000/080002.tex","Level#5581915","ui/icon/110000/110090.tex",True,"Level#5912173","music/ffxiv/BGM_Leves_Easy.scd"
1153,"大规模强行采集：新的采伐候选地","泽梅尔家正在对隼巢进行要塞化工程建设，今后他们将面临缺少木材的问题。请前往候选的采伐地采集适合建材用的原木与助燃用的柴木样本进行调查。","神殿骑士团指挥官 昂德卢",3,"园艺工","伊修加德",50,20,10,1,"库尔札斯西部高地","伊修加德基础层","未知钓场",0,False,"园艺工","园艺工理符任务",0,"库尔札斯西部高地","ui/icon/080000/080014.tex","GatheringLeve#131165",True,1,274,0,4669,"LeveRewardItem#473","ui/icon/080000/080040.tex","ui/icon/080000/080002.tex","Level#5581915","ui/icon/110000/110090.tex",True,"Level#5912174","music/ffxiv/BGM_Leves_Easy.scd"
1154,"采集确认：储备药用龙胆","维持医院的运营是神殿骑士团的重要使命之一。库尔札斯地区的气候变冷导致了药草的产量下降。请前往相对危险的陆行鸟之森，采集能作为胃药材料的龙胆。","神殿骑士团医院院长 亚伯",3,"园艺工","伊修加德",52,20,1,1,"龙堡参天高地","伊修加德基础层","未知钓场",0,False,"园艺工","园艺工理符任务",0,"龙堡参天高地","ui/icon/080000/080014.tex","GatheringLeve#131166",True,1,77,0,1062,"LeveRewardItem#469","ui/icon/080000/080029.tex","ui/icon/080000/080005.tex","Level#5581915","ui/icon/110000/110091.tex",True,"Level#5912185","music/ffxiv/BGM_Leves_Easy.scd"
1155,"大量采集：对龙毒药研究的实验材料","我们正在协助本草学者马蒂诺先生研究对龙用毒药。据说有种野草龙族绝不会放入口中。为了尝试从中提取出毒素，我们需要很多实验材料。请采伐大量的利克瓦兹草。","神殿骑士团指挥官 昂德卢",3,"园艺工","伊修加德",52,20,1,1,"龙堡参天高地","伊修加德基础层","未知钓场",0,False,"园艺工","园艺工理符任务",0,"龙堡参天高地","ui/icon/080000/080014.tex","GatheringLeve#131167",True,1,85,0,932,"LeveRewardItem#469","ui/icon/080000/080030.tex","ui/icon/080000/080005.tex","Level#5581915","ui/icon/110000/110091.tex",True,"Level#5912187","music/ffxiv/BGM_Leves_Easy.scd"
1156,"指定采集：七天树的根","我们想请人采伐生长在陆行鸟之森的七天树根。听说这种材料轻盈并有一定的防水特性。我们想把它送到天钢机工房看看这种材料能不能给一直出问题的新型飞空艇做船身。","神殿骑士团指挥官 昂德卢",3,"园艺工","伊修加德",52,20,1,1,"龙堡参天高地","伊修加德基础层","未知钓场",0,False,"园艺工","园艺工理符任务",0,"龙堡参天高地","ui/icon/080000/080014.tex","GatheringLeve#131168",True,1,85,0,932,"LeveRewardItem#469","ui/icon/080000/080044.tex","ui/icon/080000/080005.tex","Level#5581915","ui/icon/110000/110091.tex",True,"Level#5912188","music/ffxiv/BGM_Leves_Easy.scd"
1157,"大规模采集确认：储备药用龙胆","维持医院的运营是神殿骑士团的重要使命之一。库尔札斯地区的气候变冷导致了药草的产量下降。请前往相对危险的陆行鸟之森，采集能作为胃药材料的龙胆。","神殿骑士团医院院长 亚伯",3,"园艺工","伊修加德",52,20,10,1,"龙堡参天高地","伊修加德基础层","未知钓场",0,False,"园艺工","园艺工理符任务",0,"龙堡参天高地","ui/icon/080000/080014.tex","GatheringLeve#131169",True,1,347,0,5092,"LeveRewardItem#474","ui/icon/080000/080029.tex","ui/icon/080000/080002.tex","Level#5581915","ui/icon/110000/110091.tex",True,"Level#5912185","music/ffxiv/BGM_Leves_Easy.scd"
1158,"大规模大量采集：对龙毒药研究的实验材料","我们正在协助本草学者马蒂诺先生研究对龙用毒药。据说有种野草龙族绝不会放入口中。为了尝试从中提取出毒素，我们需要很多实验材料。请采伐大量的利克瓦兹草。","神殿骑士团指挥官 昂德卢",3,"园艺工","伊修加德",52,20,10,1,"龙堡参天高地","伊修加德基础层","未知钓场",0,False,"园艺工","园艺工理符任务",0,"龙堡参天高地","ui/icon/080000/080014.tex","GatheringLeve#131170",True,1,382,0,6392,"LeveRewardItem#474","ui/icon/080000/080030.tex","ui/icon/080000/080002.tex","Level#5581915","ui/icon/110000/110091.tex",True,"Level#5912187","music/ffxiv/BGM_Leves_Easy.scd"
1159,"大规模指定采集：七天树的根","我们想请人采伐生长在陆行鸟之森的七天树根。听说这种材料轻盈并有一定的防水特性。我们想把它送到天钢机工房看看这种材料能不能给一直出问题的新型飞空艇做船身。","神殿骑士团指挥官 昂德卢",3,"园艺工","伊修加德",52,20,10,1,"龙堡参天高地","伊修加德基础层","未知钓场",0,False,"园艺工","园艺工理符任务",0,"龙堡参天高地","ui/icon/080000/080014.tex","GatheringLeve#131171",True,1,382,0,5417,"LeveRewardItem#474","ui/icon/080000/080044.tex","ui/icon/080000/080002.tex","Level#5581915","ui/icon/110000/110091.tex",True,"Level#5912188","music/ffxiv/BGM_Leves_Easy.scd"
1160,"采集确认：新药研发用样本","听闻通往翻云雾海的航路被拓展开了，神殿骑士团总部一下子就来精神了。请前往翻云雾海看看有没有能派上用场的野草并采伐一些样本回来。如果能研究出新药的话，将会拯救很多生命。","神殿骑士团医院院长 亚伯",3,"园艺工","伊修加德",54,20,1,1,"翻云雾海","伊修加德基础层","未知钓场",0,False,"园艺工","园艺工理符任务",0,"翻云雾海","ui/icon/080000/080014.tex","GatheringLeve#131172",True,1,72,0,1097,"LeveRewardItem#470","ui/icon/080000/080029.tex","ui/icon/080000/080005.tex","Level#5581915","ui/icon/110000/110093.tex",True,"Level#5912193","music/ffxiv/BGM_Leves_Easy.scd"
1161,"指定采集：古代药草蒲公英","根据神殿骑士团所保管的文献记载，龙族的根据地有一种名为蒲公英的药草。我们想对这种也能充作药茶材料的药草进行研究，请进入危险区域进行采伐。","神殿骑士团医院院长 亚伯",3,"园艺工","伊修加德",54,20,1,1,"翻云雾海","伊修加德基础层","未知钓场",0,False,"园艺工","园艺工理符任务",0,"翻云雾海","ui/icon/080000/080014.tex","GatheringLeve#131173",True,1,80,0,1032,"LeveRewardItem#470","ui/icon/080000/080044.tex","ui/icon/080000/080005.tex","Level#5581915","ui/icon/110000/110093.tex",True,"Level#5912194","music/ffxiv/BGM_Leves_Easy.scd"
1162,"强行采集：龙族食用的野草","知己知彼，百战百胜。为了调查龙族的生态，我们想请人采集翻云雾海生长的野草。最好是龙族或龙族眷属会吃的野草。","神殿骑士团指挥官 昂德卢",3,"园艺工","伊修加德",54,20,1,1,"翻云雾海","伊修加德基础层","未知钓场",0,False,"园艺工","园艺工理符任务",0,"翻云雾海","ui/icon/080000/080014.tex","GatheringLeve#131174",True,1,54,0,772,"LeveRewardItem#470","ui/icon/080000/080040.tex","ui/icon/080000/080005.tex","Level#5581915","ui/icon/110000/110093.tex",True,"Level#5912195","music/ffxiv/BGM_Leves_Easy.scd"
1163,"大规模采集确认：新药研发用样本","听闻通往翻云雾海的航路被拓展开了，神殿骑士团总部一下子就来精神了。请前往翻云雾海看看有没有能派上用场的野草并采伐一些样本回来。如果能研究出新药的话，将会拯救很多生命。","神殿骑士团医院院长 亚伯",3,"园艺工","伊修加德",54,20,10,1,"翻云雾海","伊修加德基础层","未知钓场",0,False,"园艺工","园艺工理符任务",0,"翻云雾海","ui/icon/080000/080014.tex","GatheringLeve#131175",True,1,324,0,4802,"LeveRewardItem#475","ui/icon/080000/080029.tex","ui/icon/080000/080002.tex","Level#5581915","ui/icon/110000/110093.tex",True,"Level#5912193","music/ffxiv/BGM_Leves_Easy.scd"
1164,"大规模指定采集：古代药草蒲公英","根据神殿骑士团所保管的文献记载，龙族的根据地有一种名为蒲公英的药草。我们想对这种也能充作药茶材料的药草进行研究，请进入危险区域进行采伐。","神殿骑士团医院院长 亚伯",3,"园艺工","伊修加德",54,20,10,1,"翻云雾海","伊修加德基础层","未知钓场",0,False,"园艺工","园艺工理符任务",0,"翻云雾海","ui/icon/080000/080014.tex","GatheringLeve#131176",True,1,357,0,4477,"LeveRewardItem#475","ui/icon/080000/080044.tex","ui/icon/080000/080002.tex","Level#5581915","ui/icon/110000/110093.tex",True,"Level#5912194","music/ffxiv/BGM_Leves_Easy.scd"
1165,"大规模强行采集：龙族食用的野草","知己知彼，百战百胜。为了调查龙族的生态，我们想请人采集翻云雾海生长的野草。最好是龙族或龙族眷属会吃的野草。","神殿骑士团指挥官 昂德卢",3,"园艺工","伊修加德",54,20,10,1,"翻云雾海","伊修加德基础层","未知钓场",0,False,"园艺工","园艺工理符任务",0,"翻云雾海","ui/icon/080000/080014.tex","GatheringLeve#131177",True,1,243,0,4477,"LeveRewardItem#475","ui/icon/080000/080040.tex","ui/icon/080000/080002.tex","Level#5581915","ui/icon/110000/110093.tex",True,"Level#5912195","music/ffxiv/BGM_Leves_Easy.scd"
1166,"大量采集：用途不明的巨大球蓟","最近有某高位祭司秘密委托我们筹备一大批浮岛上生长的巨大球蓟。说句多余的，本草学者马蒂诺先生表示这种植物熬成的茶可以抑制放屁次数和臭味。","神殿骑士团修道祭司 帕迪尤",3,"园艺工","伊修加德",56,20,1,1,"阿巴拉提亚云海","伊修加德基础层","未知钓场",0,False,"园艺工","园艺工理符任务",0,"阿巴拉提亚云海","ui/icon/080000/080014.tex","GatheringLeve#131178",True,1,75,0,1608,"LeveRewardItem#471","ui/icon/080000/080030.tex","ui/icon/080000/080005.tex","Level#5581915","ui/icon/110000/110094.tex",True,"Level#5912201","music/ffxiv/BGM_Leves_Easy.scd"
1167,"指定采集：为战旗染色的蓝花","在云海发现的一种蓝云花可以制成优秀的蓝色染料。我们想用这种染料为神殿骑士团的战旗染色，请采集蓝云花。","神殿骑士团指挥官 昂德卢",3,"园艺工","伊修加德",56,20,1,1,"阿巴拉提亚云海","伊修加德基础层","未知钓场",0,False,"园艺工","园艺工理符任务",0,"阿巴拉提亚云海","ui/icon/080000/080014.tex","GatheringLeve#131179",True,1,75,0,1413,"LeveRewardItem#471","ui/icon/080000/080044.tex","ui/icon/080000/080005.tex","Level#5581915","ui/icon/110000/110094.tex",True,"Level#5912202","music/ffxiv/BGM_Leves_Easy.scd"
1168,"强行采集：调查精油用花蜜","伊修加德正教的各种仪式都需要用到精油。但由于库尔札斯的气候变冷，制作精油用的花蜜越来越少了。请去浮岛上的候选地调查一下，看看那边能不能采到可以提炼精油的花蜜。","神殿骑士团修道祭司 帕迪尤",3,"园艺工","伊修加德",56,20,1,1,"阿巴拉提亚云海","伊修加德基础层","未知钓场",0,False,"园艺工","园艺工理符任务",0,"阿巴拉提亚云海","ui/icon/080000/080014.tex","GatheringLeve#131180",True,1,51,0,1023,"LeveRewardItem#471","ui/icon/080000/080040.tex","ui/icon/080000/080005.tex","Level#5581915","ui/icon/110000/110094.tex",True,"Level#5912203","music/ffxiv/BGM_Leves_Easy.scd"
1169,"大规模大量采集：用途不明的巨大球蓟","最近有某高位祭司秘密委托我们筹备一大批浮岛上生长的巨大球蓟。说句多余的，本草学者马蒂诺先生表示这种植物熬成的茶可以抑制放屁次数和臭味。","神殿骑士团修道祭司 帕迪尤",3,"园艺工","伊修加德",56,20,10,1,"阿巴拉提亚云海","伊修加德基础层","未知钓场",0,False,"园艺工","园艺工理符任务",0,"阿巴拉提亚云海","ui/icon/080000/080014.tex","GatheringLeve#131181",True,1,337,0,9603,"LeveRewardItem#476","ui/icon/080000/080030.tex","ui/icon/080000/080002.tex","Level#5581915","ui/icon/110000/110094.tex",True,"Level#5912201","music/ffxiv/BGM_Leves_Easy.scd"
1170,"大规模指定采集：为战旗染色的蓝花","在云海发现的一种蓝云花可以制成优秀的蓝色染料。我们想用这种染料为神殿骑士团的战旗染色，请采集蓝云花。","神殿骑士团指挥官 昂德卢",3,"园艺工","伊修加德",56,20,10,1,"阿巴拉提亚云海","伊修加德基础层","未知钓场",0,False,"园艺工","园艺工理符任务",0,"阿巴拉提亚云海","ui/icon/080000/080014.tex","GatheringLeve#131182",True,1,337,0,7003,"LeveRewardItem#476","ui/icon/080000/080044.tex","ui/icon/080000/080002.tex","Level#5581915","ui/icon/110000/110094.tex",True,"Level#5912202","music/ffxiv/BGM_Leves_Easy.scd"
1171,"大规模强行采集：调查精油用花蜜","伊修加德正教的各种仪式都需要用到精油。但由于库尔札斯的气候变冷，制作精油用的花蜜越来越少了。请去浮岛上的候选地调查一下，看看那边能不能采到可以提炼精油的花蜜。","神殿骑士团修道祭司 帕迪尤",3,"园艺工","伊修加德",56,20,10,1,"阿巴拉提亚云海","伊修加德基础层","未知钓场",0,False,"园艺工","园艺工理符任务",0,"阿巴拉提亚云海","ui/icon/080000/080014.tex","GatheringLeve#131183",True,1,230,0,5053,"LeveRewardItem#476","ui/icon/080000/080040.tex","ui/icon/080000/080002.tex","Level#5581915","ui/icon/110000/110094.tex",True,"Level#5912203","music/ffxiv/BGM_Leves_Easy.scd"
1172,"采集确认：监视所搭建用建材","神殿骑士团现准备派遣少数部队进入龙堡内陆低地，从西侧监视龙族的动向。奈何现在没有条件运输搭建监视所需要的建材，请前往当地勘测是否可以就地取材。","神殿骑士团指挥官 昂德卢",3,"园艺工","伊修加德",58,20,1,1,"龙堡内陆低地","伊修加德基础层","未知钓场",0,False,"园艺工","园艺工理符任务",0,"龙堡内陆低地","ui/icon/080000/080014.tex","GatheringLeve#131184",True,1,63,0,1306,"LeveRewardItem#472","ui/icon/080000/080029.tex","ui/icon/080000/080005.tex","Level#5581915","ui/icon/110000/110092.tex",True,"Level#5912207","music/ffxiv/BGM_Leves_Easy.scd"
1173,"大量采集：沙利亚克之指","在与龙族的战斗中牺牲是不可避免的。为了尽可能保住更多人的性命，我们正在大量生产止血剂，但奈何材料不够了。请前往龙堡内陆低地采伐一种名为沙利亚克之指的树根。","神殿骑士团医院院长 亚伯",3,"园艺工","伊修加德",58,20,1,1,"龙堡内陆低地","伊修加德基础层","未知钓场",0,False,"园艺工","园艺工理符任务",0,"龙堡内陆低地","ui/icon/080000/080014.tex","GatheringLeve#131185",True,1,70,0,1306,"LeveRewardItem#472","ui/icon/080000/080030.tex","ui/icon/080000/080005.tex","Level#5581915","ui/icon/110000/110092.tex",True,"Level#5912208","music/ffxiv/BGM_Leves_Easy.scd"
1174,"强行采集：对龙烟雾的材料","据说骨颌族使用一种龙族厌恶的烟雾建立了防卫网，神殿骑士团目前正在研究是否也能制出此种烟雾。请前往候选地调查是否能采伐到作为材料的植物。","神殿骑士团指挥官 昂德卢",3,"园艺工","伊修加德",58,20,1,1,"龙堡内陆低地","伊修加德基础层","未知钓场",0,False,"园艺工","园艺工理符任务",0,"龙堡内陆低地","ui/icon/080000/080014.tex","GatheringLeve#131186",True,1,48,0,981,"LeveRewardItem#472","ui/icon/080000/080040.tex","ui/icon/080000/080005.tex","Level#5581915","ui/icon/110000/110092.tex",True,"Level#5912209","music/ffxiv/BGM_Leves_Easy.scd"
1175,"大规模采集确认：监视所搭建用建材","神殿骑士团现准备派遣少数部队进入龙堡内陆低地，从西侧监视龙族的动向。奈何现在没有条件运输搭建监视所需要的建材，请前往当地勘测是否可以就地取材。","神殿骑士团指挥官 昂德卢",3,"园艺工","伊修加德",58,20,10,1,"龙堡内陆低地","伊修加德基础层","未知钓场",0,False,"园艺工","园艺工理符任务",0,"龙堡内陆低地","ui/icon/080000/080014.tex","GatheringLeve#131187",True,1,284,0,6116,"LeveRewardItem#477","ui/icon/080000/080029.tex","ui/icon/080000/080002.tex","Level#5581915","ui/icon/110000/110092.tex",True,"Level#5912207","music/ffxiv/BGM_Leves_Easy.scd"
1176,"大规模大量采集：沙利亚克之指","在与龙族的战斗中牺牲是不可避免的。为了尽可能保住更多人的性命，我们正在大量生产止血剂，但奈何材料不够了。请前往龙堡内陆低地采伐一种名为沙利亚克之指的树根。","神殿骑士团医院院长 亚伯",3,"园艺工","伊修加德",58,20,10,1,"龙堡内陆低地","伊修加德基础层","未知钓场",0,False,"园艺工","园艺工理符任务",0,"龙堡内陆低地","ui/icon/080000/080014.tex","GatheringLeve#131188",True,1,312,0,6116,"LeveRewardItem#477","ui/icon/080000/080030.tex","ui/icon/080000/080002.tex","Level#5581915","ui/icon/110000/110092.tex",True,"Level#5912208","music/ffxiv/BGM_Leves_Easy.scd"
1177,"大规模强行采集：对龙烟雾的材料","据说骨颌族使用一种龙族厌恶的烟雾建立了防卫网，神殿骑士团目前正在研究是否也能制出此种烟雾。请前往候选地调查是否能采伐到作为材料的植物。","神殿骑士团指挥官 昂德卢",3,"园艺工","伊修加德",58,20,10,1,"龙堡内陆低地","伊修加德基础层","未知钓场",0,False,"园艺工","园艺工理符任务",0,"龙堡内陆低地","ui/icon/080000/080014.tex","GatheringLeve#131189",True,1,213,0,4491,"LeveRewardItem#477","ui/icon/080000/080040.tex","ui/icon/080000/080002.tex","Level#5581915","ui/icon/110000/110092.tex",True,"Level#5912209","music/ffxiv/BGM_Leves_Easy.scd"
1178,"采集确认：调查采石场候选地","泽梅尔家正在对隼巢进行要塞化工程建设，但建造防护墙用的石材不足导致计划延期了。为了开拓新的采石场，请前往候选地采集建材样本。","神殿骑士团指挥官 昂德卢",3,"采矿工","伊修加德",50,20,1,1,"库尔札斯西部高地","伊修加德基础层","未知钓场",0,False,"采矿工","采矿工理符任务",0,"库尔札斯西部高地","ui/icon/080000/080014.tex","GatheringLeve#131190",True,1,81,0,834,"LeveRewardItem#478","ui/icon/080000/080029.tex","ui/icon/080000/080005.tex","Level#5581915","ui/icon/110000/110095.tex",True,"Level#5912178","music/ffxiv/BGM_Leves_Easy.scd"
1179,"指定采集：修复监视塔用石材","100年前教皇下令修建的12座监视塔大部分都已遭破坏，现今只剩下第九锡杖一座了。为了保护朝圣者，我们想要修复其他的监视塔。请采集需要用到的石材。","神殿骑士团修道祭司 帕迪尤",3,"采矿工","伊修加德",50,20,1,1,"库尔札斯西部高地","伊修加德基础层","未知钓场",0,False,"采矿工","采矿工理符任务",0,"库尔札斯西部高地","ui/icon/080000/080014.tex","GatheringLeve#131191",True,1,90,0,834,"LeveRewardItem#478","ui/icon/080000/080044.tex","ui/icon/080000/080005.tex","Level#5581915","ui/icon/110000/110095.tex",True,"Level#5912179","music/ffxiv/BGM_Leves_Easy.scd"
1180,"强行采集：摸索废材再利用的可行性","过去曾用来照明街道的篝火台现在已经完全被闲置了。目前有人提案可不可以将它拆掉，为隼巢的要塞化工程派上用场。请去破坏掉一小部分，确认它作为石材的质量如何。","神殿骑士团指挥官 昂德卢",3,"采矿工","伊修加德",50,20,1,1,"库尔札斯西部高地","伊修加德基础层","未知钓场",0,False,"采矿工","采矿工理符任务",0,"库尔札斯西部高地","ui/icon/080000/080014.tex","GatheringLeve#131192",True,1,61,0,639,"LeveRewardItem#478","ui/icon/080000/080040.tex","ui/icon/080000/080005.tex","Level#5581915","ui/icon/110000/110095.tex",True,"Level#5912180","music/ffxiv/BGM_Leves_Easy.scd"
1181,"大规模采集确认：调查采石场候选地","泽梅尔家正在对隼巢进行要塞化工程建设，但建造防护墙用的石材不足导致计划延期了。为了开拓新的采石场，请前往候选地采集建材样本。","神殿骑士团指挥官 昂德卢",3,"采矿工","伊修加德",50,20,10,1,"库尔札斯西部高地","伊修加德基础层","未知钓场",0,False,"采矿工","采矿工理符任务",0,"库尔札斯西部高地","ui/icon/080000/080014.tex","GatheringLeve#131193",True,1,365,0,4994,"LeveRewardItem#483","ui/icon/080000/080029.tex","ui/icon/080000/080002.tex","Level#5581915","ui/icon/110000/110095.tex",True,"Level#5912178","music/ffxiv/BGM_Leves_Easy.scd"
1182,"大规模指定采集：修复监视塔用石材","100年前教皇下令修建的12座监视塔大部分都已遭破坏，现今只剩下第九锡杖一座了。为了保护朝圣者，我们想要修复其他的监视塔。请采集需要用到的石材。","神殿骑士团修道祭司 帕迪尤",3,"采矿工","伊修加德",50,20,10,1,"库尔札斯西部高地","伊修加德基础层","未知钓场",0,False,"采矿工","采矿工理符任务",0,"库尔札斯西部高地","ui/icon/080000/080014.tex","GatheringLeve#131194",True,1,401,0,4344,"LeveRewardItem#483","ui/icon/080000/080044.tex","ui/icon/080000/080002.tex","Level#5581915","ui/icon/110000/110095.tex",True,"Level#5912179","music/ffxiv/BGM_Leves_Easy.scd"
1183,"大规模强行采集：摸索废材再利用的可行性","过去曾用来照明街道的篝火台现在已经完全被闲置了。目前有人提案可不可以将它拆掉，为隼巢的要塞化工程派上用场。请去破坏掉一小部分，确认它作为石材的质量如何。","神殿骑士团指挥官 昂德卢",3,"采矿工","伊修加德",50,20,10,1,"库尔札斯西部高地","伊修加德基础层","未知钓场",0,False,"采矿工","采矿工理符任务",0,"库尔札斯西部高地","ui/icon/080000/080014.tex","GatheringLeve#131195",True,1,274,0,3369,"LeveRewardItem#483","ui/icon/080000/080040.tex","ui/icon/080000/080002.tex","Level#5581915","ui/icon/110000/110095.tex",True,"Level#5912180","music/ffxiv/BGM_Leves_Easy.scd"
1184,"采集确认：异端者建筑的石材","某个贵族为神殿骑士团提供了很多资金。作为条件，这位虔诚的贵族提出要破坏异端者的建造物。为了满足这位重要赞助人，请前往陆行鸟之森破坏遗迹的一角带回来。","神殿骑士团财务长 阿米安娜",3,"采矿工","伊修加德",52,20,1,1,"龙堡参天高地","伊修加德基础层","未知钓场",0,False,"采矿工","采矿工理符任务",0,"龙堡参天高地","ui/icon/080000/080014.tex","GatheringLeve#131196",True,1,77,0,932,"LeveRewardItem#479","ui/icon/080000/080029.tex","ui/icon/080000/080005.tex","Level#5581915","ui/icon/110000/110096.tex",True,"Level#5912189","music/ffxiv/BGM_Leves_Easy.scd"
1185,"大量采集：对龙散弹炮用矿石","天钢机工房开发了新型的对龙加农炮炮弹。想增产这种发射时可以散裂开进行广域打击的特殊炮弹，必须使用某种特定硬度的矿石才行。请前往龙堡参天高地采集特殊矿石数枪矿。","神殿骑士团指挥官 昂德卢",3,"采矿工","伊修加德",52,20,1,1,"龙堡参天高地","伊修加德基础层","未知钓场",0,False,"采矿工","采矿工理符任务",0,"龙堡参天高地","ui/icon/080000/080014.tex","GatheringLeve#131197",True,1,85,0,1062,"LeveRewardItem#479","ui/icon/080000/080030.tex","ui/icon/080000/080005.tex","Level#5581915","ui/icon/110000/110096.tex",True,"Level#5912190","music/ffxiv/BGM_Leves_Easy.scd"
1186,"指定采集：正教的祭具用原石","教皇厅分派了前往危险区域进行采集的任务，据说是需要一种优质的星蓝石来制作新祭具。请求能够前往陆行鸟之森进行采集的熟练采矿工协助。","神殿骑士团修道祭司 帕迪尤",3,"采矿工","伊修加德",52,20,1,1,"龙堡参天高地","伊修加德基础层","未知钓场",0,False,"采矿工","采矿工理符任务",0,"龙堡参天高地","ui/icon/080000/080014.tex","GatheringLeve#131198",True,1,85,0,997,"LeveRewardItem#479","ui/icon/080000/080044.tex","ui/icon/080000/080005.tex","Level#5581915","ui/icon/110000/110096.tex",True,"Level#5912191","music/ffxiv/BGM_Leves_Easy.scd"
1187,"大规模采集确认：异端者建筑的石材","某个贵族为神殿骑士团提供了很多资金。作为条件，这位虔诚的贵族提出要破坏异端者的建造物。为了满足这位重要赞助人，请前往陆行鸟之森破坏遗迹的一角带回来。","神殿骑士团财务长 阿米安娜",3,"采矿工","伊修加德",52,20,10,1,"龙堡参天高地","伊修加德基础层","未知钓场",0,False,"采矿工","采矿工理符任务",0,"龙堡参天高地","ui/icon/080000/080014.tex","GatheringLeve#131199",True,1,347,0,4767,"LeveRewardItem#484","ui/icon/080000/080029.tex","ui/icon/080000/080002.tex","Level#5581915","ui/icon/110000/110096.tex",True,"Level#5912189","music/ffxiv/BGM_Leves_Easy.scd"
1188,"大规模大量采集：对龙散弹炮用矿石","天钢机工房开发了新型的对龙加农炮炮弹。想增产这种发射时可以散裂开进行广域打击的特殊炮弹，必须使用某种特定硬度的矿石才行。请前往龙堡参天高地采集特殊矿石数枪矿。","神殿骑士团指挥官 昂德卢",3,"采矿工","伊修加德",52,20,10,1,"龙堡参天高地","伊修加德基础层","未知钓场",0,False,"采矿工","采矿工理符任务",0,"龙堡参天高地","ui/icon/080000/080014.tex","GatheringLeve#131200",True,1,382,0,5742,"LeveRewardItem#484","ui/icon/080000/080030.tex","ui/icon/080000/080002.tex","Level#5581915","ui/icon/110000/110096.tex",True,"Level#5912190","music/ffxiv/BGM_Leves_Easy.scd"
1189,"大规模指定采集：正教的祭具用原石","教皇厅分派了前往危险区域进行采集的任务，据说是需要一种优质的星蓝石来制作新祭具。请求能够前往陆行鸟之森进行采集的熟练采矿工协助。","神殿骑士团修道祭司 帕迪尤",3,"采矿工","伊修加德",52,20,10,1,"龙堡参天高地","伊修加德基础层","未知钓场",0,False,"采矿工","采矿工理符任务",0,"龙堡参天高地","ui/icon/080000/080014.tex","GatheringLeve#131201",True,1,382,0,4117,"LeveRewardItem#484","ui/icon/080000/080044.tex","ui/icon/080000/080002.tex","Level#5581915","ui/icon/110000/110096.tex",True,"Level#5912191","music/ffxiv/BGM_Leves_Easy.scd"
1190,"采集确认：翻云雾海的地质调查","神殿骑士团正在讨论是否能在翻云雾海修建一个据点。请前往没有被龙族支配的土地勘探地质，务必不要勉强自己做危险的事情。","神殿骑士团指挥官 昂德卢",3,"采矿工","伊修加德",54,20,1,1,"翻云雾海","伊修加德基础层","未知钓场",0,False,"采矿工","采矿工理符任务",0,"翻云雾海","ui/icon/080000/080014.tex","GatheringLeve#131202",True,1,72,0,902,"LeveRewardItem#480","ui/icon/080000/080029.tex","ui/icon/080000/080005.tex","Level#5581915","ui/icon/110000/110098.tex",True,"Level#5912196","music/ffxiv/BGM_Leves_Easy.scd"
1191,"指定采集：梦幻苍天沙","千年前建国时期生产的武器都用了某种有着夸张硬度的金属，据说那是因为在精炼时掺入了云海某种特殊的沙子。请依照记录采集那梦幻般的苍天沙。","神殿骑士团财务长 阿米安娜",3,"采矿工","伊修加德",54,20,1,1,"翻云雾海","伊修加德基础层","未知钓场",0,False,"采矿工","采矿工理符任务",0,"翻云雾海","ui/icon/080000/080014.tex","GatheringLeve#131203",True,1,80,0,902,"LeveRewardItem#480","ui/icon/080000/080044.tex","ui/icon/080000/080005.tex","Level#5581915","ui/icon/110000/110098.tex",True,"Level#5912199","music/ffxiv/BGM_Leves_Easy.scd"
1192,"强行采集：解开历史谜团的史料","听闻通往翻云雾海的航路被拓展开了，神殿骑士团总部决定进行历史调查。请前往龙族遍地走的危险地带收集能解开历史谜团的遗物。","神殿骑士团修道祭司 帕迪尤",3,"采矿工","伊修加德",54,20,1,1,"翻云雾海","伊修加德基础层","未知钓场",0,False,"采矿工","采矿工理符任务",0,"翻云雾海","ui/icon/080000/080014.tex","GatheringLeve#131204",True,1,54,0,902,"LeveRewardItem#480","ui/icon/080000/080040.tex","ui/icon/080000/080005.tex","Level#5581915","ui/icon/110000/110098.tex",True,"Level#5912200","music/ffxiv/BGM_Leves_Easy.scd"
1193,"大规模采集确认：翻云雾海的地质调查","神殿骑士团正在讨论是否能在翻云雾海修建一个据点。请前往没有被龙族支配的土地勘探地质，务必不要勉强自己做危险的事情。","神殿骑士团指挥官 昂德卢",3,"采矿工","伊修加德",54,20,10,1,"翻云雾海","伊修加德基础层","未知钓场",0,False,"采矿工","采矿工理符任务",0,"翻云雾海","ui/icon/080000/080014.tex","GatheringLeve#131205",True,1,324,0,3502,"LeveRewardItem#485","ui/icon/080000/080029.tex","ui/icon/080000/080002.tex","Level#5581915","ui/icon/110000/110098.tex",True,"Level#5912196","music/ffxiv/BGM_Leves_Easy.scd"
1194,"大规模指定采集：梦幻苍天沙","千年前建国时期生产的武器都用了某种有着夸张硬度的金属，据说那是因为在精炼时掺入了云海某种特殊的沙子。请依照记录采集那梦幻般的苍天沙。","神殿骑士团财务长 阿米安娜",3,"采矿工","伊修加德",54,20,10,1,"翻云雾海","伊修加德基础层","未知钓场",0,False,"采矿工","采矿工理符任务",0,"翻云雾海","ui/icon/080000/080014.tex","GatheringLeve#131206",True,1,357,0,3502,"LeveRewardItem#485","ui/icon/080000/080044.tex","ui/icon/080000/080002.tex","Level#5581915","ui/icon/110000/110098.tex",True,"Level#5912199","music/ffxiv/BGM_Leves_Easy.scd"
1195,"大规模强行采集：解开历史谜团的史料","听闻通往翻云雾海的航路被拓展开了，神殿骑士团总部决定进行历史调查。请前往龙族遍地走的危险地带收集能解开历史谜团的遗物。","神殿骑士团修道祭司 帕迪尤",3,"采矿工","伊修加德",54,20,10,1,"翻云雾海","伊修加德基础层","未知钓场",0,False,"采矿工","采矿工理符任务",0,"翻云雾海","ui/icon/080000/080014.tex","GatheringLeve#131207",True,1,243,0,3502,"LeveRewardItem#485","ui/icon/080000/080040.tex","ui/icon/080000/080002.tex","Level#5581915","ui/icon/110000/110098.tex",True,"Level#5912200","music/ffxiv/BGM_Leves_Easy.scd"
1196,"大量采集：云海的亚战神矿","据艾因哈特家蔷薇骑兵团的报告，在阿巴拉提亚云海的浮岛可以采集到一种类似战神矿的矿石。为了研究出利用它的新金属锻造法，请前去采集大量样本。","神殿骑士团指挥官 昂德卢",3,"采矿工","伊修加德",56,20,1,1,"阿巴拉提亚云海","伊修加德基础层","未知钓场",0,False,"采矿工","采矿工理符任务",0,"阿巴拉提亚云海","ui/icon/080000/080014.tex","GatheringLeve#131208",True,1,75,0,828,"LeveRewardItem#481","ui/icon/080000/080030.tex","ui/icon/080000/080005.tex","Level#5581915","ui/icon/110000/110099.tex",True,"Level#5912204","music/ffxiv/BGM_Leves_Easy.scd"
1197,"指定采集：风属性云海沙","据说浮岛的某些地区可以采集到蕴含大量风属性力量的矿石。天钢机工房决定对它加以研究，看看能不能为新造飞空艇提供浮力。请前去采集作为样本的云海沙。","神殿骑士团指挥官 昂德卢",3,"采矿工","伊修加德",56,20,1,1,"阿巴拉提亚云海","伊修加德基础层","未知钓场",0,False,"采矿工","采矿工理符任务",0,"阿巴拉提亚云海","ui/icon/080000/080014.tex","GatheringLeve#131209",True,1,75,0,828,"LeveRewardItem#481","ui/icon/080000/080044.tex","ui/icon/080000/080005.tex","Level#5581915","ui/icon/110000/110099.tex",True,"Level#5912205","music/ffxiv/BGM_Leves_Easy.scd"
1198,"强行采集：混凝土用轻石","伊修加德的各种石质建筑都需要补强用的混凝土。据说其制作材料轻石可以在阿巴拉提亚云海的浮岛上采集到。为了确认云海的轻石品质是否过关，请前去采集样本。","神殿骑士团指挥官 昂德卢",3,"采矿工","伊修加德",56,20,1,1,"阿巴拉提亚云海","伊修加德基础层","未知钓场",0,False,"采矿工","采矿工理符任务",0,"阿巴拉提亚云海","ui/icon/080000/080014.tex","GatheringLeve#131210",True,1,51,0,828,"LeveRewardItem#481","ui/icon/080000/080040.tex","ui/icon/080000/080005.tex","Level#5581915","ui/icon/110000/110099.tex",True,"Level#5912206","music/ffxiv/BGM_Leves_Easy.scd"
1199,"大规模大量采集：云海的亚战神矿","据艾因哈特家蔷薇骑兵团的报告，在阿巴拉提亚云海的浮岛可以采集到一种类似战神矿的矿石。为了研究出利用它的新金属锻造法，请前去采集大量样本。","神殿骑士团指挥官 昂德卢",3,"采矿工","伊修加德",56,20,10,1,"阿巴拉提亚云海","伊修加德基础层","未知钓场",0,False,"采矿工","采矿工理符任务",0,"阿巴拉提亚云海","ui/icon/080000/080014.tex","GatheringLeve#131211",True,1,337,0,3428,"LeveRewardItem#486","ui/icon/080000/080030.tex","ui/icon/080000/080002.tex","Level#5581915","ui/icon/110000/110099.tex",True,"Level#5912204","music/ffxiv/BGM_Leves_Easy.scd"
1200,"大规模指定采集：风属性云海沙","据说浮岛的某些地区可以采集到蕴含大量风属性力量的矿石。天钢机工房决定对它加以研究，看看能不能为新造飞空艇提供浮力。请前去采集作为样本的云海沙。","神殿骑士团指挥官 昂德卢",3,"采矿工","伊修加德",56,20,10,1,"阿巴拉提亚云海","伊修加德基础层","未知钓场",0,False,"采矿工","采矿工理符任务",0,"阿巴拉提亚云海","ui/icon/080000/080014.tex","GatheringLeve#131212",True,1,337,0,3428,"LeveRewardItem#486","ui/icon/080000/080044.tex","ui/icon/080000/080002.tex","Level#5581915","ui/icon/110000/110099.tex",True,"Level#5912205","music/ffxiv/BGM_Leves_Easy.scd"
1201,"大规模强行采集：混凝土用轻石","伊修加德的各种石质建筑都需要补强用的混凝土。据说其制作材料轻石可以在阿巴拉提亚云海的浮岛上采集到。为了确认云海的轻石品质是否过关，请前去采集样本。","神殿骑士团指挥官 昂德卢",3,"采矿工","伊修加德",56,20,10,1,"阿巴拉提亚云海","伊修加德基础层","未知钓场",0,False,"采矿工","采矿工理符任务",0,"阿巴拉提亚云海","ui/icon/080000/080014.tex","GatheringLeve#131213",True,1,230,0,3428,"LeveRewardItem#486","ui/icon/080000/080040.tex","ui/icon/080000/080002.tex","Level#5581915","ui/icon/110000/110099.tex",True,"Level#5912206","music/ffxiv/BGM_Leves_Easy.scd"
1202,"采集确认：贯穿龙族的小刀矿","过去我们通过与殖民城市萨雷安进行贸易获得的矿物在大撤退后变得很难入手了。这种小刀矿是制作对龙弩炮弩箭的重要矿石，请前往小刀石柱群尝试采掘它。","神殿骑士团指挥官 昂德卢",3,"采矿工","伊修加德",58,20,1,1,"龙堡内陆低地","伊修加德基础层","未知钓场",0,False,"采矿工","采矿工理符任务",0,"龙堡内陆低地","ui/icon/080000/080014.tex","GatheringLeve#131214",True,1,63,0,916,"LeveRewardItem#482","ui/icon/080000/080029.tex","ui/icon/080000/080005.tex","Level#5581915","ui/icon/110000/110097.tex",True,"Level#5912211","music/ffxiv/BGM_Leves_Easy.scd"
1203,"大量采集：彩色水晶的部件","教皇厅现决定大规模修缮其内部的彩色水晶。为此他们派发了筹集拥有一定透明度的水晶的委托。此为前往危险地带进行的采集任务，请求熟练的采矿工协助。","神殿骑士团修道祭司 帕迪尤",3,"采矿工","伊修加德",58,20,1,1,"龙堡内陆低地","伊修加德基础层","未知钓场",0,False,"采矿工","采矿工理符任务",0,"龙堡内陆低地","ui/icon/080000/080014.tex","GatheringLeve#131215",True,1,70,0,916,"LeveRewardItem#482","ui/icon/080000/080030.tex","ui/icon/080000/080005.tex","Level#5581915","ui/icon/110000/110097.tex",True,"Level#5912212","music/ffxiv/BGM_Leves_Easy.scd"
1204,"强行采集：废都的建筑技术","殖民城市萨雷安有着与皇都全然不同的石质建筑。为了验证他们的建筑技术能否应用到对龙要塞的防护墙强化上，请调查废都的建材，采集样本。","神殿骑士团指挥官 昂德卢",3,"采矿工","伊修加德",58,20,1,1,"龙堡内陆低地","伊修加德基础层","未知钓场",0,False,"采矿工","采矿工理符任务",0,"龙堡内陆低地","ui/icon/080000/080014.tex","GatheringLeve#131216",True,1,48,0,916,"LeveRewardItem#482","ui/icon/080000/080040.tex","ui/icon/080000/080005.tex","Level#5581915","ui/icon/110000/110097.tex",True,"Level#5912213","music/ffxiv/BGM_Leves_Easy.scd"
1205,"大规模采集确认：贯穿龙族的小刀矿","过去我们通过与殖民城市萨雷安进行贸易获得的矿物在大撤退后变得很难入手了。这种小刀矿是制作对龙弩炮弩箭的重要矿石，请前往小刀石柱群尝试采掘它。","神殿骑士团指挥官 昂德卢",3,"采矿工","伊修加德",58,20,10,1,"龙堡内陆低地","伊修加德基础层","未知钓场",0,False,"采矿工","采矿工理符任务",0,"龙堡内陆低地","ui/icon/080000/080014.tex","GatheringLeve#131217",True,1,284,0,3516,"LeveRewardItem#487","ui/icon/080000/080029.tex","ui/icon/080000/080002.tex","Level#5581915","ui/icon/110000/110097.tex",True,"Level#5912211","music/ffxiv/BGM_Leves_Easy.scd"
1206,"大规模大量采集：彩色水晶的部件","教皇厅现决定大规模修缮其内部的彩色水晶。为此他们派发了筹集拥有一定透明度的水晶的委托。此为前往危险地带进行的采集任务，请求熟练的采矿工协助。","神殿骑士团修道祭司 帕迪尤",3,"采矿工","伊修加德",58,20,10,1,"龙堡内陆低地","伊修加德基础层","未知钓场",0,False,"采矿工","采矿工理符任务",0,"龙堡内陆低地","ui/icon/080000/080014.tex","GatheringLeve#131218",True,1,312,0,3516,"LeveRewardItem#487","ui/icon/080000/080030.tex","ui/icon/080000/080002.tex","Level#5581915","ui/icon/110000/110097.tex",True,"Level#5912212","music/ffxiv/BGM_Leves_Easy.scd"
1207,"大规模强行采集：废都的建筑技术","殖民城市萨雷安有着与皇都全然不同的石质建筑。为了验证他们的建筑技术能否应用到对龙要塞的防护墙强化上，请调查废都的建材，采集样本。","神殿骑士团指挥官 昂德卢",3,"采矿工","伊修加德",58,20,10,1,"龙堡内陆低地","伊修加德基础层","未知钓场",0,False,"采矿工","采矿工理符任务",0,"龙堡内陆低地","ui/icon/080000/080014.tex","GatheringLeve#131219",True,1,213,0,3516,"LeveRewardItem#487","ui/icon/080000/080040.tex","ui/icon/080000/080002.tex","Level#5581915","ui/icon/110000/110097.tex",True,"Level#5912213","music/ffxiv/BGM_Leves_Easy.scd"
1208,"指定采集：为匠人准备的山峰蟹","<UIForeground>F201F4</UIForeground><UIGlow>F201F5</UIGlow>采集方法：钓鱼<UIGlow>01</UIGlow><UIForeground>01</UIForeground>
我们想准备一些美味犒劳为神殿骑士团制作装备的教皇厅锻铁匠们。请去捕捉山峰蟹，土生土长的皇都人都喜欢它。","神殿骑士团财务长 阿米安娜",6,"捕鱼人","伊修加德",50,0,1,0,"库尔札斯西部高地","伊修加德基础层","交汇河",0,False,"捕鱼人","捕鱼人理符任务",0,"伊修加德","ui/icon/080000/080014.tex","指定采集：为匠人准备的山峰蟹",True,0,1,963302,900,"LeveRewardItem#488","ui/icon/080000/080057.tex","ui/icon/080000/080005.tex","Level#5852426","ui/icon/110000/110162.tex",True,"Level#5887782","music/ffxiv/BGM_Leves.scd"
1209,"指定采集：放养用蓝螯虾","<UIForeground>F201F4</UIForeground><UIGlow>F201F5</UIGlow>采集方法：钓鱼<UIGlow>01</UIGlow><UIForeground>01</UIForeground>
皇都的水路里水栖昆虫泛滥成灾。为了解决这一问题，我们决定将捕食这些昆虫的蓝螯虾投放进去。虽然不知道会有多少效果，但请务必捕捉一些精神的回来。","神殿骑士团财务长 阿米安娜",6,"捕鱼人","伊修加德",50,0,1,0,"龙堡参天高地","伊修加德基础层","悲叹飞泉",0,False,"捕鱼人","捕鱼人理符任务",0,"伊修加德","ui/icon/080000/080014.tex","指定采集：放养用蓝螯虾",True,0,1,963302,900,"LeveRewardItem#488","ui/icon/080000/080057.tex","ui/icon/080000/080005.tex","Level#5852426","ui/icon/110000/110140.tex",True,"Level#5888071","music/ffxiv/BGM_Leves.scd"
1210,"大量采集：晚餐会用湖胆","<UIForeground>F201F4</UIForeground><UIGlow>F201F5</UIGlow>采集方法：钓鱼<UIGlow>01</UIGlow><UIForeground>01</UIForeground>
现要举办一场招待教皇厅大人物的晚餐会。请找来一批美味的大个头湖胆以供宴席食用。","神殿骑士团财务长 阿米安娜",6,"捕鱼人","伊修加德",50,0,1,0,"库尔札斯西部高地","伊修加德基础层","灾祸池西",0,False,"捕鱼人","捕鱼人理符任务",0,"伊修加德","ui/icon/080000/080014.tex","大量采集：晚餐会用湖胆",True,0,1,577981,325,"LeveRewardItem#493","ui/icon/080000/080045.tex","ui/icon/080000/080005.tex","Level#5852426","ui/icon/110000/110163.tex",True,"Level#5887782","music/ffxiv/BGM_Leves.scd"
1211,"大规模指定采集：为匠人准备的山峰蟹","<UIForeground>F201F4</UIForeground><UIGlow>F201F5</UIGlow>采集方法：钓鱼<UIGlow>01</UIGlow><UIForeground>01</UIForeground>
我们想准备一些美味犒劳为神殿骑士团制作装备的教皇厅锻铁匠们。请去捕捉山峰蟹，土生土长的皇都人都喜欢它。","神殿骑士团财务长 阿米安娜",6,"捕鱼人","伊修加德",50,0,10,0,"库尔札斯西部高地","伊修加德基础层","交汇河",0,False,"捕鱼人","捕鱼人理符任务",0,"伊修加德","ui/icon/080000/080014.tex","大规模指定采集：为匠人准备的山峰蟹",True,0,1,3612380,4500,"LeveRewardItem#498","ui/icon/080000/080057.tex","ui/icon/080000/080002.tex","Level#5852426","ui/icon/110000/110162.tex",True,"Level#5887782","music/ffxiv/BGM_Leves.scd"
1212,"大规模指定采集：放养用蓝螯虾","<UIForeground>F201F4</UIForeground><UIGlow>F201F5</UIGlow>采集方法：钓鱼<UIGlow>01</UIGlow><UIForeground>01</UIForeground>
皇都的水路里水栖昆虫泛滥成灾。为了解决这一问题，我们决定将捕食这些昆虫的蓝螯虾投放进去。虽然不知道会有多少效果，但请务必捕捉一些精神的回来。","神殿骑士团财务长 阿米安娜",6,"捕鱼人","伊修加德",50,0,10,0,"龙堡参天高地","伊修加德基础层","悲叹飞泉",0,False,"捕鱼人","捕鱼人理符任务",0,"伊修加德","ui/icon/080000/080014.tex","大规模指定采集：放养用蓝螯虾",True,0,1,3612380,4500,"LeveRewardItem#498","ui/icon/080000/080057.tex","ui/icon/080000/080002.tex","Level#5852426","ui/icon/110000/110140.tex",True,"Level#5888071","music/ffxiv/BGM_Leves.scd"
1213,"大规模大量采集：晚餐会用湖胆","<UIForeground>F201F4</UIForeground><UIGlow>F201F5</UIGlow>采集方法：钓鱼<UIGlow>01</UIGlow><UIForeground>01</UIForeground>
现要举办一场招待教皇厅大人物的晚餐会。请找来一批美味的大个头湖胆以供宴席食用。","神殿骑士团财务长 阿米安娜",6,"捕鱼人","伊修加德",50,0,10,0,"库尔札斯西部高地","伊修加德基础层","灾祸池西",0,False,"捕鱼人","捕鱼人理符任务",0,"伊修加德","ui/icon/080000/080014.tex","大规模大量采集：晚餐会用湖胆",True,0,1,963302,1050,"LeveRewardItem#503","ui/icon/080000/080045.tex","ui/icon/080000/080002.tex","Level#5852426","ui/icon/110000/110163.tex",True,"Level#5887782","music/ffxiv/BGM_Leves.scd"
1214,"指定采集：供病人食用的三唇鲤","<UIForeground>F201F4</UIForeground><UIGlow>F201F5</UIGlow>采集方法：钓鱼<UIGlow>01</UIGlow><UIForeground>01</UIForeground>
发生在库尔札斯西部高地的战斗令很多人负了伤，但幸好其中大多并不致命。为了让他们平安归来，我们必须送去一些有营养的食物才行。请捕来供病人食用的三唇鲤。","神殿骑士团医院院长 亚伯",6,"捕鱼人","伊修加德",52,0,1,0,"龙堡参天高地","伊修加德基础层","宽慰河",0,False,"捕鱼人","捕鱼人理符任务",0,"伊修加德","ui/icon/080000/080014.tex","指定采集：供病人食用的三唇鲤",True,0,1,1001778,990,"LeveRewardItem#489","ui/icon/080000/080057.tex","ui/icon/080000/080005.tex","Level#5852426","ui/icon/110000/110141.tex",True,"Level#5888071","music/ffxiv/BGM_Leves.scd"
1215,"指定采集：送给劳动者的支援物资","<UIForeground>F201F4</UIForeground><UIGlow>F201F5</UIGlow>采集方法：钓鱼<UIGlow>01</UIGlow><UIForeground>01</UIForeground>
隼巢的扩建工程投入了以泽梅尔家木匠为首的大批劳动力。我们准备为他们运送包括食物在内的支援物资。请捕来符合大众口味的鱼类。","神殿骑士团财务长 阿米安娜",6,"捕鱼人","伊修加德",52,0,1,0,"龙堡参天高地","伊修加德基础层","悲叹飞泉",0,False,"捕鱼人","捕鱼人理符任务",0,"伊修加德","ui/icon/080000/080014.tex","指定采集：送给劳动者的支援物资",True,0,1,1001778,990,"LeveRewardItem#489","ui/icon/080000/080057.tex","ui/icon/080000/080005.tex","Level#5852426","ui/icon/110000/110141.tex",True,"Level#5888071","music/ffxiv/BGM_Leves.scd"
1216,"大量采集：骑士团的食材候补","<UIForeground>F201F4</UIForeground><UIGlow>F201F5</UIGlow>采集方法：钓鱼<UIGlow>01</UIGlow><UIForeground>01</UIForeground>
云顶营地为了改善伙食，正在尝试投用能在当地筹备到的鱼类。现在他们正借助教皇厅专属烹调师的帮助研究当地鱼类的烹调方法。请捕来作为食材候补之一的云鱼。","神殿骑士团财务长 阿米安娜",6,"捕鱼人","伊修加德",52,0,1,0,"阿巴拉提亚云海","伊修加德基础层","沃仙曦染",0,False,"捕鱼人","捕鱼人理符任务",0,"伊修加德","ui/icon/080000/080014.tex","大量采集：骑士团的食材候补",True,0,1,601067,358,"LeveRewardItem#494","ui/icon/080000/080045.tex","ui/icon/080000/080005.tex","Level#5852426","ui/icon/110000/110137.tex",True,"Level#5891107","music/ffxiv/BGM_Leves.scd"
1217,"大规模指定采集：供病人食用的三唇鲤","<UIForeground>F201F4</UIForeground><UIGlow>F201F5</UIGlow>采集方法：钓鱼<UIGlow>01</UIGlow><UIForeground>01</UIForeground>
发生在库尔札斯西部高地的战斗令很多人负了伤，但幸好其中大多并不致命。为了让他们平安归来，我们必须送去一些有营养的食物才行。请捕来供病人食用的三唇鲤。","神殿骑士团医院院长 亚伯",6,"捕鱼人","伊修加德",52,0,10,0,"龙堡参天高地","伊修加德基础层","宽慰河",0,False,"捕鱼人","捕鱼人理符任务",0,"伊修加德","ui/icon/080000/080014.tex","大规模指定采集：供病人食用的三唇鲤",True,0,1,3756668,4860,"LeveRewardItem#499","ui/icon/080000/080057.tex","ui/icon/080000/080002.tex","Level#5852426","ui/icon/110000/110141.tex",True,"Level#5888071","music/ffxiv/BGM_Leves.scd"
1218,"大规模指定采集：送给劳动者的支援物资","<UIForeground>F201F4</UIForeground><UIGlow>F201F5</UIGlow>采集方法：钓鱼<UIGlow>01</UIGlow><UIForeground>01</UIForeground>
隼巢的扩建工程投入了以泽梅尔家木匠为首的大批劳动力。我们准备为他们运送包括食物在内的支援物资。请捕来符合大众口味的鱼类。","神殿骑士团财务长 阿米安娜",6,"捕鱼人","伊修加德",52,0,10,0,"龙堡参天高地","伊修加德基础层","悲叹飞泉",0,False,"捕鱼人","捕鱼人理符任务",0,"伊修加德","ui/icon/080000/080014.tex","大规模指定采集：送给劳动者的支援物资",True,0,1,3756668,4860,"LeveRewardItem#499","ui/icon/080000/080057.tex","ui/icon/080000/080002.tex","Level#5852426","ui/icon/110000/110141.tex",True,"Level#5888071","music/ffxiv/BGM_Leves.scd"
1219,"大规模大量采集：骑士团的食材候补","<UIForeground>F201F4</UIForeground><UIGlow>F201F5</UIGlow>采集方法：钓鱼<UIGlow>01</UIGlow><UIForeground>01</UIForeground>
云顶营地为了改善伙食，正在尝试投用能在当地筹备到的鱼类。现在他们正借助教皇厅专属烹调师的帮助研究当地鱼类的烹调方法。请捕来作为食材候补之一的云鱼。","神殿骑士团财务长 阿米安娜",6,"捕鱼人","伊修加德",52,0,10,0,"阿巴拉提亚云海","伊修加德基础层","沃仙曦染",0,False,"捕鱼人","捕鱼人理符任务",0,"伊修加德","ui/icon/080000/080014.tex","大规模大量采集：骑士团的食材候补",True,0,1,1001778,1125,"LeveRewardItem#504","ui/icon/080000/080045.tex","ui/icon/080000/080002.tex","Level#5852426","ui/icon/110000/110137.tex",True,"Level#5891107","music/ffxiv/BGM_Leves.scd"
1220,"指定采集：马湖瓦伊的药效调查","<UIForeground>F201F4</UIForeground><UIGlow>F201F5</UIGlow>采集方法：钓鱼<UIGlow>01</UIGlow><UIForeground>01</UIForeground>
阿巴拉提亚云海的蔷薇骑兵团发来了有趣的情报。据说当地的瓦努族会利用一种叫做马湖瓦伊的云海生物制作伤药。为了确认其效果，请捕回样本。","神殿骑士团医院院长 亚伯",6,"捕鱼人","伊修加德",54,0,1,0,"阿巴拉提亚云海","伊修加德基础层","云顶",0,False,"捕鱼人","捕鱼人理符任务",0,"伊修加德","ui/icon/080000/080014.tex","指定采集：马湖瓦伊的药效调查",True,0,1,1083092,1080,"LeveRewardItem#490","ui/icon/080000/080057.tex","ui/icon/080000/080005.tex","Level#5852426","ui/icon/110000/110138.tex",True,"Level#5891107","music/ffxiv/BGM_Leves.scd"
1221,"指定采集：研究用飘浮蛋","<UIForeground>F201F4</UIForeground><UIGlow>F201F5</UIGlow>采集方法：钓鱼<UIGlow>01</UIGlow><UIForeground>01</UIForeground>
有一位贵族为神殿骑士团为首的很多团体都进行了资助。据说这位贵族想为自己资助的博物学家提供云海生物的生态样本。请务必协助我们报答这位贵族。","神殿骑士团财务长 阿米安娜",6,"捕鱼人","伊修加德",54,0,1,0,"阿巴拉提亚云海","伊修加德基础层","云顶",0,False,"捕鱼人","捕鱼人理符任务",0,"伊修加德","ui/icon/080000/080014.tex","指定采集：研究用飘浮蛋",True,0,1,1083092,1080,"LeveRewardItem#490","ui/icon/080000/080057.tex","ui/icon/080000/080005.tex","Level#5852426","ui/icon/110000/110138.tex",True,"Level#5891107","music/ffxiv/BGM_Leves.scd"
1222,"大量采集：渲染战旗的蓝","<UIForeground>F201F4</UIForeground><UIGlow>F201F5</UIGlow>采集方法：钓鱼<UIGlow>01</UIGlow><UIForeground>01</UIForeground>
我们想制作新的战旗补充皇都保卫战的损失。为了给新战旗染上鲜艳的蓝色，我们准备使用蓝天珊瑚制作染料。请大量采集。","神殿骑士团财务长 阿米安娜",6,"捕鱼人","伊修加德",54,0,1,0,"阿巴拉提亚云海","伊修加德基础层","云顶",0,False,"捕鱼人","捕鱼人理符任务",0,"伊修加德","ui/icon/080000/080014.tex","大量采集：渲染战旗的蓝",True,0,1,649855,390,"LeveRewardItem#495","ui/icon/080000/080045.tex","ui/icon/080000/080005.tex","Level#5852426","ui/icon/110000/110138.tex",True,"Level#5891107","music/ffxiv/BGM_Leves.scd"
1223,"大规模指定采集：马湖瓦伊的药效调查","<UIForeground>F201F4</UIForeground><UIGlow>F201F5</UIGlow>采集方法：钓鱼<UIGlow>01</UIGlow><UIForeground>01</UIForeground>
阿巴拉提亚云海的蔷薇骑兵团发来了有趣的情报。据说当地的瓦努族会利用一种叫做马湖瓦伊的云海生物制作伤药。为了确认其效果，请捕回样本。","神殿骑士团医院院长 亚伯",6,"捕鱼人","伊修加德",54,0,10,0,"阿巴拉提亚云海","伊修加德基础层","云顶",0,False,"捕鱼人","捕鱼人理符任务",0,"伊修加德","ui/icon/080000/080014.tex","大规模指定采集：马湖瓦伊的药效调查",True,0,1,4061592,5400,"LeveRewardItem#500","ui/icon/080000/080057.tex","ui/icon/080000/080002.tex","Level#5852426","ui/icon/110000/110138.tex",True,"Level#5891107","music/ffxiv/BGM_Leves.scd"
1224,"大规模指定采集：研究用飘浮蛋","<UIForeground>F201F4</UIForeground><UIGlow>F201F5</UIGlow>采集方法：钓鱼<UIGlow>01</UIGlow><UIForeground>01</UIForeground>
有一位贵族为神殿骑士团为首的很多团体都进行了资助。据说这位贵族想为自己资助的博物学家提供云海生物的生态样本。请务必协助我们报答这位贵族。","神殿骑士团财务长 阿米安娜",6,"捕鱼人","伊修加德",54,0,10,0,"阿巴拉提亚云海","伊修加德基础层","云顶",0,False,"捕鱼人","捕鱼人理符任务",0,"伊修加德","ui/icon/080000/080014.tex","大规模指定采集：研究用飘浮蛋",True,0,1,4061592,5400,"LeveRewardItem#500","ui/icon/080000/080057.tex","ui/icon/080000/080002.tex","Level#5852426","ui/icon/110000/110138.tex",True,"Level#5891107","music/ffxiv/BGM_Leves.scd"
1225,"大规模大量采集：渲染战旗的蓝","<UIForeground>F201F4</UIForeground><UIGlow>F201F5</UIGlow>采集方法：钓鱼<UIGlow>01</UIGlow><UIForeground>01</UIForeground>
我们想制作新的战旗补充皇都保卫战的损失。为了给新战旗染上鲜艳的蓝色，我们准备使用蓝天珊瑚制作染料。请大量采集。","神殿骑士团财务长 阿米安娜",6,"捕鱼人","伊修加德",54,0,10,0,"阿巴拉提亚云海","伊修加德基础层","云顶",0,False,"捕鱼人","捕鱼人理符任务",0,"伊修加德","ui/icon/080000/080014.tex","大规模大量采集：渲染战旗的蓝",True,0,1,1083092,1200,"LeveRewardItem#505","ui/icon/080000/080045.tex","ui/icon/080000/080002.tex","Level#5852426","ui/icon/110000/110138.tex",True,"Level#5891107","music/ffxiv/BGM_Leves.scd"
1226,"指定采集：龙族食用的鱼类","<UIForeground>F201F4</UIForeground><UIGlow>F201F5</UIGlow>采集方法：钓鱼<UIGlow>01</UIGlow><UIForeground>01</UIForeground>
接到通往翻云雾海的航路已经打开的消息，神殿骑士团前去展开了生态调查。调查龙族的食物源也是任务目标之一，请前往翻云雾海捕捉龙族可能会食用的鱼类。","神殿骑士团指挥官 昂德卢",6,"捕鱼人","伊修加德",56,0,1,0,"翻云雾海","伊修加德基础层","西方水泉",0,False,"捕鱼人","捕鱼人理符任务",0,"伊修加德","ui/icon/080000/080014.tex","指定采集：龙族食用的鱼类",True,0,1,1191215,1170,"LeveRewardItem#491","ui/icon/080000/080057.tex","ui/icon/080000/080005.tex","Level#5852426","ui/icon/110000/110142.tex",True,"Level#5891041","music/ffxiv/BGM_Leves.scd"
1227,"指定采集：研究用古代生物","<UIForeground>F201F4</UIForeground><UIGlow>F201F5</UIGlow>采集方法：钓鱼<UIGlow>01</UIGlow><UIForeground>01</UIForeground>
龙族通过魔力操纵古恐龙等古代生物，让它们成为了自己的眷属。为了调查生态，我们决定研究一下云海相对小型的古代生物。请捕获褐飞刀。","神殿骑士团指挥官 昂德卢",6,"捕鱼人","伊修加德",56,0,1,0,"翻云雾海","伊修加德基础层","惋惜之晶遗迹",0,False,"捕鱼人","捕鱼人理符任务",0,"伊修加德","ui/icon/080000/080014.tex","指定采集：研究用古代生物",True,0,1,1191215,1170,"LeveRewardItem#491","ui/icon/080000/080057.tex","ui/icon/080000/080005.tex","Level#5852426","ui/icon/110000/110142.tex",True,"Level#5891041","music/ffxiv/BGM_Leves.scd"
1228,"大量采集：为义勇兵准备的美食","<UIForeground>F201F4</UIForeground><UIGlow>F201F5</UIGlow>采集方法：钓鱼<UIGlow>01</UIGlow><UIForeground>01</UIForeground>
这次重整皇都的防御体制的一项，就是广从民间招募义勇兵，组成了皇都防卫队。我们想做一些好吃的犒劳那些在严格的训练后身体疲惫的义勇兵。请去捕捉大量的鲜鱼。","神殿骑士团指挥官 昂德卢",6,"捕鱼人","伊修加德",56,0,1,0,"龙堡参天高地","伊修加德基础层","饵食台地",0,False,"捕鱼人","捕鱼人理符任务",0,"伊修加德","ui/icon/080000/080014.tex","大量采集：为义勇兵准备的美食",True,0,1,714729,423,"LeveRewardItem#496","ui/icon/080000/080045.tex","ui/icon/080000/080005.tex","Level#5852426","ui/icon/110000/110141.tex",True,"Level#5888071","music/ffxiv/BGM_Leves.scd"
1229,"大规模指定采集：龙族食用的鱼类","<UIForeground>F201F4</UIForeground><UIGlow>F201F5</UIGlow>采集方法：钓鱼<UIGlow>01</UIGlow><UIForeground>01</UIForeground>
接到通往翻云雾海的航路已经打开的消息，神殿骑士团前去展开了生态调查。调查龙族的食物源也是任务目标之一，请前往翻云雾海捕捉龙族可能会食用的鱼类。","神殿骑士团指挥官 昂德卢",6,"捕鱼人","伊修加德",56,0,10,0,"翻云雾海","伊修加德基础层","西方水泉",0,False,"捕鱼人","捕鱼人理符任务",0,"伊修加德","ui/icon/080000/080014.tex","大规模指定采集：龙族食用的鱼类",True,0,1,4467056,5760,"LeveRewardItem#501","ui/icon/080000/080057.tex","ui/icon/080000/080002.tex","Level#5852426","ui/icon/110000/110142.tex",True,"Level#5891041","music/ffxiv/BGM_Leves.scd"
1230,"大规模指定采集：研究用古代生物","<UIForeground>F201F4</UIForeground><UIGlow>F201F5</UIGlow>采集方法：钓鱼<UIGlow>01</UIGlow><UIForeground>01</UIForeground>
龙族通过魔力操纵古恐龙等古代生物，让它们成为了自己的眷属。为了调查生态，我们决定研究一下云海相对小型的古代生物。请捕获褐飞刀。","神殿骑士团指挥官 昂德卢",6,"捕鱼人","伊修加德",56,0,10,0,"翻云雾海","伊修加德基础层","惋惜之晶遗迹",0,False,"捕鱼人","捕鱼人理符任务",0,"伊修加德","ui/icon/080000/080014.tex","大规模指定采集：研究用古代生物",True,0,1,4467056,5760,"LeveRewardItem#501","ui/icon/080000/080057.tex","ui/icon/080000/080002.tex","Level#5852426","ui/icon/110000/110142.tex",True,"Level#5891041","music/ffxiv/BGM_Leves.scd"
1231,"大规模大量采集：为义勇兵准备的美食","<UIForeground>F201F4</UIForeground><UIGlow>F201F5</UIGlow>采集方法：钓鱼<UIGlow>01</UIGlow><UIForeground>01</UIForeground>
这次重整皇都的防御体制的一项，就是广从民间招募义勇兵，组成了皇都防卫队。我们想做一些好吃的犒劳那些在严格的训练后身体疲惫的义勇兵。请去捕捉大量的鲜鱼。","神殿骑士团指挥官 昂德卢",6,"捕鱼人","伊修加德",56,0,10,0,"龙堡参天高地","伊修加德基础层","饵食台地",0,False,"捕鱼人","捕鱼人理符任务",0,"伊修加德","ui/icon/080000/080014.tex","大规模大量采集：为义勇兵准备的美食",True,0,1,1191215,1275,"LeveRewardItem#506","ui/icon/080000/080045.tex","ui/icon/080000/080002.tex","Level#5852426","ui/icon/110000/110141.tex",True,"Level#5888071","music/ffxiv/BGM_Leves.scd"
1232,"指定采集：奇怪的水剑鱼","<UIForeground>F201F4</UIForeground><UIGlow>F201F5</UIGlow>采集方法：钓鱼<UIGlow>01</UIGlow><UIForeground>01</UIForeground>
听说阿济兹拉栖息着奇怪的鱼类。我们认为这种能喷出高压水流的水剑鱼能为开发新武器提供灵感。请捕捉回样本。","神殿骑士团指挥官 昂德卢",6,"捕鱼人","伊修加德",58,0,1,0,"魔大陆阿济兹拉","伊修加德基础层","德尔塔管区",0,False,"捕鱼人","捕鱼人理符任务",0,"伊修加德","ui/icon/080000/080014.tex","指定采集：奇怪的水剑鱼",True,0,1,1245654,1260,"LeveRewardItem#492","ui/icon/080000/080057.tex","ui/icon/080000/080005.tex","Level#5852426","ui/icon/110000/110139.tex",True,"Level#9163354","music/ffxiv/BGM_Leves.scd"
1233,"指定采集：感冒药的材料","<UIForeground>F201F4</UIForeground><UIGlow>F201F5</UIGlow>采集方法：钓鱼<UIGlow>01</UIGlow><UIForeground>01</UIForeground>
近年皇都流行着一种恶性感冒。我们想请技艺高超的捕鱼人帮忙收集制作其特效药的材料。请捕捉一些大个头的星码龙虾。","神殿骑士团医院院长 亚伯",6,"捕鱼人","伊修加德",58,0,1,0,"魔大陆阿济兹拉","伊修加德基础层","德尔塔管区",0,False,"捕鱼人","捕鱼人理符任务",0,"伊修加德","ui/icon/080000/080014.tex","指定采集：感冒药的材料",True,0,1,1245654,1260,"LeveRewardItem#492","ui/icon/080000/080057.tex","ui/icon/080000/080005.tex","Level#5852426","ui/icon/110000/110139.tex",True,"Level#9163354","music/ffxiv/BGM_Leves.scd"
1234,"大量采集：异端审问官的工具","<UIForeground>F201F4</UIForeground><UIGlow>F201F5</UIGlow>采集方法：钓鱼<UIGlow>01</UIGlow><UIForeground>01</UIForeground>
请从阿济兹拉捕回大量的黑鞭。听说它们十分狰狞可怕，肯定能为我的“工作”提供很多帮助。","异端审问官 盖德莉",6,"捕鱼人","伊修加德",58,0,1,0,"魔大陆阿济兹拉","伊修加德基础层","阿尔法管区",0,False,"捕鱼人","捕鱼人理符任务",0,"伊修加德","ui/icon/080000/080014.tex","大量采集：异端审问官的工具",True,0,1,747393,455,"LeveRewardItem#497","ui/icon/080000/080045.tex","ui/icon/080000/080005.tex","Level#5852426","ui/icon/110000/110139.tex",True,"Level#9163354","music/ffxiv/BGM_Leves.scd"
1235,"大规模指定采集：奇怪的水剑鱼","<UIForeground>F201F4</UIForeground><UIGlow>F201F5</UIGlow>采集方法：钓鱼<UIGlow>01</UIGlow><UIForeground>01</UIForeground>
听说阿济兹拉栖息着奇怪的鱼类。我们认为这种能喷出高压水流的水剑鱼能为开发新武器提供灵感。请捕捉回样本。","神殿骑士团指挥官 昂德卢",6,"捕鱼人","伊修加德",58,0,10,0,"魔大陆阿济兹拉","伊修加德基础层","德尔塔管区",0,False,"捕鱼人","捕鱼人理符任务",0,"伊修加德","ui/icon/080000/080014.tex","大规模指定采集：奇怪的水剑鱼",True,0,1,4671203,6300,"LeveRewardItem#502","ui/icon/080000/080057.tex","ui/icon/080000/080002.tex","Level#5852426","ui/icon/110000/110139.tex",True,"Level#9163354","music/ffxiv/BGM_Leves.scd"
1236,"大规模指定采集：感冒药的材料","<UIForeground>F201F4</UIForeground><UIGlow>F201F5</UIGlow>采集方法：钓鱼<UIGlow>01</UIGlow><UIForeground>01</UIForeground>
近年皇都流行着一种恶性感冒。我们想请技艺高超的捕鱼人帮忙收集制作其特效药的材料。请捕捉一些大个头的星码龙虾。","神殿骑士团医院院长 亚伯",6,"捕鱼人","伊修加德",58,0,10,0,"魔大陆阿济兹拉","伊修加德基础层","德尔塔管区",0,False,"捕鱼人","捕鱼人理符任务",0,"伊修加德","ui/icon/080000/080014.tex","大规模指定采集：感冒药的材料",True,0,1,4671203,6300,"LeveRewardItem#502","ui/icon/080000/080057.tex","ui/icon/080000/080002.tex","Level#5852426","ui/icon/110000/110139.tex",True,"Level#9163354","music/ffxiv/BGM_Leves.scd"
1237,"大规模大量采集：异端审问官的工具","<UIForeground>F201F4</UIForeground><UIGlow>F201F5</UIGlow>采集方法：钓鱼<UIGlow>01</UIGlow><UIForeground>01</UIForeground>
请从阿济兹拉捕回大量的黑鞭。听说它们十分狰狞可怕，肯定能为我的“工作”提供很多帮助。","异端审问官 盖德莉",6,"捕鱼人","伊修加德",58,0,10,0,"魔大陆阿济兹拉","伊修加德基础层","阿尔法管区",0,False,"捕鱼人","捕鱼人理符任务",0,"伊修加德","ui/icon/080000/080014.tex","大规模大量采集：异端审问官的工具",True,0,1,1245654,1350,"LeveRewardItem#507","ui/icon/080000/080045.tex","ui/icon/080000/080002.tex","Level#5852426","ui/icon/110000/110139.tex",True,"Level#9163354","music/ffxiv/BGM_Leves.scd"
1238,"制作委托：在朝圣路上使用的手杖","远东之国有一种名为“朝圣”的习俗，需要徒步参拜各地的寺院。为了让去朝圣的旅行者可以顺利完成朝圣之旅，我想把用山毛榉制成的手杖出售给他们。希望你能帮我制作，要能够经得住在残酷的旅途中使用的、既结实又耐用的那种。","杂货店老板 葛花",6,"刻木匠","黄金港",60,0,1,0,"黄金港","黄金港","未知钓场",0,False,"刻木匠","刻木匠理符任务",0,"黄金港","ui/icon/080000/080015.tex","制作委托：在朝圣路上使用的手杖",True,0,1,812920,2496,"LeveRewardItem#508","ui/icon/080000/080033.tex","ui/icon/080000/080005.tex","Level#6654199","ui/icon/110000/110101.tex",True,,"music/ffxiv/BGM_Leves.scd"
1239,"制作委托：能够开拓市场的钓竿","不管在哪里，都肯定会喜爱钓鱼的人。因此我们商会制定了一个计划，通过为这些钓鱼爱好者们提供由艾欧泽亚技术制作的高品质钓竿，进而一口气开拓这里的市场。请帮我们制作方材制的钓竿。","东阿尔迪纳德商会伙计 琪琪茉",6,"刻木匠","黄金港",60,0,1,0,"黄金港","黄金港","未知钓场",0,False,"刻木匠","刻木匠理符任务",0,"黄金港","ui/icon/080000/080015.tex","制作委托：能够开拓市场的钓竿",True,0,1,428540,1872,"LeveRewardItem#508","ui/icon/080000/080033.tex","ui/icon/080000/080005.tex","Level#6654199","ui/icon/110000/110101.tex",True,,"music/ffxiv/BGM_Leves.scd"
1240,"批发委托：加工好的山毛榉木材","山毛榉木材是一种既柔韧又易腐烂同时也很难处理的木材。不过，如果进行细致的防腐处理，它的柔韧性就可以在制作太鼓和家具上大放光彩。对木材了如指掌的工匠，拜托你将加工完美的山毛榉木材交给我。","木材供应商左岸屋老板 左岸",6,"刻木匠","黄金港",60,0,1,0,"黄金港","黄金港","未知钓场",0,False,"刻木匠","刻木匠理符任务",0,"黄金港","ui/icon/080000/080015.tex","批发委托：加工好的山毛榉木材",True,0,1,94630,451,"LeveRewardItem#513","ui/icon/080000/080041.tex","ui/icon/080000/080005.tex","Level#6654199","ui/icon/110000/110101.tex",True,,"music/ffxiv/BGM_Leves.scd"
1241,"制作委托：艾欧泽亚风格的长枪","我想为远东之国的武者们介绍艾欧泽亚风格的长枪，因此想向你订购由什么硬钢制作的奇特长枪。如果这种长枪能被大众接受，就会创造巨大的销售额，所以请你务必要用心制作。","武具商 金椀",6,"刻木匠","黄金港",62,0,1,0,"黄金港","黄金港","未知钓场",0,False,"刻木匠","刻木匠理符任务",0,"黄金港","ui/icon/080000/080015.tex","制作委托：艾欧泽亚风格的长枪",True,0,1,705130,2746,"LeveRewardItem#509","ui/icon/080000/080033.tex","ui/icon/080000/080005.tex","Level#6654199","ui/icon/110000/110101.tex",True,,"music/ffxiv/BGM_Leves.scd"
1242,"制作委托：落叶松复合弓","我想出售异国风格的弓箭，不过武者们似乎都认为，只要是弓那必定就是由木材制成的。因此我希望你能帮我制作复合弓，也就是说在以落叶松为主体的同时添加一些其他材料，用来增加弓的强度。","武具商 金椀",6,"刻木匠","黄金港",62,0,1,0,"黄金港","黄金港","未知钓场",0,False,"刻木匠","刻木匠理符任务",0,"黄金港","ui/icon/080000/080015.tex","制作委托：落叶松复合弓",True,0,1,705130,2746,"LeveRewardItem#509","ui/icon/080000/080033.tex","ui/icon/080000/080005.tex","Level#6654199","ui/icon/110000/110101.tex",True,,"music/ffxiv/BGM_Leves.scd"
1243,"批发委托：异国风格的木制手镯","悄悄跟你说，现在在那群老爷之间，特别流行异国风格的饰物。啊，我指的不是自己戴的那种，而是可以送人的稀奇玩意，比如送给三条花街的艺伎用来吸引人家注意之类的。我相信这种手镯一定很有市场，所以麻烦你大批进行制作。","杂货店老板 葛花",6,"刻木匠","黄金港",62,0,1,0,"黄金港","黄金港","未知钓场",0,False,"刻木匠","刻木匠理符任务",0,"黄金港","ui/icon/080000/080015.tex","批发委托：异国风格的木制手镯",True,0,1,357430,991,"LeveRewardItem#514","ui/icon/080000/080041.tex","ui/icon/080000/080005.tex","Level#6654199","ui/icon/110000/110101.tex",True,,"music/ffxiv/BGM_Leves.scd"
1244,"制作委托：乌尔达哈风格裁衣工具","大天屋现在开始出售艾欧泽亚风格的装束了，虽然大部分商品都是从异国乌尔达哈采购的，但商品的细节调整与缝补却需要在本店进行。因此希望你能帮我们制作适合裁衣工作的乌尔达哈风格的裁衣工具。","和服供应商大天屋掌柜 矢切",6,"刻木匠","黄金港",64,0,1,0,"黄金港","黄金港","未知钓场",0,False,"刻木匠","刻木匠理符任务",0,"黄金港","ui/icon/080000/080015.tex","制作委托：乌尔达哈风格裁衣工具",True,0,1,489060,2246,"LeveRewardItem#608","ui/icon/080000/080033.tex","ui/icon/080000/080005.tex","Level#6654199","ui/icon/110000/110101.tex",True,,"music/ffxiv/BGM_Leves.scd"
1245,"制作委托：加工好的松木","松木的颜色会随着年月发生改变，越古老颜色就越深。但在加工的过程中却经常发生死节脱落或是出现裂痕等问题。手艺精湛的工匠，拜托你将加工完美的松木交给我。","木材供应商左岸屋老板 左岸",6,"刻木匠","黄金港",64,0,1,0,"黄金港","黄金港","未知钓场",0,False,"刻木匠","刻木匠理符任务",0,"黄金港","ui/icon/080000/080015.tex","制作委托：加工好的松木",True,0,1,158940,1498,"LeveRewardItem#510","ui/icon/080000/080033.tex","ui/icon/080000/080005.tex","Level#6654199","ui/icon/110000/110101.tex",True,,"music/ffxiv/BGM_Leves.scd"
1246,"批发委托：迎合市场的手杖","在«红州徒步旅行记»这本游记的大红大紫下，现在徒步旅行变成了十分时尚的活动。现在不卖手杖还能卖什么呢？总之，就拜托你制作能够经得住残酷旅途的、既结实又耐用的手杖了。","杂货店老板 葛花",6,"刻木匠","黄金港",64,0,1,0,"黄金港","黄金港","未知钓场",0,False,"刻木匠","刻木匠理符任务",0,"黄金港","ui/icon/080000/080015.tex","批发委托：迎合市场的手杖",True,0,1,375300,1082,"LeveRewardItem#515","ui/icon/080000/080041.tex","ui/icon/080000/080005.tex","Level#6654199","ui/icon/110000/110101.tex",True,,"music/ffxiv/BGM_Leves.scd"
1247,"制作委托：玉钢制高级长枪","之前介绍给武者们的艾欧泽亚风格的长枪大受好评，我们后来又收到了很多订单。因此我希望你这次能使用高级玉钢，制作外表华丽的长枪。让我见识见识你这位老练工匠的精湛技术吧。","武具商 金椀",6,"刻木匠","黄金港",66,0,1,0,"黄金港","黄金港","未知钓场",0,False,"刻木匠","刻木匠理符任务",0,"黄金港","ui/icon/080000/080015.tex","制作委托：玉钢制高级长枪",True,0,1,739840,3245,"LeveRewardItem#511","ui/icon/080000/080033.tex","ui/icon/080000/080005.tex","Level#6654199","ui/icon/110000/110101.tex",True,,"music/ffxiv/BGM_Leves.scd"
1248,"制作委托：异国风格的木制耳饰","悄悄跟你说，现在在那群老爷之间，围绕某位艺伎展开了一场进贡之战。他们接二连三地在我们这里寻求稀奇的异国风格饰物，我们都快要应付不过来了。因此，就拜托你制作柿木制的耳饰了。","杂货店老板 葛花",6,"刻木匠","黄金港",66,0,1,0,"黄金港","黄金港","未知钓场",0,False,"刻木匠","刻木匠理符任务",0,"黄金港","ui/icon/080000/080015.tex","制作委托：异国风格的木制耳饰",True,0,1,395430,2434,"LeveRewardItem#511","ui/icon/080000/080033.tex","ui/icon/080000/080005.tex","Level#6654199","ui/icon/110000/110101.tex",True,,"music/ffxiv/BGM_Leves.scd"
1249,"批发委托：艾欧泽亚风格的钓竿","艾欧泽亚的钓竿好像成为了远东之国的钓鱼爱好者们津津乐道的话题。为了不错过这个商机，我们商会决定大量收购钓竿。请你帮我们制作方材制的高级钓竿。","东阿尔迪纳德商会伙计 琪琪茉",6,"刻木匠","黄金港",66,0,1,0,"黄金港","黄金港","未知钓场",0,False,"刻木匠","刻木匠理符任务",0,"黄金港","ui/icon/080000/080015.tex","批发委托：艾欧泽亚风格的钓竿",True,0,1,270320,1172,"LeveRewardItem#516","ui/icon/080000/080041.tex","ui/icon/080000/080005.tex","Level#6654199","ui/icon/110000/110101.tex",True,,"music/ffxiv/BGM_Leves.scd"
1250,"制作委托：异国风格的木制项链","悄悄跟你说，那群老爷之间展开的围绕某位艺伎的进贡之战就快要有结果了。现在只剩下两位没有分出胜负的老爷，为了最后胜出的那位老爷，麻烦你制作异国风格的项链。","杂货店老板 葛花",6,"刻木匠","黄金港",68,0,1,0,"黄金港","黄金港","未知钓场",0,False,"刻木匠","刻木匠理符任务",0,"黄金港","ui/icon/080000/080015.tex","制作委托：异国风格的木制项链",True,0,1,556350,2621,"LeveRewardItem#609","ui/icon/080000/080033.tex","ui/icon/080000/080005.tex","Level#6654199","ui/icon/110000/110101.tex",True,,"music/ffxiv/BGM_Leves.scd"
1251,"制作委托：加工好的高级榉木","榉木因为自己独特的光泽与美丽的纹理，在远东之国被视为很高级的木材。为了把这家店发展得比哥哥那里还大，我想用高级商品来一较高下。拜托你将加工完美的榉木木材交给我。","木材供应商左岸屋老板 左岸",6,"刻木匠","黄金港",68,0,1,0,"黄金港","黄金港","未知钓场",0,False,"刻木匠","刻木匠理符任务",0,"黄金港","ui/icon/080000/080015.tex","制作委托：加工好的高级榉木",True,0,1,180810,1747,"LeveRewardItem#512","ui/icon/080000/080033.tex","ui/icon/080000/080005.tex","Level#6654199","ui/icon/110000/110101.tex",True,,"music/ffxiv/BGM_Leves.scd"
1252,"批发委托：流镝马专用的弓","最近这里要举办一项活动，是由黄金港奉行主办的在马上用弓箭射击的流镝马。我们希望有人能帮忙制作活动中需要用到的榉木制弓。为了让所有参加者都能人手一把，我们想找一位老练的工匠进行大量的制作。","武具商 金椀",6,"刻木匠","黄金港",68,0,1,0,"黄金港","黄金港","未知钓场",0,False,"刻木匠","刻木匠理符任务",0,"黄金港","ui/icon/080000/080015.tex","批发委托：流镝马专用的弓",True,0,1,408920,1262,"LeveRewardItem#517","ui/icon/080000/080041.tex","ui/icon/080000/080005.tex","Level#6654199","ui/icon/110000/110101.tex",True,,"music/ffxiv/BGM_Leves.scd"
1253,"制作委托：送给导游的工作服","我是一位纪行作家，名叫丽丽玖。我最近得到了幕府的特别批准，正在计划到远东之国的红州去旅行。因此我想委托你帮我制作工作服，我要把它送给为我当导游的当地人。","纪行作家 丽丽玖",6,"制革匠","黄金港",60,0,1,0,"黄金港","黄金港","未知钓场",0,False,"制革匠","制革匠理符任务",0,"黄金港","ui/icon/080000/080015.tex","制作委托：送给导游的工作服",True,0,1,703720,2496,"LeveRewardItem#610","ui/icon/080000/080033.tex","ui/icon/080000/080005.tex","Level#6654199","ui/icon/110000/110101.tex",True,,"music/ffxiv/BGM_Leves.scd"
1254,"制作委托：大型陆鸟皮革","我哥哥其实是一位石材五金供应商，为了和他较量营业额，我打算开始拓展新的事业，进军虽然也属于材木批发行业但却没有被哥哥涉足过的皮革材领域。那么就拜托你制作异国的大型陆鸟的革材吧，当作是我这里的第一份新商品。","木材供应商左岸屋老板 左岸",6,"制革匠","黄金港",60,0,1,0,"黄金港","黄金港","未知钓场",0,False,"制革匠","制革匠理符任务",0,"黄金港","ui/icon/080000/080015.tex","制作委托：大型陆鸟皮革",True,0,1,236350,1248,"LeveRewardItem#558","ui/icon/080000/080033.tex","ui/icon/080000/080005.tex","Level#6654199","ui/icon/110000/110101.tex",True,,"music/ffxiv/BGM_Leves.scd"
1255,"批发委托：尝试引进的皮质狩猎帽","我们赤诚组的代表服饰就是红色的羽织，但是现在大家在讨论一个问题，那就是为了配合黄金港的工作，我们是否需要穿着异国服饰。结论是我们打算先尝试以皮帽来搭配羽织，希望能有可以接下这笔庞大订单的人参与制作。","赤诚组账房 霜夜",6,"制革匠","黄金港",60,0,1,0,"黄金港","黄金港","未知钓场",0,False,"制革匠","制革匠理符任务",0,"黄金港","ui/icon/080000/080015.tex","批发委托：尝试引进的皮质狩猎帽",True,0,1,225670,676,"LeveRewardItem#563","ui/icon/080000/080041.tex","ui/icon/080000/080005.tex","Level#6654199","ui/icon/110000/110101.tex",True,,"music/ffxiv/BGM_Leves.scd"
1256,"制作委托：在朝圣路上所穿的长靴","远东之国有一种名为“朝圣”的习俗，需要徒步参拜各地的寺院。为了让去朝圣的旅行者可以顺利完成朝圣之旅，我想把能够保护腿脚的艾欧泽亚风格长靴出售给他们。希望你能帮我制作，要能够经得住在残酷的旅途中使用的、既结实又耐用的那种。","杂货店老板 葛花",6,"制革匠","黄金港",62,0,1,0,"黄金港","黄金港","未知钓场",0,False,"制革匠","制革匠理符任务",0,"黄金港","ui/icon/080000/080015.tex","制作委托：在朝圣路上所穿的长靴",True,0,1,595710,2746,"LeveRewardItem#559","ui/icon/080000/080033.tex","ui/icon/080000/080005.tex","Level#6654199","ui/icon/110000/110101.tex",True,,"music/ffxiv/BGM_Leves.scd"
1257,"制作委托：异国制革制手镯","悄悄跟你说，现在在那群老爷之间，特别流行异国风格的饰物。啊，我指的不是自己戴的那种，而是可以送人的稀奇玩意，比如送给三条花街的艺伎用来吸引人家注意之类的。于是，就麻烦你帮我制作用牛鬼皮制成的异国风格的手镯了。","杂货店老板 葛花",6,"制革匠","黄金港",62,0,1,0,"黄金港","黄金港","未知钓场",0,False,"制革匠","制革匠理符任务",0,"黄金港","ui/icon/080000/080015.tex","制作委托：异国制革制手镯",True,0,1,486300,2746,"LeveRewardItem#559","ui/icon/080000/080033.tex","ui/icon/080000/080005.tex","Level#6654199","ui/icon/110000/110101.tex",True,,"music/ffxiv/BGM_Leves.scd"
1258,"批发委托：水手专用的手套","我们是从萨维奈岛到这里来做生意的，但是这处处充满了稀奇商品的黄金港却没什么吸引我们的必需品。我们正在寻找能够保护船员双手的革制手套，但是却怎么也找不到合适的，正觉得十分头痛。请你务必要帮我们做一些。","远洋交易船“圣皇妃号”船长 珠布丽尔",6,"制革匠","黄金港",62,0,1,0,"黄金港","黄金港","未知钓场",0,False,"制革匠","制革匠理符任务",0,"黄金港","ui/icon/080000/080015.tex","批发委托：水手专用的手套",True,0,1,357430,991,"LeveRewardItem#564","ui/icon/080000/080041.tex","ui/icon/080000/080005.tex","Level#6654199","ui/icon/110000/110101.tex",True,,"music/ffxiv/BGM_Leves.scd"
1259,"制作委托：帅气的虎皮帽","我们巨人锻炉也开始模仿那个百亿富翁正式在东方做起生意了哟。可不幸的是，我的帽子被风吹到了大海里。帮我做一顶帅气的虎皮帽子吧。别忘了哟！","商会巨人锻炉商人 卡·恩达妮亚",6,"制革匠","黄金港",64,0,1,0,"黄金港","黄金港","未知钓场",0,False,"制革匠","制革匠理符任务",0,"黄金港","ui/icon/080000/080015.tex","制作委托：帅气的虎皮帽",True,0,1,709140,2995,"LeveRewardItem#560","ui/icon/080000/080033.tex","ui/icon/080000/080005.tex","Level#6654199","ui/icon/110000/110101.tex",True,,"music/ffxiv/BGM_Leves.scd"
1260,"制作委托：用于出租的皮鞋","尽管我们平时都穿木屐或是草鞋，但当要与异国要人见面的时候却想要换成异国服饰，这也算人之常情吧。因此，我希望你能帮忙准备艾欧泽亚风格的皮鞋，用来租借给别人，如果能把大小做成标准尺码就最好不过了。","租借店老板 寿",6,"制革匠","黄金港",64,0,1,0,"黄金港","黄金港","未知钓场",0,False,"制革匠","制革匠理符任务",0,"黄金港","ui/icon/080000/080015.tex","制作委托：用于出租的皮鞋",True,0,1,599100,2995,"LeveRewardItem#560","ui/icon/080000/080033.tex","ui/icon/080000/080005.tex","Level#6654199","ui/icon/110000/110101.tex",True,,"music/ffxiv/BGM_Leves.scd"
1261,"批发委托：原产大陆的虎皮","不知道是不是因为我经手的都是珍稀商品的关系，我现在已经完全陷入皮革材领域里了。于是，我打算靠最近流通量正在减少的原产于奥萨德次大陆的虎皮来增加销售额。为了赢过哥哥的店，拜托你把虎皮大量提供给我。","木材供应商左岸屋老板 左岸",6,"制革匠","黄金港",64,0,1,0,"黄金港","黄金港","未知钓场",0,False,"制革匠","制革匠理符任务",0,"黄金港","ui/icon/080000/080015.tex","批发委托：原产大陆的虎皮",True,0,1,142900,541,"LeveRewardItem#565","ui/icon/080000/080041.tex","ui/icon/080000/080005.tex","Level#6654199","ui/icon/110000/110101.tex",True,,"music/ffxiv/BGM_Leves.scd"
1262,"制作委托：艾欧泽亚风格的皮手套","大天屋现在开始出售艾欧泽亚风格的装束了，虽然大部分商品都是从异国乌尔达哈采购的，质量非常好，但路上花费的运输时间实在是太长了。因此，我希望你能帮忙制作我们现在正短缺的皮手套。","和服供应商大天屋掌柜 矢切",6,"制革匠","黄金港",66,0,1,0,"黄金港","黄金港","未知钓场",0,False,"制革匠","制革匠理符任务",0,"黄金港","ui/icon/080000/080015.tex","制作委托：艾欧泽亚风格的皮手套",True,0,1,625040,3245,"LeveRewardItem#561","ui/icon/080000/080033.tex","ui/icon/080000/080005.tex","Level#6654199","ui/icon/110000/110101.tex",True,,"music/ffxiv/BGM_Leves.scd"
1263,"制作委托：用于出租的上衣","自从我开始做出租洋装的生意之后，就吃惊地发现原来大家对洋装的需求有这么大。很多我原以为是保守派的人也都有试穿洋装的欲望。因此我想再让自己的出租商品变得充实一些，就拜托你帮我制作异国风格的上衣了。","租借店老板 寿",6,"制革匠","黄金港",66,0,1,0,"黄金港","黄金港","未知钓场",0,False,"制革匠","制革匠理符任务",0,"黄金港","ui/icon/080000/080015.tex","制作委托：用于出租的上衣",True,0,1,739840,3245,"LeveRewardItem#561","ui/icon/080000/080033.tex","ui/icon/080000/080005.tex","Level#6654199","ui/icon/110000/110101.tex",True,,"music/ffxiv/BGM_Leves.scd"
1264,"批发委托：帅气的马裤","我们巨人锻炉也开始正式在东方做起生意了哟。但是却遇到了骗子，把我们拿来卖的马裤给骗走了。好伤心。为了填补这个损失，帮我制作一批帅气的马裤吧。别忘了哟！","商会巨人锻炉商人 卡·恩达妮亚",6,"制革匠","黄金港",66,0,1,0,"黄金港","黄金港","未知钓场",0,False,"制革匠","制革匠理符任务",0,"黄金港","ui/icon/080000/080015.tex","批发委托：帅气的马裤",True,0,1,581670,1172,"LeveRewardItem#566","ui/icon/080000/080041.tex","ui/icon/080000/080005.tex","Level#6654199","ui/icon/110000/110101.tex",True,,"music/ffxiv/BGM_Leves.scd"
1265,"制作委托：用于当样品的革制品","我们商会正在为远东之国的人们介绍艾欧泽亚的物品，现在想要加一件瞪羚革制的样品用于展示，请帮我们制作一副革制笼手吧。","东阿尔迪纳德商会伙计 琪琪茉",6,"制革匠","黄金港",68,0,1,0,"黄金港","黄金港","未知钓场",0,False,"制革匠","制革匠理符任务",0,"黄金港","ui/icon/080000/080015.tex","制作委托：用于当样品的革制品",True,0,1,806710,3494,"LeveRewardItem#562","ui/icon/080000/080033.tex","ui/icon/080000/080005.tex","Level#6654199","ui/icon/110000/110101.tex",True,,"music/ffxiv/BGM_Leves.scd"
1266,"制作委托：帅气的护甲","我们巨人锻炉正在忙碌地在东方做着生意哟。虽然发生了很多事，但是也遇到了很多好人。为了满足那些宝贵的熟客们，帮我做一件帅气的护甲吧。能按约定完成工作的工匠，我最喜欢了哟！","商会巨人锻炉商人 卡·恩达妮亚",6,"制革匠","黄金港",68,0,1,0,"黄金港","黄金港","未知钓场",0,False,"制革匠","制革匠理符任务",0,"黄金港","ui/icon/080000/080015.tex","制作委托：帅气的护甲",True,0,1,1182260,3494,"LeveRewardItem#562","ui/icon/080000/080033.tex","ui/icon/080000/080005.tex","Level#6654199","ui/icon/110000/110101.tex",True,,"music/ffxiv/BGM_Leves.scd"
1267,"批发委托：用于出租的长靴","出租洋装已经成了本店的固定项目了。为了继续充实出租品，我想收购一批大小不一的长靴。希望你能用“瞪羚革”这种材料帮我制作！","租借店老板 寿",6,"制革匠","黄金港",68,0,1,0,"黄金港","黄金港","未知钓场",0,False,"制革匠","制革匠理符任务",0,"黄金港","ui/icon/080000/080015.tex","批发委托：用于出租的长靴",True,0,1,559130,1262,"LeveRewardItem#567","ui/icon/080000/080041.tex","ui/icon/080000/080005.tex","Level#6654199","ui/icon/110000/110101.tex",True,,"music/ffxiv/BGM_Leves.scd"
1268,"制作委托：护身用的单手剑","我是一位纪行作家，名叫丽丽玖。我最近得到了幕府的特别批准，正在计划到远东之国的红州去旅行。因此我想委托你帮我制作单手剑，我好带着它防身。","纪行作家 丽丽玖",6,"锻铁匠","黄金港",60,0,1,0,"黄金港","黄金港","未知钓场",0,False,"锻铁匠","锻铁匠理符任务",0,"黄金港","ui/icon/080000/080015.tex","制作委托：护身用的单手剑",True,0,1,703720,2496,"LeveRewardItem#518","ui/icon/080000/080033.tex","ui/icon/080000/080005.tex","Level#6654199","ui/icon/110000/110101.tex",True,,"music/ffxiv/BGM_Leves.scd"
1269,"制作委托：用于出租的小刀","我开了一家出租店，通过把衣服和工具借给别人，从而收取租金来营生。这次我想要的是能用在制革工作里的工具，希望你能帮我准备一把锋利的小刀。","租借店老板 寿",6,"锻铁匠","黄金港",60,0,1,0,"黄金港","黄金港","未知钓场",0,False,"锻铁匠","锻铁匠理符任务",0,"黄金港","ui/icon/080000/080015.tex","制作委托：用于出租的小刀",True,0,1,402330,1872,"LeveRewardItem#518","ui/icon/080000/080033.tex","ui/icon/080000/080005.tex","Level#6654199","ui/icon/110000/110101.tex",True,,"music/ffxiv/BGM_Leves.scd"
1270,"批发委托：用于库存的小块硬钢","锻铁可以制作很多物品，从铠甲、头盔到工具都可以打造。随着我们在黄金港的生意越做越大，客人在我们这里下的订单也越来越多。因此，我希望能多储备一些用来当材料的金属。如果你有小块硬钢的话就交给我吧，多多益善。","锻铁工匠 云龙",6,"锻铁匠","黄金港",60,0,1,0,"黄金港","黄金港","未知钓场",0,False,"锻铁匠","锻铁匠理符任务",0,"黄金港","ui/icon/080000/080015.tex","批发委托：用于库存的小块硬钢",True,0,1,110360,451,"LeveRewardItem#523","ui/icon/080000/080041.tex","ui/icon/080000/080005.tex","Level#6654199","ui/icon/110000/110101.tex",True,,"music/ffxiv/BGM_Leves.scd"
1271,"制作委托：用于秘密调查的短刀","我们赤诚组的代表服饰就是红色的羽织，但是在秘密调查的时候，有时需要假扮成普通居民。在这种无法佩带长刀的时候，就需要用到易于隐藏的短刀。希望能有对自己手艺有信心的工匠参与制作。","赤诚组账房 霜夜",6,"锻铁匠","黄金港",62,0,1,0,"黄金港","黄金港","未知钓场",0,False,"锻铁匠","锻铁匠理符任务",0,"黄金港","ui/icon/080000/080015.tex","制作委托：用于秘密调查的短刀",True,0,1,705130,2746,"LeveRewardItem#519","ui/icon/080000/080033.tex","ui/icon/080000/080005.tex","Level#6654199","ui/icon/110000/110101.tex",True,,"music/ffxiv/BGM_Leves.scd"
1272,"制作委托：别人订购的锤子","我们接到了堆砌石墙的石匠们发来的紧急订单。听说是因为工作用的锤子坏了，需要立即换上新的锤子。可是小锻冶工匠还有别的工作要做，没办法接单，所以很抱歉，能请你代为制作吗？","锻铁工匠 云龙",6,"锻铁匠","黄金港",62,0,1,0,"黄金港","黄金港","未知钓场",0,False,"锻铁匠","锻铁匠理符任务",0,"黄金港","ui/icon/080000/080015.tex","制作委托：别人订购的锤子",True,0,1,376880,2746,"LeveRewardItem#519","ui/icon/080000/080033.tex","ui/icon/080000/080005.tex","Level#6654199","ui/icon/110000/110101.tex",True,,"music/ffxiv/BGM_Leves.scd"
1273,"批发委托：用于出租的锉刀","前阵子有人来租锉刀，结果没两天客人就脸红脖子粗地跑回来叫我们还钱。我一打听才知道，原来是锉刀磨损的太严重，都已经不能用了。因此我想把旧的锉刀都换成新的，希望你能给我制作一批。","租借店老板 寿",6,"锻铁匠","黄金港",62,0,1,0,"黄金港","黄金港","未知钓场",0,False,"锻铁匠","锻铁匠理符任务",0,"黄金港","ui/icon/080000/080015.tex","批发委托：用于出租的锉刀",True,0,1,226120,991,"LeveRewardItem#524","ui/icon/080000/080041.tex","ui/icon/080000/080005.tex","Level#6654199","ui/icon/110000/110101.tex",True,,"music/ffxiv/BGM_Leves.scd"
1274,"制作委托：锋利的菜刀","厨师是指为赤诚组的成员们准备饭菜的人，因为每天都要做大量的饭菜，所以厨具的磨损也很快。因此，请帮忙制作锋利的菜刀！","赤诚组厨师 三五夜",6,"锻铁匠","黄金港",64,0,1,0,"黄金港","黄金港","未知钓场",0,False,"锻铁匠","锻铁匠理符任务",0,"黄金港","ui/icon/080000/080015.tex","制作委托：锋利的菜刀",True,0,1,489060,2995,"LeveRewardItem#611","ui/icon/080000/080033.tex","ui/icon/080000/080005.tex","Level#6654199","ui/icon/110000/110101.tex",True,,"music/ffxiv/BGM_Leves.scd"
1275,"制作委托：帅气的卸铁","我们巨人锻炉也开始模仿那个百亿富翁正式在东方做起生意了哟。可是却被东阿尔迪纳德商会抢了先，买不到东方金属了，帮我制作帅气的卸铁吧。别忘了哟！","商会巨人锻炉商人 卡·恩达妮亚",6,"锻铁匠","黄金港",64,0,1,0,"黄金港","黄金港","未知钓场",0,False,"锻铁匠","锻铁匠理符任务",0,"黄金港","ui/icon/080000/080015.tex","制作委托：帅气的卸铁",True,0,1,185340,1498,"LeveRewardItem#520","ui/icon/080000/080033.tex","ui/icon/080000/080005.tex","Level#6654199","ui/icon/110000/110101.tex",True,,"music/ffxiv/BGM_Leves.scd"
1276,"批发委托：用于攻城的大斧","我们赤诚组的主要武器就是刀和枪。但是在攻城的时候，还需要用到可以打破紧闭的大门的工具。我们这次决定要把攻城用的大斧换成新的，希望有能够制作卸铁制大斧的人参与制作。","赤诚组账房 霜夜",6,"锻铁匠","黄金港",64,0,1,0,"黄金港","黄金港","未知钓场",0,False,"锻铁匠","锻铁匠理符任务",0,"黄金港","ui/icon/080000/080015.tex","批发委托：用于攻城的大斧",True,0,1,425480,1082,"LeveRewardItem#525","ui/icon/080000/080041.tex","ui/icon/080000/080005.tex","Level#6654199","ui/icon/110000/110101.tex",True,,"music/ffxiv/BGM_Leves.scd"
1277,"制作委托：船匠用的锯子","锻铁的人手还是不够，严重缺少能够制作生活用具和工具的工匠。尽管船匠们发来了制作锯子的订单，可我们根本没法如约完成。不好意思，能请你代为制作锋利的锯子吗？","锻铁工匠 云龙",6,"锻铁匠","黄金港",66,0,1,0,"黄金港","黄金港","未知钓场",0,False,"锻铁匠","锻铁匠理符任务",0,"黄金港","ui/icon/080000/080015.tex","制作委托：船匠用的锯子",True,0,1,625040,3245,"LeveRewardItem#521","ui/icon/080000/080033.tex","ui/icon/080000/080005.tex","Level#6654199","ui/icon/110000/110101.tex",True,,"music/ffxiv/BGM_Leves.scd"
1278,"制作委托：用于出租的研钵","出租店能够一直办下去的诀窍就是备齐大家平时不会用，但是必要的时候又不得不用的东西。这次我想让你准备的就是平时用不到，但一旦家里有人生病就会需要用到的研钵，做出来的商品可一定要耐用哦。","租借店老板 寿",6,"锻铁匠","黄金港",66,0,1,0,"黄金港","黄金港","未知钓场",0,False,"锻铁匠","锻铁匠理符任务",0,"黄金港","ui/icon/080000/080015.tex","制作委托：用于出租的研钵",True,0,1,395430,3245,"LeveRewardItem#521","ui/icon/080000/080033.tex","ui/icon/080000/080005.tex","Level#6654199","ui/icon/110000/110101.tex",True,,"music/ffxiv/BGM_Leves.scd"
1279,"批发委托：帅气的太刀","我们巨人锻炉也开始正式在东方做起生意了哟。但是刀即武士魂，那群可疑的猫商人不肯卖给我。真伤心。我想把帅气的太刀带回祖国去，帮我制作一批吧。别忘了哟！","商会巨人锻炉商人 卡·恩达妮亚",6,"锻铁匠","黄金港",66,0,1,0,"黄金港","黄金港","未知钓场",0,False,"锻铁匠","锻铁匠理符任务",0,"黄金港","ui/icon/080000/080015.tex","批发委托：帅气的太刀",True,0,1,512790,1172,"LeveRewardItem#526","ui/icon/080000/080041.tex","ui/icon/080000/080005.tex","Level#6654199","ui/icon/110000/110101.tex",True,,"music/ffxiv/BGM_Leves.scd"
1280,"制作委托：帅气的顶锤","我们巨人锻炉正在忙碌地在东方做着生意哟。虽然发生了很多事，但我也差不多该回国啦。不过，我的船坏掉了，得修理一下才行。帮我做一把帅气的顶锤吧。能按约定完成工作的工匠，我最喜欢了哟！","商会巨人锻炉商人 卡·恩达妮亚",6,"锻铁匠","黄金港",68,0,1,0,"黄金港","黄金港","未知钓场",0,False,"锻铁匠","锻铁匠理符任务",0,"黄金港","ui/icon/080000/080015.tex","制作委托：帅气的顶锤",True,0,1,806710,3494,"LeveRewardItem#612","ui/icon/080000/080033.tex","ui/icon/080000/080005.tex","Level#6654199","ui/icon/110000/110101.tex",True,,"music/ffxiv/BGM_Leves.scd"
1281,"制作委托：高纯度的钼钢锭","锻铁工作还是跟以前一样忙得不行。虽然我们好不容易接下了工匠们的批发委托，但这次又轮到材料不够了。我不想停止现在的作业，所以可以请你帮我们一把，制作高纯度的钼钢锭吗？","锻铁工匠 云龙",6,"锻铁匠","黄金港",68,0,1,0,"黄金港","黄金港","未知钓场",0,False,"锻铁匠","锻铁匠理符任务",0,"黄金港","ui/icon/080000/080015.tex","制作委托：高纯度的钼钢锭",True,0,1,210850,1747,"LeveRewardItem#522","ui/icon/080000/080033.tex","ui/icon/080000/080005.tex","Level#6654199","ui/icon/110000/110101.tex",True,,"music/ffxiv/BGM_Leves.scd"
1282,"批发委托：适合赤诚组的短火枪","正如你所知，我们赤诚组的主要武器是刀和枪。可是，考虑到如今主张攘夷的不轨武士已经逐渐步入重武装了，于是我们也在讨论要不要引进短火枪。希望有能够制作精良短火枪的工匠参与制作。","赤诚组账房 霜夜",6,"锻铁匠","黄金港",68,0,1,0,"黄金港","黄金港","未知钓场",0,False,"锻铁匠","锻铁匠理符任务",0,"黄金港","ui/icon/080000/080015.tex","批发委托：适合赤诚组的短火枪",True,0,1,408920,1262,"LeveRewardItem#527","ui/icon/080000/080041.tex","ui/icon/080000/080005.tex","Level#6654199","ui/icon/110000/110101.tex",True,,"music/ffxiv/BGM_Leves.scd"
1283,"制作委托：假想敌的板金铠","我想找人制作艾欧泽亚风格的板金铠。我们并不是想把红色羽织换成铠甲，只是怕将来有异国人闹事，所以想趁现在把敌人假想成穿着铠甲的人进行训练。现在正在寻求能够制作结实铠甲的工匠。","赤诚组账房 霜夜",6,"铸甲匠","黄金港",60,0,1,0,"黄金港","黄金港","未知钓场",0,False,"铸甲匠","铸甲匠理符任务",0,"黄金港","ui/icon/080000/080015.tex","制作委托：假想敌的板金铠",True,0,1,594520,2496,"LeveRewardItem#528","ui/icon/080000/080033.tex","ui/icon/080000/080005.tex","Level#6654199","ui/icon/110000/110101.tex",True,,"music/ffxiv/BGM_Leves.scd"
1284,"制作委托：适合拉札罕大使馆的蒸馏器","拉札罕大使馆发来了制作炼金术中使用的蒸馏器的订单。对方可是从炼金术发祥地萨维奈岛来的人，不能把随随便便的东西交出去充数。如果你有这方面的专业技术，不好意思，能请你代为制作吗？","锻铁工匠 云龙",6,"铸甲匠","黄金港",60,0,1,0,"黄金港","黄金港","未知钓场",0,False,"铸甲匠","铸甲匠理符任务",0,"黄金港","ui/icon/080000/080015.tex","制作委托：适合拉札罕大使馆的蒸馏器",True,0,1,485320,2496,"LeveRewardItem#528","ui/icon/080000/080033.tex","ui/icon/080000/080005.tex","Level#6654199","ui/icon/110000/110101.tex",True,,"music/ffxiv/BGM_Leves.scd"
1285,"批发委托：配角用的头盔","当红演员风兰想要上演以西方的艾欧泽亚为题材的新剧目。剧中需要用到很多头盔，能请你制作吗？因为要发给每一名士兵，所以请做多一些！","无地鼓座幕后人员 交喙",6,"铸甲匠","黄金港",60,0,1,0,"黄金港","黄金港","未知钓场",0,False,"铸甲匠","铸甲匠理符任务",0,"黄金港","ui/icon/080000/080015.tex","批发委托：配角用的头盔",True,0,1,356710,901,"LeveRewardItem#533","ui/icon/080000/080041.tex","ui/icon/080000/080005.tex","Level#6654199","ui/icon/110000/110101.tex",True,,"music/ffxiv/BGM_Leves.scd"
1286,"制作委托：对付火枪的大盾","近年由于与异国开始通商，短火枪虽然不多，但的确也开始上市了。那些不轨武士很有可能会用它们来闹事。因此，我们想准备一块大盾，用来保护居民不受子弹的伤害。希望能有对自己的手艺有信心的工匠参与制作。","赤诚组账房 霜夜",6,"铸甲匠","黄金港",62,0,1,0,"黄金港","黄金港","未知钓场",0,False,"铸甲匠","铸甲匠理符任务",0,"黄金港","ui/icon/080000/080015.tex","制作委托：对付火枪的大盾",True,0,1,595710,2746,"LeveRewardItem#529","ui/icon/080000/080033.tex","ui/icon/080000/080005.tex","Level#6654199","ui/icon/110000/110101.tex",True,,"music/ffxiv/BGM_Leves.scd"
1287,"制作委托：第二主角用的笼手","风兰主演的西方武打舞台剧终于开始进入练习阶段了。只不过，由于第二主角薮鲛练习得时候太过投入，不小心把服装弄坏了。所以，请帮忙制作一副新的适合在舞台上使用的笼手！","无地鼓座幕后人员 交喙",6,"铸甲匠","黄金港",62,0,1,0,"黄金港","黄金港","未知钓场",0,False,"铸甲匠","铸甲匠理符任务",0,"黄金港","ui/icon/080000/080015.tex","制作委托：第二主角用的笼手",True,0,1,486300,2746,"LeveRewardItem#529","ui/icon/080000/080033.tex","ui/icon/080000/080005.tex","Level#6654199","ui/icon/110000/110101.tex",True,,"music/ffxiv/BGM_Leves.scd"
1288,"批发委托：用于库存的硬钢锭","从铠甲、头盔到工具等种种物品，小锻冶屋都可以进行打造。随着往来黄金港做生意的人越来越多，我们这里接到的订单也日益增多。因此，我希望能多储备一些用来当材料的金属。如果你有硬钢锭的话就交给我吧，多多益善。","锻铁工匠 云龙",6,"铸甲匠","黄金港",62,0,1,0,"黄金港","黄金港","未知钓场",0,False,"铸甲匠","铸甲匠理符任务",0,"黄金港","ui/icon/080000/080015.tex","批发委托：用于库存的硬钢锭",True,0,1,160470,496,"LeveRewardItem#534","ui/icon/080000/080041.tex","ui/icon/080000/080005.tex","Level#6654199","ui/icon/110000/110101.tex",True,,"music/ffxiv/BGM_Leves.scd"
1289,"制作委托：用于出租的装甲长靴","以前来租革制长靴的客人问我，有没有异国武者穿的那种带有板金装甲的长靴，我当时只能回答没有。可是这份屈辱我却怎么也没法忘记，所以请帮我制作一双非常结实的装甲长靴吧。","租借店老板 寿",6,"铸甲匠","黄金港",64,0,1,0,"黄金港","黄金港","未知钓场",0,False,"铸甲匠","铸甲匠理符任务",0,"黄金港","ui/icon/080000/080015.tex","制作委托：用于出租的装甲长靴",True,0,1,709140,2995,"LeveRewardItem#530","ui/icon/080000/080033.tex","ui/icon/080000/080005.tex","Level#6654199","ui/icon/110000/110101.tex",True,,"music/ffxiv/BGM_Leves.scd"
1290,"制作委托：帅气的平底锅","我们巨人锻炉也开始模仿那个百亿富翁正式在东方做起生意了哟。可是有时，我会非常想念故乡的饭菜。饭菜我会自己做，帮我制作一只帅气的平底锅吧。别忘了哟！","商会巨人锻炉商人 卡·恩达妮亚",6,"铸甲匠","黄金港",64,0,1,0,"黄金港","黄金港","未知钓场",0,False,"铸甲匠","铸甲匠理符任务",0,"黄金港","ui/icon/080000/080015.tex","制作委托：帅气的平底锅",True,0,1,599100,2995,"LeveRewardItem#530","ui/icon/080000/080033.tex","ui/icon/080000/080005.tex","Level#6654199","ui/icon/110000/110101.tex",True,,"music/ffxiv/BGM_Leves.scd"
1291,"批发委托：卸铁制手铠","最近那些攘夷的不轨武士越来越嚣张了，我们赤诚组也准备扩充一下自己的防具，想要一批能够保护惯用手的卸铁制手铠。希望有能够大量制作卸铁制手铠的老练工匠参与制作。","赤诚组账房 霜夜",6,"铸甲匠","黄金港",64,0,1,0,"黄金港","黄金港","未知钓场",0,False,"铸甲匠","铸甲匠理符任务",0,"黄金港","ui/icon/080000/080015.tex","批发委托：卸铁制手铠",True,0,1,359460,1082,"LeveRewardItem#535","ui/icon/080000/080041.tex","ui/icon/080000/080005.tex","Level#6654199","ui/icon/110000/110101.tex",True,,"music/ffxiv/BGM_Leves.scd"
1292,"制作委托：主角用的骑士甲胄","风兰主演的西方武打舞台剧练习得很顺利。只不过负责剧本的异邦诗人似乎对主角的服装颇为不满。请帮忙制作正统的艾欧泽亚风格的骑士甲胄！","无地鼓座幕后人员 交喙",6,"铸甲匠","黄金港",66,0,1,0,"黄金港","黄金港","未知钓场",0,False,"铸甲匠","铸甲匠理符任务",0,"黄金港","ui/icon/080000/080015.tex","制作委托：主角用的骑士甲胄",True,0,1,969450,3245,"LeveRewardItem#613","ui/icon/080000/080033.tex","ui/icon/080000/080005.tex","Level#6654199","ui/icon/110000/110101.tex",True,,"music/ffxiv/BGM_Leves.scd"
1293,"制作委托：帅气的玉钢","我们巨人锻炉也开始正式在东方做起生意了哟。但是当我想要采购玉钢的时候，却被拒绝了，因为他们只接待批发购买的客人。真伤心。我想把帅气的玉钢带回祖国去，帮我制作吧。别忘了哟！","商会巨人锻炉商人 卡·恩达妮亚",6,"铸甲匠","黄金港",66,0,1,0,"黄金港","黄金港","未知钓场",0,False,"铸甲匠","铸甲匠理符任务",0,"黄金港","ui/icon/080000/080015.tex","制作委托：帅气的玉钢",True,0,1,280630,1622,"LeveRewardItem#531","ui/icon/080000/080033.tex","ui/icon/080000/080005.tex","Level#6654199","ui/icon/110000/110101.tex",True,,"music/ffxiv/BGM_Leves.scd"
1294,"批发委托：玉钢制装甲长靴","最近发生了一起事件，前去管理不轨武士的成员因为腿被短火枪击中，在退缩之时被对方斩杀了。因此我们就开始考虑是否有必要引进用板金覆盖的长靴，以便在攻击时使用。希望有能够制作精良装甲长靴的工匠参与制作。","赤诚组账房 霜夜",6,"铸甲匠","黄金港",66,0,1,0,"黄金港","黄金港","未知钓场",0,False,"铸甲匠","铸甲匠理符任务",0,"黄金港","ui/icon/080000/080015.tex","批发委托：玉钢制装甲长靴",True,0,1,375020,1172,"LeveRewardItem#536","ui/icon/080000/080041.tex","ui/icon/080000/080005.tex","Level#6654199","ui/icon/110000/110101.tex",True,,"music/ffxiv/BGM_Leves.scd"
1295,"制作委托：帅气的盾牌","我们巨人锻炉正在忙碌地在东方做着生意哟。虽然发生了很多事，但我也差不多该回国啦。不过，我很担心在回去的海上旅途中会不会遇到海盗。为了保命，帮我制作帅气的盾牌吧。能按约定完成工作的工匠，我最喜欢了哟！","商会巨人锻炉商人 卡·恩达妮亚",6,"铸甲匠","黄金港",68,0,1,0,"黄金港","黄金港","未知钓场",0,False,"铸甲匠","铸甲匠理符任务",0,"黄金港","ui/icon/080000/080015.tex","制作委托：帅气的盾牌",True,0,1,431170,3494,"LeveRewardItem#532","ui/icon/080000/080033.tex","ui/icon/080000/080005.tex","Level#6654199","ui/icon/110000/110101.tex",True,,"music/ffxiv/BGM_Leves.scd"
1296,"制作委托：备用的舞台服","风兰主演的西方武打剧“苍天幻想传”终于开始上演了。但是由异邦诗人所写的剧本上有很多非常剧烈的打戏，这对服装的耗损是很大的。请帮忙制作备用的服装！","无地鼓座幕后人员 交喙",6,"铸甲匠","黄金港",68,0,1,0,"黄金港","黄金港","未知钓场",0,False,"铸甲匠","铸甲匠理符任务",0,"黄金港","ui/icon/080000/080015.tex","制作委托：备用的舞台服",True,0,1,681530,3494,"LeveRewardItem#532","ui/icon/080000/080033.tex","ui/icon/080000/080005.tex","Level#6654199","ui/icon/110000/110101.tex",True,,"music/ffxiv/BGM_Leves.scd"
1297,"批发委托：辉钼矿制武士盔面具","我们赤诚组为了方便活动，平时不常用头盔之类的装备。可是在从事危险度较高的进攻工作时，就需要用到保护头部的防具了。希望有工匠能够大量制作不影响视线的辉钼矿制武士盔面具。","赤诚组账房 霜夜",6,"铸甲匠","黄金港",68,0,1,0,"黄金港","黄金港","未知钓场",0,False,"铸甲匠","铸甲匠理符任务",0,"黄金港","ui/icon/080000/080015.tex","批发委托：辉钼矿制武士盔面具",True,0,1,408920,1262,"LeveRewardItem#537","ui/icon/080000/080041.tex","ui/icon/080000/080005.tex","Level#6654199","ui/icon/110000/110101.tex",True,,"music/ffxiv/BGM_Leves.scd"
1298,"制作委托：用于储备的小麦粉","我花了大力气打造的乌冬面很受赤诚组成员的欢迎，通常刚做出来就消失到他们的胃里去了。因此小麦粉的库存量已经严重不足了，请帮忙准备磨得细细的高原小麦粉！","赤诚组厨师 三五夜",6,"烹调师","黄金港",60,0,1,0,"黄金港","黄金港","未知钓场",0,False,"烹调师","烹调师理符任务",0,"黄金港","ui/icon/080000/080015.tex","制作委托：用于储备的小麦粉",True,0,1,249450,1248,"LeveRewardItem#578","ui/icon/080000/080033.tex","ui/icon/080000/080005.tex","Level#6654199","ui/icon/110000/110101.tex",True,,"music/ffxiv/BGM_Leves.scd"
1299,"制作委托：枇杷汁","那什么异国的“冒险者行会”在茶屋旁边建了一家工作委托所，我想试着下个订单。现在茶屋提供给客人的枇杷汁严重不足，如果你想帮忙的话，请帮我制作一些吧。","海猫茶屋店主 梅",6,"烹调师","黄金港",60,0,1,0,"黄金港","黄金港","未知钓场",0,False,"烹调师","烹调师理符任务",0,"黄金港","ui/icon/080000/080015.tex","制作委托：枇杷汁",True,0,1,323710,1872,"LeveRewardItem#578","ui/icon/080000/080033.tex","ui/icon/080000/080005.tex","Level#6654199","ui/icon/110000/110101.tex",True,,"music/ffxiv/BGM_Leves.scd"
1300,"批发委托：酒馆里提供的果仁蜜饼","黄金港最大的酒馆潮风亭经常会有很多异国人进出，所以我们想制作异国风味的饭菜提供给客人们，但却怎么也找不到厨艺精湛的厨师。如果有会做果仁蜜饼的厨师，请帮帮我们。","潮风亭老板娘 琴风",6,"烹调师","黄金港",60,0,1,0,"黄金港","黄金港","未知钓场",0,False,"烹调师","烹调师理符任务",0,"黄金港","ui/icon/080000/080015.tex","批发委托：酒馆里提供的果仁蜜饼",True,0,1,238780,676,"LeveRewardItem#583","ui/icon/080000/080041.tex","ui/icon/080000/080005.tex","Level#6654199","ui/icon/110000/110101.tex",True,,"music/ffxiv/BGM_Leves.scd"
1301,"制作委托：慰劳的荞麦糊","我们是从萨维奈岛到这里来做生意的，但或许是由于船旅太过劳累，有的船员生病倒下了。他是我重要的部下，在路上一直工作得很勤勉，我想用养胃的食物来慰劳他。哪怕是荞麦糊也好，请你务必帮我烹饪出来。","远洋交易船“圣皇妃号”船长 珠布丽尔",6,"烹调师","黄金港",62,0,1,0,"黄金港","黄金港","未知钓场",0,False,"烹调师","烹调师理符任务",0,"黄金港","ui/icon/080000/080015.tex","制作委托：慰劳的荞麦糊",True,0,1,333110,2059,"LeveRewardItem#579","ui/icon/080000/080033.tex","ui/icon/080000/080005.tex","Level#6654199","ui/icon/110000/110101.tex",True,,"music/ffxiv/BGM_Leves.scd"
1302,"制作委托：赤诚组的山芋泥荞麦面","我的部下承受不住繁重的工作，已经累倒了，所以我现在在寻找能够临时充当厨师，也就是帮我做饭的人。我想要的食物是山芋泥荞麦面，请帮我制作这道滑溜爽口的美食吧！","赤诚组厨师 三五夜",6,"烹调师","黄金港",62,0,1,0,"黄金港","黄金港","未知钓场",0,False,"烹调师","烹调师理符任务",0,"黄金港","ui/icon/080000/080015.tex","制作委托：赤诚组的山芋泥荞麦面",True,0,1,416270,2059,"LeveRewardItem#579","ui/icon/080000/080033.tex","ui/icon/080000/080005.tex","Level#6654199","ui/icon/110000/110101.tex",True,,"music/ffxiv/BGM_Leves.scd"
1303,"批发委托：酒馆中使用的绵籽油","潮风亭最引以为傲的就是从远东之国各地汇聚而来的米酒以及配合米酒食用的饭菜。这里也提供油炸食品，但是烹饪过程中太耗绵籽油了。如果有手艺精湛的工作，请帮忙制作绵籽油吧。","潮风亭老板娘 琴风",6,"烹调师","黄金港",62,0,1,0,"黄金港","黄金港","未知钓场",0,False,"烹调师","烹调师理符任务",0,"黄金港","ui/icon/080000/080015.tex","批发委托：酒馆中使用的绵籽油",True,0,1,149970,496,"LeveRewardItem#584","ui/icon/080000/080041.tex","ui/icon/080000/080005.tex","Level#6654199","ui/icon/110000/110101.tex",True,,"music/ffxiv/BGM_Leves.scd"
1304,"制作委托：用于储备的米醋","对赤诚组成员来说，身体就是本钱，而能够从胃袋支持他们工作的自然就是美味的食物。要是没有品质精良的米醋，就没办法做出美味的东方饭菜来。请帮忙制作清爽风味的米醋！","赤诚组厨师 三五夜",6,"烹调师","黄金港",64,0,1,0,"黄金港","黄金港","未知钓场",0,False,"烹调师","烹调师理符任务",0,"黄金港","ui/icon/080000/080015.tex","制作委托：用于储备的米醋",True,0,1,251370,1498,"LeveRewardItem#580","ui/icon/080000/080033.tex","ui/icon/080000/080005.tex","Level#6654199","ui/icon/110000/110101.tex",True,,"music/ffxiv/BGM_Leves.scd"
1305,"制作委托：奇特的烤串","来这里上任没多久我就喜欢上了黄金港，但就算我再怎么喜欢这里，总吃远东之国的饭菜也会觉得腻的。为了换换口味，我想尝尝大陆风味的奇特牛肉串。","拉札罕大使馆书记官 巴瑞哈尔",6,"烹调师","黄金港",64,0,1,0,"黄金港","黄金港","未知钓场",0,False,"烹调师","烹调师理符任务",0,"黄金港","ui/icon/080000/080015.tex","制作委托：奇特的烤串",True,0,1,326200,2246,"LeveRewardItem#580","ui/icon/080000/080033.tex","ui/icon/080000/080005.tex","Level#6654199","ui/icon/110000/110101.tex",True,,"music/ffxiv/BGM_Leves.scd"
1306,"批发委托：供团体客食用的煮杂菜","我叫小枝，在三条花街开了一家饭馆。因为最近接到了几笔团体客人的预约，厨师这块就人手不足了。所以我想招募可以临时为我工作的人，请帮忙制作赤松亭提供给客人的煮杂菜。","赤松亭饭馆老板娘 小枝",6,"烹调师","黄金港",64,0,1,0,"黄金港","黄金港","未知钓场",0,False,"烹调师","烹调师理符任务",0,"黄金港","ui/icon/080000/080015.tex","批发委托：供团体客食用的煮杂菜",True,0,1,274940,811,"LeveRewardItem#585","ui/icon/080000/080041.tex","ui/icon/080000/080005.tex","Level#6654199","ui/icon/110000/110101.tex",True,,"music/ffxiv/BGM_Leves.scd"
1307,"制作委托：大陆风味的芙蓉蟹","黄金港有很多奥萨德次大陆出身的商人，其中有一位客人跟我很熟，他突然说想吃用新鲜的螃蟹烹饪而成的“芙蓉蟹”。如果有厨艺精湛的厨师，请代为实现那位客人的愿望。","潮风亭老板娘 琴风",6,"烹调师","黄金港",66,0,1,0,"黄金港","黄金港","未知钓场",0,False,"烹调师","烹调师理符任务",0,"黄金港","ui/icon/080000/080015.tex","制作委托：大陆风味的芙蓉蟹",True,0,1,436760,2434,"LeveRewardItem#581","ui/icon/080000/080033.tex","ui/icon/080000/080005.tex","Level#6654199","ui/icon/110000/110101.tex",True,,"music/ffxiv/BGM_Leves.scd"
1308,"制作委托：想吃柿子！！","我们巨人锻炉也开始正式在东方做起生意了哟。但自从来到黄金港之后，我就完全沉迷于柿子的美味中不可自拔。我实在太想吃柿子了，连工作都没法静下心来，所以帮我制作美味的柿子布丁来解决我的烦恼吧。别忘了哟！","商会巨人锻炉商人 卡·恩达妮亚",6,"烹调师","黄金港",66,0,1,0,"黄金港","黄金港","未知钓场",0,False,"烹调师","烹调师理符任务",0,"黄金港","ui/icon/080000/080015.tex","制作委托：想吃柿子！！",True,0,1,459720,2434,"LeveRewardItem#581","ui/icon/080000/080033.tex","ui/icon/080000/080005.tex","Level#6654199","ui/icon/110000/110101.tex",True,,"music/ffxiv/BGM_Leves.scd"
1309,"批发委托：宴会上提供的肉饼","某位武士大人为了慰劳家臣，想举办一场宴会。如果只是举办宴会的话倒没什么问题，只是那位武士大人说想要请大家尝尝异国风味的饭菜。请帮忙制作游牧民风味的肉饼吧。","赤松亭饭馆老板娘 小枝",6,"烹调师","黄金港",66,0,1,0,"黄金港","黄金港","未知钓场",0,False,"烹调师","烹调师理符任务",0,"黄金港","ui/icon/080000/080015.tex","批发委托：宴会上提供的肉饼",True,0,1,275830,879,"LeveRewardItem#586","ui/icon/080000/080041.tex","ui/icon/080000/080005.tex","Level#6654199","ui/icon/110000/110101.tex",True,,"music/ffxiv/BGM_Leves.scd"
1310,"制作委托：宁神静气的多玛茶","远东之国在很多方面都深受海对面的延夏的影响，茶文化应该算是其中的代表吧。而赤诚组的成员们也都非常喜欢喝茶。请帮忙准备能够宁神静气的多玛茶吧！","赤诚组厨师 三五夜",6,"烹调师","黄金港",68,0,1,0,"黄金港","黄金港","未知钓场",0,False,"烹调师","烹调师理符任务",0,"黄金港","ui/icon/080000/080015.tex","制作委托：宁神静气的多玛茶",True,0,1,371080,2621,"LeveRewardItem#582","ui/icon/080000/080033.tex","ui/icon/080000/080005.tex","Level#6654199","ui/icon/110000/110101.tex",True,,"music/ffxiv/BGM_Leves.scd"
1311,"制作委托：想吃寿司！！","我们巨人锻炉正在忙碌地在东方做着生意哟。虽然发生了很多事，但我总算把要带回国的商品准备齐了，也差不多该回国啦。不过在走之前，还是想最后再奢侈一次，帮我做美味的寿司吧。说好了哟！","商会巨人锻炉商人 卡·恩达妮亚",6,"烹调师","黄金港",68,0,1,0,"黄金港","黄金港","未知钓场",0,False,"烹调师","烹调师理符任务",0,"黄金港","ui/icon/080000/080015.tex","制作委托：想吃寿司！！",True,0,1,466220,2621,"LeveRewardItem#582","ui/icon/080000/080033.tex","ui/icon/080000/080005.tex","Level#6654199","ui/icon/110000/110101.tex",True,,"music/ffxiv/BGM_Leves.scd"
1312,"批发委托：用于长期航海的储备粮","我们已经做完了在黄金港要做的生意，所以决定回萨维奈岛去。因此想买一些能够长期保存的食物在航海路途上吃，可如果全都准备鱼干和酱菜的话实在太乏味了，请为我们准备大量的风味醇厚的肉干吧。","远洋交易船“圣皇妃号”船长 珠布丽尔",6,"烹调师","黄金港",68,0,1,0,"黄金港","黄金港","未知钓场",0,False,"烹调师","烹调师理符任务",0,"黄金港","ui/icon/080000/080015.tex","批发委托：用于长期航海的储备粮",True,0,1,312780,946,"LeveRewardItem#587","ui/icon/080000/080041.tex","ui/icon/080000/080005.tex","Level#6654199","ui/icon/110000/110101.tex",True,,"music/ffxiv/BGM_Leves.scd"
1313,"制作委托：书记官的必需品","来这里上任没多久我就喜欢上了黄金港，但就算我再怎么喜欢这里，找不到品质优良的墨水还是让我不太习惯。我毕竟是一位辅佐拉札罕大使的书记官，为了完成自己的职责，请容我订购墨水。","拉札罕大使馆书记官 巴瑞哈尔",6,"炼金术士","黄金港",60,0,1,0,"黄金港","黄金港","未知钓场",0,False,"炼金术士","炼金术士理符任务",0,"黄金港","ui/icon/080000/080015.tex","制作委托：书记官的必需品",True,0,1,428540,1248,"LeveRewardItem#568","ui/icon/080000/080033.tex","ui/icon/080000/080005.tex","Level#6654199","ui/icon/110000/110101.tex",True,,"music/ffxiv/BGM_Leves.scd"
1314,"制作委托：艾欧泽亚风格的魔导书","欢迎光临，这里是书店西风堂。本店虽然有古往今来世界各地的书籍，但却几乎没怎么接触过魔导书。如果有人能够制作刻有艾欧泽亚魔纹的魔导书，请与我联系。","西风堂书店店主 西风",6,"炼金术士","黄金港",60,0,1,0,"黄金港","黄金港","未知钓场",0,False,"炼金术士","炼金术士理符任务",0,"黄金港","ui/icon/080000/080015.tex","制作委托：艾欧泽亚风格的魔导书",True,0,1,812920,2496,"LeveRewardItem#614","ui/icon/080000/080033.tex","ui/icon/080000/080005.tex","Level#6654199","ui/icon/110000/110101.tex",True,,"music/ffxiv/BGM_Leves.scd"
1315,"批发委托：受欢迎的植物成长促进剂","我是从炼金术的发源地萨维奈岛到这里做生意的，但没想到植物成长促进剂居然这么受欢迎，我刚到这里就被抢购一空了。如果有暂住在黄金港的炼金术士的话，请务必帮我再制作一批。","远洋交易船“圣皇妃号”船长 珠布丽尔",6,"炼金术士","黄金港",60,0,1,0,"黄金港","黄金港","未知钓场",0,False,"炼金术士","炼金术士理符任务",0,"黄金港","ui/icon/080000/080015.tex","批发委托：受欢迎的植物成长促进剂",True,0,1,225670,451,"LeveRewardItem#573","ui/icon/080000/080041.tex","ui/icon/080000/080005.tex","Level#6654199","ui/icon/110000/110101.tex",True,,"music/ffxiv/BGM_Leves.scd"
1316,"制作委托：艾欧泽亚风格的军事书籍","欢迎光临，这里是书店西风堂。我听某位水手说，在艾欧泽亚有一种书叫军事书籍。我实在很想弄一本看看，如果有人能够制作军事书籍，请与我联系。","西风堂书店店主 西风",6,"炼金术士","黄金港",62,0,1,0,"黄金港","黄金港","未知钓场",0,False,"炼金术士","炼金术士理符任务",0,"黄金港","ui/icon/080000/080015.tex","制作委托：艾欧泽亚风格的军事书籍",True,0,1,595710,2746,"LeveRewardItem#615","ui/icon/080000/080033.tex","ui/icon/080000/080005.tex","Level#6654199","ui/icon/110000/110101.tex",True,,"music/ffxiv/BGM_Leves.scd"
1317,"制作委托：用于特殊调配的灵水","我是从炼金术的发源地萨维奈岛到这里做生意的，在黄金港认识的商人委托我帮他调配一份特殊的炼金药。但是有一份必需的材料我怎么也弄不到，现在正一筹莫展。如果有人能制作智力之灵水，请务必帮我制作。","远洋交易船“圣皇妃号”船长 珠布丽尔",6,"炼金术士","黄金港",62,0,1,0,"黄金港","黄金港","未知钓场",0,False,"炼金术士","炼金术士理符任务",0,"黄金港","ui/icon/080000/080015.tex","制作委托：用于特殊调配的灵水",True,0,1,376880,1373,"LeveRewardItem#569","ui/icon/080000/080033.tex","ui/icon/080000/080005.tex","Level#6654199","ui/icon/110000/110101.tex",True,,"music/ffxiv/BGM_Leves.scd"
1318,"批发委托：强精炼药试用品","为了让大家都了解魔晶石的知识，我不惜千里迢迢来到了东方，但这里的人们现在对魔晶石还一无所知。因此，我想让他们试着感受一下魔晶石的精炼过程，也想把协助精炼的炼金药发给大家。请帮我制作试用的强精炼药吧。","魔晶石师傅 克莱雷博尔德",6,"炼金术士","黄金港",62,0,1,0,"黄金港","黄金港","未知钓场",0,False,"炼金术士","炼金术士理符任务",0,"黄金港","ui/icon/080000/080015.tex","批发委托：强精炼药试用品",True,0,1,257640,496,"LeveRewardItem#574","ui/icon/080000/080041.tex","ui/icon/080000/080005.tex","Level#6654199","ui/icon/110000/110101.tex",True,,"music/ffxiv/BGM_Leves.scd"
1319,"制作委托：帅气的附魔墨水","我们巨人锻炉也开始模仿那个百亿富翁正式在东方做起生意了哟。但是我却忘了把墨水带来，以至于没法签合同，可急死我了。帮我制作帅气的附魔墨水吧，别忘了哟！","商会巨人锻炉商人 卡·恩达妮亚",6,"炼金术士","黄金港",64,0,1,0,"黄金港","黄金港","未知钓场",0,False,"炼金术士","炼金术士理符任务",0,"黄金港","ui/icon/080000/080015.tex","制作委托：帅气的附魔墨水",True,0,1,379020,1498,"LeveRewardItem#570","ui/icon/080000/080033.tex","ui/icon/080000/080005.tex","Level#6654199","ui/icon/110000/110101.tex",True,,"music/ffxiv/BGM_Leves.scd"
1320,"制作委托：用于研究的药茶","我需要艾欧泽亚出身的炼金术士的帮助。听水手说，基拉巴尼亚一带流传的药茶有着跟炼金药类似的特性。为了研究，我想订购巨匠药茶。","拉札罕大使馆书记官 巴瑞哈尔",6,"炼金术士","黄金港",64,0,1,0,"黄金港","黄金港","未知钓场",0,False,"炼金术士","炼金术士理符任务",0,"黄金港","ui/icon/080000/080015.tex","制作委托：用于研究的药茶",True,0,1,379020,1498,"LeveRewardItem#570","ui/icon/080000/080033.tex","ui/icon/080000/080005.tex","Level#6654199","ui/icon/110000/110101.tex",True,,"music/ffxiv/BGM_Leves.scd"
1321,"批发委托：供给熟客的黏胶","有一个熟客来找我，问我能不能帮他弄到黏胶。说实话，我并不会制造这种东西，但如果能完成客人的委托，那肯定就能收获一份人情。因此，请帮我准备大量的甲胶吧。","石材五金供应商右岸屋老板 右岸",6,"炼金术士","黄金港",64,0,1,0,"黄金港","黄金港","未知钓场",0,False,"炼金术士","炼金术士理符任务",0,"黄金港","ui/icon/080000/080015.tex","批发委托：供给熟客的黏胶",True,0,1,259100,541,"LeveRewardItem#575","ui/icon/080000/080041.tex","ui/icon/080000/080005.tex","Level#6654199","ui/icon/110000/110101.tex",True,,"music/ffxiv/BGM_Leves.scd"
1322,"制作委托：用于追加研究的药茶","我把有关艾欧泽亚药茶的报告发给本国之后，很快就收到了那边的回复，要我继续进一步研究。因此，请能够协助我进行研究的艾欧泽亚炼金术士尽快与我联系。我想订购魔匠药茶。","拉札罕大使馆书记官 巴瑞哈尔",6,"炼金术士","黄金港",66,0,1,0,"黄金港","黄金港","未知钓场",0,False,"炼金术士","炼金术士理符任务",0,"黄金港","ui/icon/080000/080015.tex","制作委托：用于追加研究的药茶",True,0,1,395430,1622,"LeveRewardItem#571","ui/icon/080000/080033.tex","ui/icon/080000/080005.tex","Level#6654199","ui/icon/110000/110101.tex",True,,"music/ffxiv/BGM_Leves.scd"
1323,"制作委托：绚烂豪华的魔导书","欢迎光临，这里是书店西风堂。之前我店里的魔导书被某位寺院的高僧相中了，他无论如何都想再购买一本。因此，如果有人能够制作装帧得绚烂豪华的魔导书，请与我联系。","西风堂书店店主 西风",6,"炼金术士","黄金港",66,0,1,0,"黄金港","黄金港","未知钓场",0,False,"炼金术士","炼金术士理符任务",0,"黄金港","ui/icon/080000/080015.tex","制作委托：绚烂豪华的魔导书",True,0,1,625040,3245,"LeveRewardItem#619","ui/icon/080000/080033.tex","ui/icon/080000/080005.tex","Level#6654199","ui/icon/110000/110101.tex",True,,"music/ffxiv/BGM_Leves.scd"
1324,"批发委托：帅气的柿漆","我们巨人锻炉也开始正式在东方做起生意了哟。但是本想买的柿漆却不小心买成了大量的柿干。好吃是好吃，还是很伤心。我想把帅气的柿漆带回祖国去，帮我制作一批吧。别忘了哟！","商会巨人锻炉商人 卡·恩达妮亚",6,"炼金术士","黄金港",66,0,1,0,"黄金港","黄金港","未知钓场",0,False,"炼金术士","炼金术士理符任务",0,"黄金港","ui/icon/080000/080015.tex","批发委托：帅气的柿漆",True,0,1,237260,586,"LeveRewardItem#576","ui/icon/080000/080041.tex","ui/icon/080000/080005.tex","Level#6654199","ui/icon/110000/110101.tex",True,,"music/ffxiv/BGM_Leves.scd"
1325,"制作委托：帅气的耐力之药汤","我们巨人锻炉正在忙碌地在东方做着生意哟。虽然发生了很多事，但我也差不多该回国啦。不过长时间乘船实在太辛苦了，为了能坚持下来，帮我制作帅气的耐力之药汤吧。能按约定完成工作的工匠，我最喜欢了哟！","商会巨人锻炉商人 卡·恩达妮亚",6,"炼金术士","黄金港",68,0,1,0,"黄金港","黄金港","未知钓场",0,False,"炼金术士","炼金术士理符任务",0,"黄金港","ui/icon/080000/080015.tex","制作委托：帅气的耐力之药汤",True,0,1,491260,1747,"LeveRewardItem#572","ui/icon/080000/080033.tex","ui/icon/080000/080005.tex","Level#6654199","ui/icon/110000/110101.tex",True,,"music/ffxiv/BGM_Leves.scd"
1326,"制作委托：质朴刚健的军事书籍","欢迎光临，这里是书店西风堂。之前我店里的军事书籍被某位著名兵法家相中了，他无论如何都想再购买一本。因此，如果有人能够制作装帧得质朴刚健的军事书籍，请与我联系。","西风堂书店店主 西风",6,"炼金术士","黄金港",68,0,1,0,"黄金港","黄金港","未知钓场",0,False,"炼金术士","炼金术士理符任务",0,"黄金港","ui/icon/080000/080015.tex","制作委托：质朴刚健的军事书籍",True,0,1,681530,3494,"LeveRewardItem#616","ui/icon/080000/080033.tex","ui/icon/080000/080005.tex","Level#6654199","ui/icon/110000/110101.tex",True,,"music/ffxiv/BGM_Leves.scd"
1327,"批发委托：最高级的墨水","我的祖国拉札罕和远东之国近期决定重新修改之前缔结的通商条约，因此需要拟定大量文件，这就要用到最高级的附魔墨水了，请容我订购一批。","拉札罕大使馆书记官 巴瑞哈尔",6,"炼金术士","黄金港",68,0,1,0,"黄金港","黄金港","未知钓场",0,False,"炼金术士","炼金术士理符任务",0,"黄金港","ui/icon/080000/080015.tex","批发委托：最高级的墨水",True,0,1,219640,631,"LeveRewardItem#577","ui/icon/080000/080041.tex","ui/icon/080000/080005.tex","Level#6654199","ui/icon/110000/110101.tex",True,,"music/ffxiv/BGM_Leves.scd"
1328,"制作委托：异国的“及膝裤”","我想把在黄金港购买的异国珍品拿到外地去卖。听说只要在行会理符这里下订单，就能拜托异国工匠帮我制作物品？那就帮我制作“及膝裤”吧，我觉得一定会很畅销的。","流动商人 手纲",6,"裁衣匠","黄金港",60,0,1,0,"黄金港","黄金港","未知钓场",0,False,"裁衣匠","裁衣匠理符任务",0,"黄金港","ui/icon/080000/080015.tex","制作委托：异国的“及膝裤”",True,0,1,703720,2496,"LeveRewardItem#548","ui/icon/080000/080033.tex","ui/icon/080000/080005.tex","Level#6654199","ui/icon/110000/110101.tex",True,,"music/ffxiv/BGM_Leves.scd"
1329,"制作委托：送给担夫的工作服","我是一位纪行作家，名叫丽丽玖。我最近得到了幕府的特别批准，正在计划到远东之国的红州去旅行。因此我想委托你帮我制作工作服，我想把它送给为我搬行李的当地人。","纪行作家 丽丽玖",6,"裁衣匠","黄金港",60,0,1,0,"黄金港","黄金港","未知钓场",0,False,"裁衣匠","裁衣匠理符任务",0,"黄金港","ui/icon/080000/080015.tex","制作委托：送给担夫的工作服",True,0,1,703720,2496,"LeveRewardItem#548","ui/icon/080000/080033.tex","ui/icon/080000/080005.tex","Level#6654199","ui/icon/110000/110101.tex",True,,"music/ffxiv/BGM_Leves.scd"
1330,"批发委托：配角用的服装","当红演员风兰想要上演以西方的艾欧泽亚为题材的新剧目。剧中需要用到很多服装，能请你制作吗？因为要发给每一名士兵，所以请做多一些！","无地鼓座幕后人员 交喙",6,"裁衣匠","黄金港",60,0,1,0,"黄金港","黄金港","未知钓场",0,False,"裁衣匠","裁衣匠理符任务",0,"黄金港","ui/icon/080000/080015.tex","批发委托：配角用的服装",True,0,1,291190,901,"LeveRewardItem#553","ui/icon/080000/080041.tex","ui/icon/080000/080005.tex","Level#6654199","ui/icon/110000/110101.tex",True,,"music/ffxiv/BGM_Leves.scd"
1331,"制作委托：第二主角用的手套","风兰主演的西方武打舞台剧终于开始进入练习阶段了。只不过，由于第二主角八千代练习的时候太过投入，不小心把服装弄坏了。所以，请帮忙制作一条新的适合在舞台上使用的手套！","无地鼓座幕后人员 交喙",6,"裁衣匠","黄金港",62,0,1,0,"黄金港","黄金港","未知钓场",0,False,"裁衣匠","裁衣匠理符任务",0,"黄金港","ui/icon/080000/080015.tex","制作委托：第二主角用的手套",True,0,1,376880,2746,"LeveRewardItem#617","ui/icon/080000/080033.tex","ui/icon/080000/080005.tex","Level#6654199","ui/icon/110000/110101.tex",True,,"music/ffxiv/BGM_Leves.scd"
1332,"制作委托：异国工匠的红玉棉布","大天屋出售从各产地送来的布料，我们想把异国出身的工匠以感性织成的红玉棉布摆在店铺前面，用它的新奇来吸引顾客。请帮忙制作优质的红玉棉布。","和服供应商大天屋掌柜 矢切",6,"裁衣匠","黄金港",62,0,1,0,"黄金港","黄金港","未知钓场",0,False,"裁衣匠","裁衣匠理符任务",0,"黄金港","ui/icon/080000/080015.tex","制作委托：异国工匠的红玉棉布",True,0,1,376880,1373,"LeveRewardItem#549","ui/icon/080000/080033.tex","ui/icon/080000/080005.tex","Level#6654199","ui/icon/110000/110101.tex",True,,"music/ffxiv/BGM_Leves.scd"
1333,"批发委托：异国的“束膝裤”","之前尝试的异国裤子卖得非常好，所以这次我想做一笔大生意，我决定用驳船将大量商品运到武京去。因此，拜托你帮我制作“束膝裤”吧，我觉得一定会很畅销的。","流动商人 手纲",6,"裁衣匠","黄金港",62,0,1,0,"黄金港","黄金港","未知钓场",0,False,"裁衣匠","裁衣匠理符任务",0,"黄金港","ui/icon/080000/080015.tex","批发委托：异国的“束膝裤”",True,0,1,357430,991,"LeveRewardItem#554","ui/icon/080000/080041.tex","ui/icon/080000/080005.tex","Level#6654199","ui/icon/110000/110101.tex",True,,"music/ffxiv/BGM_Leves.scd"
1334,"制作委托：异国的“束腰衣”","我运到武京的那些商品简直了，被大家抢购一空，还有一位武士大人说想要更多的异国装束。他已经把定金给我了，就拜托你帮我制作“束腰衣”吧。","流动商人 手纲",6,"裁衣匠","黄金港",64,0,1,0,"黄金港","黄金港","未知钓场",0,False,"裁衣匠","裁衣匠理符任务",0,"黄金港","ui/icon/080000/080015.tex","制作委托：异国的“束腰衣”",True,0,1,929220,2995,"LeveRewardItem#550","ui/icon/080000/080033.tex","ui/icon/080000/080005.tex","Level#6654199","ui/icon/110000/110101.tex",True,,"music/ffxiv/BGM_Leves.scd"
1335,"制作委托：帅气的及膝裤","我们巨人锻炉也开始模仿那个百亿富翁正式在东方做起生意了哟。我们已经努力找到了交易对象，为了跟对方谈判的时候不丢面子，我想打扮打扮自己。帮我制作帅气的及膝裤吧。别忘了哟！","商会巨人锻炉商人 卡·恩达妮亚",6,"裁衣匠","黄金港",64,0,1,0,"黄金港","黄金港","未知钓场",0,False,"裁衣匠","裁衣匠理符任务",0,"黄金港","ui/icon/080000/080015.tex","制作委托：帅气的及膝裤",True,0,1,819180,2995,"LeveRewardItem#550","ui/icon/080000/080033.tex","ui/icon/080000/080005.tex","Level#6654199","ui/icon/110000/110101.tex",True,,"music/ffxiv/BGM_Leves.scd"
1336,"批发委托：库存不足的葛线","大天屋正在寻找能够接受临时委托的老练工匠。因为伙计的疏忽，我们发现葛线的库存已经快要不够了。为了脱离这种窘境，请帮忙提供大量的葛线。","和服供应商大天屋掌柜 矢切",6,"裁衣匠","黄金港",64,0,1,0,"黄金港","黄金港","未知钓场",0,False,"裁衣匠","裁衣匠理符任务",0,"黄金港","ui/icon/080000/080015.tex","批发委托：库存不足的葛线",True,0,1,95360,541,"LeveRewardItem#555","ui/icon/080000/080041.tex","ui/icon/080000/080005.tex","Level#6654199","ui/icon/110000/110101.tex",True,,"music/ffxiv/BGM_Leves.scd"
1337,"制作委托：帅气的长裤","我们巨人锻炉也开始正式在东方做起生意了哟。但是却没能准确地预测流行的风向，结果造成了巨大的损失。真伤心。为了填补这个损失，我想要新的商品，帮我制作帅气的长裤吧。别忘了哟！","商会巨人锻炉商人 卡·恩达妮亚",6,"裁衣匠","黄金港",66,0,1,0,"黄金港","黄金港","未知钓场",0,False,"裁衣匠","裁衣匠理符任务",0,"黄金港","ui/icon/080000/080015.tex","制作委托：帅气的长裤",True,0,1,510240,3245,"LeveRewardItem#551","ui/icon/080000/080033.tex","ui/icon/080000/080005.tex","Level#6654199","ui/icon/110000/110101.tex",True,,"music/ffxiv/BGM_Leves.scd"
1338,"制作委托：反派角色用的头巾","风兰主演的西方武打舞台剧练习得很顺利。但是扮演敌人的演员要钻进玩偶服里，这样就会热得直冒汗，看上去很辛苦。请帮忙制作能够把头发绑住的头巾，解决出汗的问题！","无地鼓座幕后人员 交喙",6,"裁衣匠","黄金港",66,0,1,0,"黄金港","黄金港","未知钓场",0,False,"裁衣匠","裁衣匠理符任务",0,"黄金港","ui/icon/080000/080015.tex","制作委托：反派角色用的头巾",True,0,1,625040,3245,"LeveRewardItem#551","ui/icon/080000/080033.tex","ui/icon/080000/080005.tex","Level#6654199","ui/icon/110000/110101.tex",True,,"music/ffxiv/BGM_Leves.scd"
1339,"批发委托：异国的“紧身衣”","最近生意做得很不错，我在考虑是时候结束流浪商人的生涯，在武京开一家店了。因此我想订购摆在店里的商品，请帮我制作大批异国的“紧身衣”吧，要高级的那种。","流动商人 手纲",6,"裁衣匠","黄金港",66,0,1,0,"黄金港","黄金港","未知钓场",0,False,"裁衣匠","裁衣匠理符任务",0,"黄金港","ui/icon/080000/080015.tex","批发委托：异国的“紧身衣”",True,0,1,581670,1172,"LeveRewardItem#556","ui/icon/080000/080041.tex","ui/icon/080000/080005.tex","Level#6654199","ui/icon/110000/110101.tex",True,,"music/ffxiv/BGM_Leves.scd"
1340,"制作委托：帅气的包头巾","我们巨人锻炉正在忙碌地在东方做着生意哟。虽然发生了很多事，但我也差不多该回国啦。临走之前我想给一直照顾我的老顾客道声谢，帮我制作帅气的包头巾当作谢礼吧。能按约定完成工作的工匠，我最喜欢了哟！","商会巨人锻炉商人 卡·恩达妮亚",6,"裁衣匠","黄金港",68,0,1,0,"黄金港","黄金港","未知钓场",0,False,"裁衣匠","裁衣匠理符任务",0,"黄金港","ui/icon/080000/080015.tex","制作委托：帅气的包头巾",True,0,1,931890,3494,"LeveRewardItem#552","ui/icon/080000/080033.tex","ui/icon/080000/080005.tex","Level#6654199","ui/icon/110000/110101.tex",True,,"music/ffxiv/BGM_Leves.scd"
1341,"制作委托：反派角色用的备用服装","风兰主演的西方武打剧“苍天幻想传”终于开始上演了。但是由异邦诗人所写的剧本上有很多非常剧烈的打戏，这对服装的耗损是很大的。请帮忙制作备用的服装！","无地鼓座幕后人员 交喙",6,"裁衣匠","黄金港",68,0,1,0,"黄金港","黄金港","未知钓场",0,False,"裁衣匠","裁衣匠理符任务",0,"黄金港","ui/icon/080000/080015.tex","制作委托：反派角色用的备用服装",True,0,1,1057080,3494,"LeveRewardItem#552","ui/icon/080000/080033.tex","ui/icon/080000/080005.tex","Level#6654199","ui/icon/110000/110101.tex",True,,"music/ffxiv/BGM_Leves.scd"
1342,"批发委托：异国的“针织帽”","我在武京开的那家店引起了很大的反响，就在我还担心前途未卜的时候，那家店居然已经一路发展成了幕府用品指定的店铺了。于是，我想继续订购异国商品摆在店里。请帮我制作大批异国的“针织帽”吧，要最高级的那种。","御用商人 手纲",6,"裁衣匠","黄金港",68,0,1,0,"黄金港","黄金港","未知钓场",0,False,"裁衣匠","裁衣匠理符任务",0,"黄金港","ui/icon/080000/080015.tex","批发委托：异国的“针织帽”",True,0,1,333810,1262,"LeveRewardItem#557","ui/icon/080000/080041.tex","ui/icon/080000/080005.tex","Level#6654199","ui/icon/110000/110101.tex",True,,"music/ffxiv/BGM_Leves.scd"
1343,"制作委托：异国的“耳环”","我想把在黄金港购买的异国珍品拿到外地去卖。听说只要在行会理符这里下订单，就能拜托异国工匠帮我制作物品？那就帮我制作“耳环”吧，我觉得一定会很畅销的。","流动商人 手纲",6,"雕金匠","黄金港",60,0,1,0,"黄金港","黄金港","未知钓场",0,False,"雕金匠","雕金匠理符任务",0,"黄金港","ui/icon/080000/080015.tex","制作委托：异国的“耳环”",True,0,1,376120,1872,"LeveRewardItem#538","ui/icon/080000/080033.tex","ui/icon/080000/080005.tex","Level#6654199","ui/icon/110000/110101.tex",True,,"music/ffxiv/BGM_Leves.scd"
1344,"制作委托：异国风格的金属戒指","悄悄跟你说，现在在那群老爷之间，围绕某位三条花街的艺伎展开了一场进贡之战。我打算把异国的戒指推荐给他们，建议他们用这种稀奇的戒指去吸引艺伎的目光。因此，就拜托你制作异国风格的金属戒指了。","杂货店老板 葛花",6,"雕金匠","黄金港",60,0,1,0,"黄金港","黄金港","未知钓场",0,False,"雕金匠","雕金匠理符任务",0,"黄金港","ui/icon/080000/080015.tex","制作委托：异国风格的金属戒指",True,0,1,266920,1872,"LeveRewardItem#538","ui/icon/080000/080033.tex","ui/icon/080000/080005.tex","Level#6654199","ui/icon/110000/110101.tex",True,,"music/ffxiv/BGM_Leves.scd"
1345,"批发委托：乌尔达哈风格的裁衣针","大天屋现在开始出售艾欧泽亚风格的装束了，虽然大部分商品都是从异国乌尔达哈采购的，但商品的细节调整与缝补却需要在本店进行。因此希望你能帮我们制作大量适合裁衣工作的乌尔达哈风格的裁衣针。","和服供应商大天屋掌柜 矢切",6,"雕金匠","黄金港",60,0,1,0,"黄金港","黄金港","未知钓场",0,False,"雕金匠","雕金匠理符任务",0,"黄金港","ui/icon/080000/080015.tex","批发委托：乌尔达哈风格的裁衣针",True,0,1,207330,676,"LeveRewardItem#543","ui/icon/080000/080041.tex","ui/icon/080000/080005.tex","Level#6654199","ui/icon/110000/110101.tex",True,,"music/ffxiv/BGM_Leves.scd"
1346,"制作委托：异国的“头链”","之前尝试的异国装饰品卖得非常好，所以这次我想做一笔大生意，我决定用驳船将大量商品运到武京去。因此，拜托你帮我制作“头链”吧，我觉得一定会很畅销的。","流动商人 手纲",6,"雕金匠","黄金港",62,0,1,0,"黄金港","黄金港","未知钓场",0,False,"雕金匠","雕金匠理符任务",0,"黄金港","ui/icon/080000/080015.tex","制作委托：异国的“头链”",True,0,1,486300,2746,"LeveRewardItem#539","ui/icon/080000/080033.tex","ui/icon/080000/080005.tex","Level#6654199","ui/icon/110000/110101.tex",True,,"music/ffxiv/BGM_Leves.scd"
1347,"制作委托：用于精制的手镯","为了让大家都了解魔晶石的知识，我不惜千里迢迢来到了东方，但这里的人们现在对魔晶石还一无所知。因此，我想在大家面前演示一下精制魔晶石的过程。请帮我制作用于精制的手镯吧。","魔晶石师傅 克莱雷博尔德",6,"雕金匠","黄金港",62,0,1,0,"黄金港","黄金港","未知钓场",0,False,"雕金匠","雕金匠理符任务",0,"黄金港","ui/icon/080000/080015.tex","制作委托：用于精制的手镯",True,0,1,376880,2746,"LeveRewardItem#539","ui/icon/080000/080033.tex","ui/icon/080000/080005.tex","Level#6654199","ui/icon/110000/110101.tex",True,,"music/ffxiv/BGM_Leves.scd"
1348,"批发委托：供给熟客的白铜","一位跟我很熟的工匠师傅给我下了一笔大数额的订单，光靠我这边的库存完全没法应付，但是我又不想白白放过这个赚钱的机会。所以我想把这份临时工作委托给你，请想办法帮我准备白铜块。我可不想在销售额上输给弟弟，拜托了。","石材五金供应商右岸屋老板 右岸",6,"雕金匠","黄金港",62,0,1,0,"黄金港","黄金港","未知钓场",0,False,"雕金匠","雕金匠理符任务",0,"黄金港","ui/icon/080000/080015.tex","批发委托：供给熟客的白铜",True,0,1,160470,496,"LeveRewardItem#544","ui/icon/080000/080041.tex","ui/icon/080000/080005.tex","Level#6654199","ui/icon/110000/110101.tex",True,,"music/ffxiv/BGM_Leves.scd"
1349,"制作委托：帅气的小剑","我们巨人锻炉也开始模仿那个百亿富翁正式在东方做起生意了哟。我们已经努力找到了交易对象，为了跟对方谈判的时候不丢面子，我想在身上镀层金。帮我制作帅气的小剑吧。别忘了哟！","商会巨人锻炉商人 卡·恩达妮亚",6,"雕金匠","黄金港",64,0,1,0,"黄金港","黄金港","未知钓场",0,False,"雕金匠","雕金匠理符任务",0,"黄金港","ui/icon/080000/080015.tex","制作委托：帅气的小剑",True,0,1,709140,2995,"LeveRewardItem#540","ui/icon/080000/080033.tex","ui/icon/080000/080005.tex","Level#6654199","ui/icon/110000/110101.tex",True,,"music/ffxiv/BGM_Leves.scd"
1350,"制作委托：适合老练工匠的裁衣针","大天屋现在开始出售艾欧泽亚风格的装束了。而且我们最近已经决定，要让本店专属的工匠缝制融入了异国风情的新式和服。因此希望你能帮我们制作适合老练工匠的乌尔达哈风格的裁衣针。","和服供应商大天屋掌柜 矢切",6,"雕金匠","黄金港",64,0,1,0,"黄金港","黄金港","未知钓场",0,False,"雕金匠","雕金匠理符任务",0,"黄金港","ui/icon/080000/080015.tex","制作委托：适合老练工匠的裁衣针",True,0,1,431830,2246,"LeveRewardItem#540","ui/icon/080000/080033.tex","ui/icon/080000/080005.tex","Level#6654199","ui/icon/110000/110101.tex",True,,"music/ffxiv/BGM_Leves.scd"
1351,"批发委托：异国的“发夹”","我运到武京的那些商品简直了，被大家抢购一空，还有一位武士大人大量订购了异国的发饰，说要送给自己的亲属。他已经把定金给我了，就拜托你帮我制作“发夹”吧。","流动商人 手纲",6,"雕金匠","黄金港",64,0,1,0,"黄金港","黄金港","未知钓场",0,False,"雕金匠","雕金匠理符任务",0,"黄金港","ui/icon/080000/080015.tex","批发委托：异国的“发夹”",True,0,1,359460,1082,"LeveRewardItem#545","ui/icon/080000/080041.tex","ui/icon/080000/080005.tex","Level#6654199","ui/icon/110000/110101.tex",True,,"music/ffxiv/BGM_Leves.scd"
1352,"制作委托：帅气的天星盘","我们巨人锻炉也开始正式在东方做起生意了哟。但是却把契约金搞错了一位数，结果造成了巨大的损失。真伤心。为了填补这个损失，我想要新的商品，帮我制作帅气的天星盘吧。别忘了哟！","商会巨人锻炉商人 卡·恩达妮亚",6,"雕金匠","黄金港",66,0,1,0,"黄金港","黄金港","未知钓场",0,False,"雕金匠","雕金匠理符任务",0,"黄金港","ui/icon/080000/080015.tex","制作委托：帅气的天星盘",True,0,1,1084260,3245,"LeveRewardItem#618","ui/icon/080000/080033.tex","ui/icon/080000/080005.tex","Level#6654199","ui/icon/110000/110101.tex",True,,"music/ffxiv/BGM_Leves.scd"
1353,"制作委托：供给熟客的翠银锭","远东之国的工匠对金属的品质要求非常苛刻，这次我的客人要求的商品是翠银锭。虽然这种金属很少见，可要是无法满足客人的要求，我就会失去这个客源。我不想在销售额上输给弟弟，拜托了。","石材五金供应商右岸屋老板 右岸",6,"雕金匠","黄金港",66,0,1,0,"黄金港","黄金港","未知钓场",0,False,"雕金匠","雕金匠理符任务",0,"黄金港","ui/icon/080000/080015.tex","制作委托：供给熟客的翠银锭",True,0,1,280630,1622,"LeveRewardItem#541","ui/icon/080000/080033.tex","ui/icon/080000/080005.tex","Level#6654199","ui/icon/110000/110101.tex",True,,"music/ffxiv/BGM_Leves.scd"
1354,"批发委托：异国的“指环”","最近生意做得很不错，我在考虑是时候结束流浪商人的生涯，在武京开一家店了。因此我想订购摆在店里的商品，请帮我制作大批异国的“指环”吧，要高级的那种。","流动商人 手纲",6,"雕金匠","黄金港",66,0,1,0,"黄金港","黄金港","未知钓场",0,False,"雕金匠","雕金匠理符任务",0,"黄金港","ui/icon/080000/080015.tex","批发委托：异国的“指环”",True,0,1,237260,1172,"LeveRewardItem#546","ui/icon/080000/080041.tex","ui/icon/080000/080005.tex","Level#6654199","ui/icon/110000/110101.tex",True,,"music/ffxiv/BGM_Leves.scd"
1355,"制作委托：用于出租的法杖","要去朝圣的客人问我这里有没有手杖，我本想把木制手杖租给他，他却说不是金属制的豪华手杖的话他宁可不要。不蒸馒头争口气，帮我制作最高级的金属法杖吧，我要让那个任性的客人好好看看。","租借店老板 寿",6,"雕金匠","黄金港",68,0,1,0,"黄金港","黄金港","未知钓场",0,False,"雕金匠","雕金匠理符任务",0,"黄金港","ui/icon/080000/080015.tex","制作委托：用于出租的法杖",True,0,1,681530,3494,"LeveRewardItem#542","ui/icon/080000/080033.tex","ui/icon/080000/080005.tex","Level#6654199","ui/icon/110000/110101.tex",True,,"music/ffxiv/BGM_Leves.scd"
1356,"制作委托：帅气的刺剑","我们巨人锻炉正在忙碌地在东方做着生意哟。虽然发生了很多事，但我也差不多该回国啦。不过，我很担心在回去的海上旅途中会不会遇到海盗。为了保命，帮我制作帅气的刺剑吧。能按约定完成工作的工匠，我最喜欢了哟！","商会巨人锻炉商人 卡·恩达妮亚",6,"雕金匠","黄金港",68,0,1,0,"黄金港","黄金港","未知钓场",0,False,"雕金匠","雕金匠理符任务",0,"黄金港","ui/icon/080000/080015.tex","制作委托：帅气的刺剑",True,0,1,681530,3494,"LeveRewardItem#542","ui/icon/080000/080033.tex","ui/icon/080000/080005.tex","Level#6654199","ui/icon/110000/110101.tex",True,,"music/ffxiv/BGM_Leves.scd"
1357,"批发委托：异国的“项环”","我在武京开的那家店引起了很大的反响，就在我还担心前途未卜的时候，那家店居然已经一路发展成了幕府用品指定的店铺了。于是，我想继续订购异国商品摆在店里。请帮我制作大批异国的“项环”吧，要最高级的那种。","御用商人 手纲",6,"雕金匠","黄金港",68,0,1,0,"黄金港","黄金港","未知钓场",0,False,"雕金匠","雕金匠理符任务",0,"黄金港","ui/icon/080000/080015.tex","批发委托：异国的“项环”",True,0,1,333810,1262,"LeveRewardItem#547","ui/icon/080000/080041.tex","ui/icon/080000/080005.tex","Level#6654199","ui/icon/110000/110101.tex",True,,"music/ffxiv/BGM_Leves.scd"
1358,"采集确认：制作护身符的木片","自从帝国禁止人们从事宗教活动之后，供奉破坏神的星导教教义也渐渐衰败了。因此我想制作破坏神的护身符发给大家，用来当作自由的证明。请去指定地点查看是否有能够当成素材的木片。","阿拉米格解放军战士 吉塞拉",4,"园艺工","黄金港",60,20,1,1,"基拉巴尼亚边区","黄金港","未知钓场",0,False,"园艺工","园艺工理符任务",0,"基拉巴尼亚边区","ui/icon/080000/080015.tex","GatheringLeve#131220",True,1,65,0,1317,"LeveRewardItem#588","ui/icon/080000/080029.tex","ui/icon/080000/080005.tex","Level#6654198","ui/icon/110000/110103.tex",True,"Level#6990566","music/ffxiv/BGM_Leves_Easy.scd"
1359,"指定采集：天柱树的树液","请前往东境混交林，采集天柱树的树液。这种树液具有非常优秀的杀菌效果，适合用来制作消炎药。为了负伤的斗士，请尽快把东西交给我。","野战医院医师 奥蕾拉",4,"园艺工","黄金港",60,20,1,1,"基拉巴尼亚边区","黄金港","未知钓场",0,False,"园艺工","园艺工理符任务",0,"基拉巴尼亚边区","ui/icon/080000/080015.tex","GatheringLeve#131221",True,1,72,0,1317,"LeveRewardItem#588","ui/icon/080000/080044.tex","ui/icon/080000/080005.tex","Level#6654198","ui/icon/110000/110103.tex",True,"Level#6990567","music/ffxiv/BGM_Leves_Easy.scd"
1360,"强行采集：威罗迪纳河流域的植被调查","听说东境混交林被收复了，园艺工行会就开始计划调查威罗迪纳河流域的植被状况。现正招募能够不惧危险赶往当地调查树木种类与健康状况的冒险者。","园艺工行会会长 弗弗茶",4,"园艺工","黄金港",60,20,1,1,"基拉巴尼亚边区","黄金港","未知钓场",0,False,"园艺工","园艺工理符任务",0,"基拉巴尼亚边区","ui/icon/080000/080015.tex","GatheringLeve#131222",True,1,49,0,917,"LeveRewardItem#588","ui/icon/080000/080040.tex","ui/icon/080000/080005.tex","Level#6654198","ui/icon/110000/110103.tex",True,"Level#6990568","music/ffxiv/BGM_Leves_Easy.scd"
1361,"采集确认：制作高级家具的奥萨德松","前阵子有熟客给我们下了订单，可对方想要的木材偏偏是只生长在大陆的奥萨德松，真让人头疼。所以我现在正在寻找能够渡过红玉海前去采伐的勇者。希望可以在采伐的同时确认一下木材的质量是否能够用来制作高级家具。","木材供应商左岸屋老板 左岸",4,"园艺工","黄金港",62,20,1,1,"红玉海","黄金港","未知钓场",0,False,"园艺工","园艺工理符任务",0,"红玉海","ui/icon/080000/080015.tex","GatheringLeve#131223",True,1,65,0,1187,"LeveRewardItem#589","ui/icon/080000/080029.tex","ui/icon/080000/080005.tex","Level#6654198","ui/icon/110000/110104.tex",True,"Level#6990574","music/ffxiv/BGM_Leves_Easy.scd"
1362,"大量采集：制作发簪的红矶花","来到黄金港的异国女性都很喜欢上面有红矶花装饰的发簪。请擅长潜水的人将大小适中的红矶花采来，不要与其他的珊瑚混淆了。","发簪工匠 芙蓉",4,"园艺工","黄金港",62,20,1,1,"红玉海","黄金港","未知钓场",0,False,"园艺工","园艺工理符任务",0,"红玉海","ui/icon/080000/080015.tex","GatheringLeve#131224",True,1,72,0,1507,"LeveRewardItem#589","ui/icon/080000/080030.tex","ui/icon/080000/080005.tex","Level#6654198","ui/icon/110000/110104.tex",True,"Level#6990575","music/ffxiv/BGM_Leves_Easy.scd"
1363,"指定采集：三才图会“水草·江海”条目","我现在正在写一本记录万物的书——«三才图会»。请帮我收集和“水草·江海”条目有关的必要样品，将生长在红玉海底的螺旋海鳃交给我。","远东之国医师 晦日",4,"园艺工","黄金港",62,20,1,1,"红玉海","黄金港","未知钓场",0,False,"园艺工","园艺工理符任务",0,"红玉海","ui/icon/080000/080015.tex","GatheringLeve#131225",True,1,72,0,1427,"LeveRewardItem#589","ui/icon/080000/080044.tex","ui/icon/080000/080005.tex","Level#6654198","ui/icon/110000/110104.tex",True,"Level#6990576","music/ffxiv/BGM_Leves_Easy.scd"
1364,"采集确认：龙鳞桥的架台建材","横贯东西的龙鳞桥在与帝国的战争中崩塌了，我们现在想重新把它建起来。为此需要先决定采伐哪里的竹子，好制作施工中用到的架台。请从指定地点的竹林进行采伐，将样品竹子带回来。","担忧多玛的匿名者",4,"园艺工","黄金港",64,20,1,1,"延夏","黄金港","未知钓场",0,False,"园艺工","园艺工理符任务",0,"延夏","ui/icon/080000/080015.tex","GatheringLeve#131226",True,1,65,0,1144,"LeveRewardItem#590","ui/icon/080000/080029.tex","ui/icon/080000/080005.tex","Level#6654198","ui/icon/110000/110105.tex",True,"Level#6990581","music/ffxiv/BGM_Leves_Easy.scd"
1365,"指定采集：制作高级家具的延夏松","又有熟客给我们出难题了，真让人头疼，对方想要的是只能从大陆内陆采伐到的延夏松。可是如果我拒绝了的话，就会输给哥哥的那家店了，所以请无论如何要帮我弄到！","木材供应商左岸屋老板 左岸",4,"园艺工","黄金港",64,20,1,1,"延夏","黄金港","未知钓场",0,False,"园艺工","园艺工理符任务",0,"延夏","ui/icon/080000/080015.tex","GatheringLeve#131227",True,1,72,0,1597,"LeveRewardItem#590","ui/icon/080000/080044.tex","ui/icon/080000/080005.tex","Level#6654198","ui/icon/110000/110105.tex",True,"Level#6990582","music/ffxiv/BGM_Leves_Easy.scd"
1366,"强行采集：三才图会“水草·河湖”条目","我现在正在写一本记录万物的书——«三才图会»。请帮我收集和“水草·河湖”条目有关的必要样品，将生长在无二江底的风铃草交给我。","远东之国医师 晦日",4,"园艺工","黄金港",64,20,1,1,"延夏","黄金港","未知钓场",0,False,"园艺工","园艺工理符任务",0,"延夏","ui/icon/080000/080015.tex","GatheringLeve#131228",True,1,49,0,1087,"LeveRewardItem#590","ui/icon/080000/080040.tex","ui/icon/080000/080005.tex","Level#6654198","ui/icon/110000/110105.tex",True,"Level#6990583","music/ffxiv/BGM_Leves_Easy.scd"
1367,"大量采集：供给熟客的太阳松","又有熟客给我们出难题了，真让人头疼，听了可别被吓到，对方这次要的是太阳松。但是，为了把这家店做得比哥哥那家还大，我是不会退缩的。请帮忙收集大量的太阳松木材！","木材供应商左岸屋老板 左岸",4,"园艺工","黄金港",66,20,1,1,"太阳神草原","黄金港","未知钓场",0,False,"园艺工","园艺工理符任务",0,"太阳神草原","ui/icon/080000/080015.tex","GatheringLeve#131229",True,1,72,0,1387,"LeveRewardItem#591","ui/icon/080000/080030.tex","ui/icon/080000/080005.tex","Level#6654198","ui/icon/110000/110106.tex",True,"Level#6990588","music/ffxiv/BGM_Leves_Easy.scd"
1368,"指定采集：药用毒羊草","我只顾着埋头书写记录万物的书——«三才图会»，完全疏忽了自己的本职工作，现在想为病情恶化的患者煎一服特殊的药。请将毒羊草交给我，它只在太阳神草原大量生长。","远东之国医师 晦日",4,"园艺工","黄金港",66,20,1,1,"太阳神草原","黄金港","未知钓场",0,False,"园艺工","园艺工理符任务",0,"太阳神草原","ui/icon/080000/080015.tex","GatheringLeve#131230",True,1,72,0,1267,"LeveRewardItem#591","ui/icon/080000/080044.tex","ui/icon/080000/080005.tex","Level#6654198","ui/icon/110000/110106.tex",True,"Level#6990589","music/ffxiv/BGM_Leves_Easy.scd"
1369,"强行采集：探索新商品","东阿尔迪纳德商会的黄金港分店经常在寻求新商品。尤其是新的炼金药素材和未知香料等物品，大概是关系着巨大的商业利益吧。因此，请去当地调查一下是否有能够成为新商品的植物。","东阿尔迪纳德商会伙计 琪琪茉",4,"园艺工","黄金港",66,20,1,1,"太阳神草原","黄金港","未知钓场",0,False,"园艺工","园艺工理符任务",0,"太阳神草原","ui/icon/080000/080015.tex","GatheringLeve#131231",True,1,49,0,787,"LeveRewardItem#591","ui/icon/080000/080040.tex","ui/icon/080000/080005.tex","Level#6654198","ui/icon/110000/110106.tex",True,"Level#6990590","music/ffxiv/BGM_Leves_Easy.scd"
1370,"采集确认：制作花茶的花瓣","身为梅氏的努恩，想要保护多数的女性并非一件轻松的工作，在女人们开始争吵的时候就更难了。这次因为泡花茶的花瓣不够等原因，她们又展开了安静的战争。为了息事宁人，请收集能够制作花茶的花瓣。","对等石首领 梅·拉兹·努恩",4,"园艺工","黄金港",68,20,1,1,"基拉巴尼亚山区","黄金港","未知钓场",0,False,"园艺工","园艺工理符任务",0,"基拉巴尼亚山区","ui/icon/080000/080015.tex","GatheringLeve#131232",True,1,60,0,1397,"LeveRewardItem#592","ui/icon/080000/080029.tex","ui/icon/080000/080005.tex","Level#6654198","ui/icon/110000/110107.tex",True,"Level#6990594","music/ffxiv/BGM_Leves_Easy.scd"
1371,"大量采集：悼念死者的花","很多人在阿拉米格解放运动中牺牲了，身为他们的同胞，我想为这些已逝之人举办一场追悼会。为此，需要一些能够献给死者的花。请帮忙采来尖嘴草的花用以宽慰牺牲者与其家属。","小阿拉米格首领 古恩德巴尔德",4,"园艺工","黄金港",68,20,1,1,"基拉巴尼亚山区","黄金港","未知钓场",0,False,"园艺工","园艺工理符任务",0,"基拉巴尼亚山区","ui/icon/080000/080015.tex","GatheringLeve#131233",True,1,66,0,1270,"LeveRewardItem#592","ui/icon/080000/080030.tex","ui/icon/080000/080005.tex","Level#6654198","ui/icon/110000/110107.tex",True,"Level#6990595","music/ffxiv/BGM_Leves_Easy.scd"
1372,"强行采集：调查野生品种","为了阿拉米格的未来，我们这个邻国的园艺工行会计划对他们进行农业支援。第一步已经决定了，就是要进行大规模的调查，寻找有前途的野生品种。现正招募能够不惧危险前去调查的冒险者。","园艺工行会会长 弗弗茶",4,"园艺工","黄金港",68,20,1,1,"基拉巴尼亚山区","黄金港","未知钓场",0,False,"园艺工","园艺工理符任务",0,"基拉巴尼亚山区","ui/icon/080000/080015.tex","GatheringLeve#131234",True,1,45,0,890,"LeveRewardItem#592","ui/icon/080000/080040.tex","ui/icon/080000/080005.tex","Level#6654198","ui/icon/110000/110107.tex",True,"Level#6990596","music/ffxiv/BGM_Leves_Easy.scd"
1373,"采集确认：魔导兵器的装甲片","现在我们正针对帝国制陶瓷装甲寻找行之有效的攻击手段，因此十分需要研究素材。请从战争中被破坏的魔导兵器的残骸中回收陶瓷装甲片。","加隆德炼铁厂技师 洛厄尔",4,"采矿工","黄金港",60,20,1,1,"基拉巴尼亚边区","黄金港","未知钓场",0,False,"采矿工","采矿工理符任务",0,"基拉巴尼亚边区","ui/icon/080000/080015.tex","GatheringLeve#131235",True,1,65,0,967,"LeveRewardItem#593","ui/icon/080000/080029.tex","ui/icon/080000/080005.tex","Level#6654198","ui/icon/110000/110108.tex",True,"Level#6990563","music/ffxiv/BGM_Leves_Easy.scd"
1374,"指定采集：埋在建筑下的化石","在基拉巴尼亚地区的石场中屡次发现了古代生物的化石。但让人难以置信的是，那些不知道化石价值的蠢材居然把含有贵重化石的岩石当成了普通的石料。请去已经化为废墟的建筑下找到古代贝的化石。","博物学家 塔恩嘉·托恩嘉",4,"采矿工","黄金港",60,20,1,1,"基拉巴尼亚边区","黄金港","未知钓场",0,False,"采矿工","采矿工理符任务",0,"基拉巴尼亚边区","ui/icon/080000/080015.tex","GatheringLeve#131236",True,1,72,0,1217,"LeveRewardItem#593","ui/icon/080000/080044.tex","ui/icon/080000/080005.tex","Level#6654198","ui/icon/110000/110108.tex",True,"Level#6990564","music/ffxiv/BGM_Leves_Easy.scd"
1375,"强行采集：新大桥的基点","为了今后加强与邻国的往来，我们计划在威罗迪纳河上增建一条新的大桥。请用鹤嘴镐确认一下我们选为基点的石场强度是否足以建桥，要小心别出事啊。","阿拉米格解放军工兵 茵布莲",4,"采矿工","黄金港",60,20,1,1,"基拉巴尼亚边区","黄金港","未知钓场",0,False,"采矿工","采矿工理符任务",0,"基拉巴尼亚边区","ui/icon/080000/080015.tex","GatheringLeve#131237",True,1,49,0,717,"LeveRewardItem#593","ui/icon/080000/080040.tex","ui/icon/080000/080005.tex","Level#6654198","ui/icon/110000/110108.tex",True,"Level#6990565","music/ffxiv/BGM_Leves_Easy.scd"
1376,"采集确认：调查红玉海矿脉","受到红玉海治安恶化的影响，我们悄悄进行的矿脉调查不得不中断了。因此，能以冒险者的魄力为我们采来指定地点的矿石标本吗？我不想输给弟弟的店，拜托了。","石材五金供应商右岸屋老板 右岸",4,"采矿工","黄金港",62,20,1,1,"红玉海","黄金港","未知钓场",0,False,"采矿工","采矿工理符任务",0,"红玉海","ui/icon/080000/080015.tex","GatheringLeve#131238",True,1,65,0,707,"LeveRewardItem#594","ui/icon/080000/080029.tex","ui/icon/080000/080005.tex","Level#6654198","ui/icon/110000/110109.tex",True,"Level#6990571","music/ffxiv/BGM_Leves_Easy.scd"
1377,"大量采集：制作染料的海绿石","我们常往来的一家染料店给我们下了一笔订单，想要大量的海绿石来制作染料。我调查了一下，陆地上能够采到这种矿石的地点非常少。因此想寻找对潜水有自信的人潜入海底，将采集来的大量海绿石交给我们。","石材五金供应商右岸屋老板 右岸",4,"采矿工","黄金港",62,20,1,1,"红玉海","黄金港","未知钓场",0,False,"采矿工","采矿工理符任务",0,"红玉海","ui/icon/080000/080015.tex","GatheringLeve#131239",True,1,72,0,867,"LeveRewardItem#594","ui/icon/080000/080030.tex","ui/icon/080000/080005.tex","Level#6654198","ui/icon/110000/110109.tex",True,"Level#6990572","music/ffxiv/BGM_Leves_Easy.scd"
1378,"指定采集：制作发簪的菊目石","在远东之国的首都武京，女性都很喜欢上面有菊目石装饰的发簪。请擅长潜水的人将大小适中的菊目石采来，不要与其他的珊瑚混淆了。","发簪工匠 芙蓉",4,"采矿工","黄金港",62,20,1,1,"红玉海","黄金港","未知钓场",0,False,"采矿工","采矿工理符任务",0,"红玉海","ui/icon/080000/080015.tex","GatheringLeve#131240",True,1,72,0,974,"LeveRewardItem#594","ui/icon/080000/080044.tex","ui/icon/080000/080005.tex","Level#6654198","ui/icon/110000/110109.tex",True,"Level#6990573","music/ffxiv/BGM_Leves_Easy.scd"
1379,"采集确认：龙鳞桥的石料","横贯东西的龙鳞桥在与帝国的战争中崩塌了，我们现在想重新把它建起来。为此需要先决定采取建桥石料的地点。请在指定地点的石场进行挖掘，将样品白石带回来。","担忧多玛的匿名者",4,"采矿工","黄金港",64,20,1,1,"延夏","黄金港","未知钓场",0,False,"采矿工","采矿工理符任务",0,"延夏","ui/icon/080000/080015.tex","GatheringLeve#131241",True,1,65,0,917,"LeveRewardItem#595","ui/icon/080000/080029.tex","ui/icon/080000/080005.tex","Level#6654198","ui/icon/110000/110110.tex",True,"Level#6990578","music/ffxiv/BGM_Leves_Easy.scd"
1380,"指定采集：新的刀具素材","我听说帝国军的飞空艇是用强度坚韧又十分轻盈的合金制成的，我想把这种材料用在铸造刀具上。请想办法从叛乱时被击落沉入无二江的高速魔导驱逐艇上取来它的装甲片。","武器工匠 雪花",4,"采矿工","黄金港",64,20,1,1,"延夏","黄金港","未知钓场",0,False,"采矿工","采矿工理符任务",0,"延夏","ui/icon/080000/080015.tex","GatheringLeve#131242",True,1,72,0,1314,"LeveRewardItem#595","ui/icon/080000/080044.tex","ui/icon/080000/080005.tex","Level#6654198","ui/icon/110000/110110.tex",True,"Level#6990579","music/ffxiv/BGM_Leves_Easy.scd"
1381,"强行采集：东龙鳞桥的强度","横贯东西的龙鳞桥在与帝国的战争中崩塌了，我们现在想重新把它建起来。为此请前往东龙鳞桥，将剩余部分的石料刨下来，确认强度是否足够。为了多玛的复兴，请务必慎重。","担忧多玛的匿名者",4,"采矿工","黄金港",64,20,1,1,"延夏","黄金港","未知钓场",0,False,"采矿工","采矿工理符任务",0,"延夏","ui/icon/080000/080015.tex","GatheringLeve#131243",True,1,49,0,804,"LeveRewardItem#595","ui/icon/080000/080040.tex","ui/icon/080000/080005.tex","Level#6654198","ui/icon/110000/110110.tex",True,"Level#6990580","music/ffxiv/BGM_Leves_Easy.scd"
1382,"大量采集：制作念珠的小石子","我在潮风亭喝酒的时候认识了一名念珠工匠，他好像是我弟弟的客人。听说他想制作深色的念珠，所以想从我这里收购大量的大小适中的石子。这可是我从弟弟那里抢夺客源的好机会啊，拜托了。","石材五金供应商右岸屋老板 右岸",4,"采矿工","黄金港",66,20,1,1,"太阳神草原","黄金港","未知钓场",0,False,"采矿工","采矿工理符任务",0,"太阳神草原","ui/icon/080000/080015.tex","GatheringLeve#131244",True,1,72,0,1147,"LeveRewardItem#596","ui/icon/080000/080030.tex","ui/icon/080000/080005.tex","Level#6654198","ui/icon/110000/110111.tex",True,"Level#6990585","music/ffxiv/BGM_Leves_Easy.scd"
1383,"指定采集：太阳神草原的辉石","从大陆远道而来的商人想要收购珍稀的辉石。我打听了一下，那种辉石只有太阳神草原才有。请渡海前往大草原的石场，收集辉石。拜托了。","石材五金供应商右岸屋老板 右岸",4,"采矿工","黄金港",66,20,1,1,"太阳神草原","黄金港","未知钓场",0,False,"采矿工","采矿工理符任务",0,"太阳神草原","ui/icon/080000/080015.tex","GatheringLeve#131245",True,1,72,0,1147,"LeveRewardItem#596","ui/icon/080000/080044.tex","ui/icon/080000/080005.tex","Level#6654198","ui/icon/110000/110111.tex",True,"Level#6990586","music/ffxiv/BGM_Leves_Easy.scd"
1384,"强行采集：三才图会“地理”条目","我现在正在写一本记录万物的书——«三才图会»。请帮我收集和“地理”条目有关的情报，在太阳神草原南部的沙漠地带进行挖掘，将全部的知识都记下来交给我。","远东之国医师 晦日",4,"采矿工","黄金港",66,20,1,1,"太阳神草原","黄金港","未知钓场",0,False,"采矿工","采矿工理符任务",0,"太阳神草原","ui/icon/080000/080015.tex","GatheringLeve#131246",True,1,49,0,667,"LeveRewardItem#596","ui/icon/080000/080040.tex","ui/icon/080000/080005.tex","Level#6654198","ui/icon/110000/110111.tex",True,"Level#6990587","music/ffxiv/BGM_Leves_Easy.scd"
1385,"采集确认：紫钻原石","我从酒馆认识的佣兵那里听说了一个惊天大情报！原来基拉巴尼亚山区居然有一条盛产紫色钻石的矿脉！看来我就要发达了！快去指定地点挖一下，看到底有没有原石！","做梦人 皮皮库利",4,"采矿工","黄金港",68,20,1,1,"基拉巴尼亚山区","黄金港","未知钓场",0,False,"采矿工","采矿工理符任务",0,"基拉巴尼亚山区","ui/icon/080000/080015.tex","GatheringLeve#131247",True,1,60,0,1144,"LeveRewardItem#597","ui/icon/080000/080029.tex","ui/icon/080000/080005.tex","Level#6654198","ui/icon/110000/110112.tex",True,"Level#6990591","music/ffxiv/BGM_Leves_Easy.scd"
1386,"大量采集：制作建材的砖瓦","身为祖国的人民，我想为祖国的复兴出一份力，于是决定为大家捐助建材。请把那些让人难过的废弃屋子拆掉，从中挑选出能够当成建材重新利用的东西。期待能看到大量的建材。","小阿拉米格首领 古恩德巴尔德",4,"采矿工","黄金港",68,20,1,1,"基拉巴尼亚山区","黄金港","未知钓场",0,False,"采矿工","采矿工理符任务",0,"基拉巴尼亚山区","ui/icon/080000/080015.tex","GatheringLeve#131248",True,1,66,0,1080,"LeveRewardItem#597","ui/icon/080000/080030.tex","ui/icon/080000/080005.tex","Level#6654198","ui/icon/110000/110112.tex",True,"Level#6990592","music/ffxiv/BGM_Leves_Easy.scd"
1387,"强行采集：支持产业的矿石","我们阿拉加纳集落的采矿业每况愈下，因此想开拓可以代替产矿的新产业。请在从未开采过的地方进行挖掘，试试能不能找到有价值的矿石。为了大家，请帮我们一把。","阿拉加纳村长 拉加恩弗里德",4,"采矿工","黄金港",68,20,1,1,"基拉巴尼亚山区","黄金港","未知钓场",0,False,"采矿工","采矿工理符任务",0,"基拉巴尼亚山区","ui/icon/080000/080015.tex","GatheringLeve#131249",True,1,45,0,764,"LeveRewardItem#597","ui/icon/080000/080040.tex","ui/icon/080000/080005.tex","Level#6654198","ui/icon/110000/110112.tex",True,"Level#6990593","music/ffxiv/BGM_Leves_Easy.scd"
1388,"指定采集：用于对比的逆流鱼","<UIForeground>F201F4</UIForeground><UIGlow>F201F5</UIGlow>采集方法：钓鱼<UIGlow>01</UIGlow><UIForeground>01</UIForeground>
我想将基拉巴尼亚地区发现的鱼类化石与现代的鱼类进行对比，用于对比的就是生活在慢水涤的逆流鱼。请为我提供三条逆流鱼，要小心别弄伤它们，以确保调查可以顺利进行。","博物学家 塔恩嘉·托恩嘉",6,"捕鱼人","黄金港",60,0,1,0,"基拉巴尼亚山区","黄金港","慢水涤",0,False,"捕鱼人","捕鱼人理符任务",0,"黄金港","ui/icon/080000/080015.tex","指定采集：用于对比的逆流鱼",True,0,1,1267826,1350,"LeveRewardItem#598","ui/icon/080000/080057.tex","ui/icon/080000/080005.tex","Level#6654200","ui/icon/110000/110149.tex",True,"Level#6990591","music/ffxiv/BGM_Leves.scd"
1389,"指定采集：用于调查的落叶鱼","<UIForeground>F201F4</UIForeground><UIGlow>F201F5</UIGlow>采集方法：钓鱼<UIGlow>01</UIGlow><UIForeground>01</UIForeground>
园艺工行会正在查看已被收复的东境混交林的植被状况，其中有一个环节就是调查以酷似落叶而闻名的拟态鱼——落叶鱼。现正招募敢于前往昏暗林的冒险者。","园艺工行会会长 弗弗茶",6,"捕鱼人","黄金港",60,0,1,0,"基拉巴尼亚边区","黄金港","昏暗林",0,False,"捕鱼人","捕鱼人理符任务",0,"黄金港","ui/icon/080000/080015.tex","指定采集：用于调查的落叶鱼",True,0,1,1267826,1350,"LeveRewardItem#598","ui/icon/080000/080057.tex","ui/icon/080000/080005.tex","Level#6654200","ui/icon/110000/110148.tex",True,"Level#6990563","music/ffxiv/BGM_Leves.scd"
1390,"大量采集：用于腌制的高地刺鱼","<UIForeground>F201F4</UIForeground><UIGlow>F201F5</UIGlow>采集方法：钓鱼<UIGlow>01</UIGlow><UIForeground>01</UIForeground>
居住在黑衣森林的阿拉米格人筹集了资金，想要为阿拉米格解放军提供食物支援。请提供大量的高地刺鱼，以便于腌制成鱼干长久保存。为了那些舍命战斗的斗士们，拜托了。","林场水车居民 阿尔布蕾达",6,"捕鱼人","黄金港",60,0,1,0,"基拉巴尼亚边区","黄金港","幻河",0,False,"捕鱼人","捕鱼人理符任务",0,"黄金港","ui/icon/080000/080015.tex","大量采集：用于腌制的高地刺鱼",True,0,1,760696,488,"LeveRewardItem#603","ui/icon/080000/080045.tex","ui/icon/080000/080005.tex","Level#6654200","ui/icon/110000/110148.tex",True,"Level#6990563","music/ffxiv/BGM_Leves.scd"
1391,"指定采集：供不应求的飞鳐","<UIForeground>F201F4</UIForeground><UIGlow>F201F5</UIGlow>采集方法：刺鱼<UIGlow>01</UIGlow><UIForeground>01</UIForeground>
我听大家说，用鳐皮制成的钱包在黄金港很流行。那如果能捕捉到飞鳐带过去的话岂不是可以大赚一笔？如果哪位捕鱼人愿意协助我们商会的话，请联系我们哟！","碧甲族旅行商人 算盘",6,"捕鱼人","黄金港",62,0,1,0,"红玉海","黄金港","未知钓场",1,False,"捕鱼人","捕鱼人理符任务",0,"黄金港","ui/icon/080000/080015.tex","指定采集：供不应求的飞鳐",True,0,1,1290063,1440,"LeveRewardItem#599","ui/icon/080000/080057.tex","ui/icon/080000/080005.tex","Level#6654200","ui/icon/110000/110169.tex",True,"Level#6990571","music/ffxiv/BGM_Leves.scd"
1392,"指定采集：酒馆里提供的海参","<UIForeground>F201F4</UIForeground><UIGlow>F201F5</UIGlow>采集方法：刺鱼<UIGlow>01</UIGlow><UIForeground>01</UIForeground>
黄金港最大的酒馆潮风亭经常会有很多当地的水手进出，凉拌海参是一道非常受他们欢迎的下酒菜。如果有捕鱼人能捉到红玉海出产的新鲜海参，请提供给我们。","潮风亭老板娘 琴风",6,"捕鱼人","黄金港",62,0,1,0,"红玉海","黄金港","未知钓场",2,False,"捕鱼人","捕鱼人理符任务",0,"黄金港","ui/icon/080000/080015.tex","指定采集：酒馆里提供的海参",True,0,1,1290063,1440,"LeveRewardItem#599","ui/icon/080000/080057.tex","ui/icon/080000/080005.tex","Level#6654200","ui/icon/110000/110169.tex",True,"Level#6990571","music/ffxiv/BGM_Leves.scd"
1393,"大量采集：用来制作清酒煮螺的奥萨德螺","<UIForeground>F201F4</UIForeground><UIGlow>F201F5</UIGlow>采集方法：刺鱼<UIGlow>01</UIGlow><UIForeground>01</UIForeground>
我叫小枝，在三条花街开了一家饭馆。清酒煮螺是本店一道著名的菜，但紫州的捕鱼量逐年减少，很难捕捉到奥萨德螺。不知道有没有人能提供大量的奥萨德螺呢？","赤松亭饭馆老板娘 小枝",6,"捕鱼人","黄金港",62,0,1,0,"延夏","黄金港","未知钓场",7,False,"捕鱼人","捕鱼人理符任务",0,"黄金港","ui/icon/080000/080015.tex","大量采集：用来制作清酒煮螺的奥萨德螺",True,0,1,774038,520,"LeveRewardItem#604","ui/icon/080000/080045.tex","ui/icon/080000/080005.tex","Level#6654200","ui/icon/110000/110173.tex",True,"Level#6990578","music/ffxiv/BGM_Leves.scd"
1394,"指定采集：用来制作标本的长须鲶鱼","<UIForeground>F201F4</UIForeground><UIGlow>F201F5</UIGlow>采集方法：钓鱼<UIGlow>01</UIGlow><UIForeground>01</UIForeground>
我听从红州来的旅行者说，武京很流行把鱼类制成标本。因此，我想收购长须鲶鱼。它们因为生有长长的胡须，还被称为仙人鱼。我要把它们当成吉祥物卖给那边，所以一定要完整的啊。","流动商人 手纲",6,"捕鱼人","黄金港",64,0,1,0,"延夏","黄金港","无二江东",0,False,"捕鱼人","捕鱼人理符任务",0,"黄金港","ui/icon/080000/080015.tex","指定采集：用来制作标本的长须鲶鱼",True,0,1,1314698,1530,"LeveRewardItem#600","ui/icon/080000/080057.tex","ui/icon/080000/080005.tex","Level#6654200","ui/icon/110000/110144.tex",True,"Level#6990578","music/ffxiv/BGM_Leves.scd"
1395,"指定采集：反派角色用的硬鳞","<UIForeground>F201F4</UIForeground><UIGlow>F201F5</UIGlow>采集方法：钓鱼<UIGlow>01</UIGlow><UIForeground>01</UIForeground>
为了风兰主演的西方武打剧，我正在缝制服装。其中最花费心思的就是反派角色要用到的龙的玩偶服。为了营造出那种魄力，我想使用天幕鱼的硬鳞，拜托你帮我准备材料。","无地鼓座幕后人员 交喙",6,"捕鱼人","黄金港",64,0,1,0,"太阳神草原","黄金港","哈克卡勒河",0,False,"捕鱼人","捕鱼人理符任务",0,"黄金港","ui/icon/080000/080015.tex","指定采集：反派角色用的硬鳞",True,0,1,1314698,1530,"LeveRewardItem#600","ui/icon/080000/080057.tex","ui/icon/080000/080005.tex","Level#6654200","ui/icon/110000/110145.tex",True,"Level#6990585","music/ffxiv/BGM_Leves.scd"
1396,"大量采集：供不应求的红翅鱼","<UIForeground>F201F4</UIForeground><UIGlow>F201F5</UIGlow>采集方法：钓鱼<UIGlow>01</UIGlow><UIForeground>01</UIForeground>
我在黄金港收到了订购观赏鱼的订单，但客人想要的鱼是只有太阳神草原才能捉到的红翅鱼，所以我现在正不知道怎么办才好。因为我除了红玉海之外就没有别的路子了。所以，请能够远行的捕鱼人为我提供大量的红翅鱼吧！","碧甲族旅行商人 算盘",6,"捕鱼人","黄金港",64,0,1,0,"太阳神草原","黄金港","亚特卡勒河上游",0,False,"捕鱼人","捕鱼人理符任务",0,"黄金港","ui/icon/080000/080015.tex","大量采集：供不应求的红翅鱼",True,0,1,788819,553,"LeveRewardItem#605","ui/icon/080000/080045.tex","ui/icon/080000/080005.tex","Level#6654200","ui/icon/110000/110145.tex",True,"Level#6990585","music/ffxiv/BGM_Leves.scd"
1397,"指定采集：酒馆里提供的矶灯笼","<UIForeground>F201F4</UIForeground><UIGlow>F201F5</UIGlow>采集方法：刺鱼<UIGlow>01</UIGlow><UIForeground>01</UIForeground>
食用奇珍异味也是黄金港的一道风景，这句话是谁说的来着？总而言之，我这边有位熟客特别喜欢吃酱煮矶灯笼。如果有捕鱼人能捉到红玉海出产的新鲜矶灯笼，请提供给我们。","潮风亭老板娘 琴风",6,"捕鱼人","黄金港",66,0,1,0,"红玉海","黄金港","未知钓场",5,False,"捕鱼人","捕鱼人理符任务",0,"黄金港","ui/icon/080000/080015.tex","指定采集：酒馆里提供的矶灯笼",True,0,1,1334289,1620,"LeveRewardItem#601","ui/icon/080000/080057.tex","ui/icon/080000/080005.tex","Level#6654200","ui/icon/110000/110170.tex",True,"Level#6990571","music/ffxiv/BGM_Leves.scd"
1398,"指定采集：用于实验的红鳍","<UIForeground>F201F4</UIForeground><UIGlow>F201F5</UIGlow>采集方法：刺鱼<UIGlow>01</UIGlow><UIForeground>01</UIForeground>
暂住在黄金港的现拉札罕大使是一位非常著名的炼金术士。出于某个实验，他现在十分需要红鳍。身为大使的代理，请容我订购生活在太阳神草原的红鳍。","拉札罕大使馆书记官 巴瑞哈尔",6,"捕鱼人","黄金港",66,0,1,0,"太阳神草原","黄金港","未知钓场",12,False,"捕鱼人","捕鱼人理符任务",0,"黄金港","ui/icon/080000/080015.tex","指定采集：用于实验的红鳍",True,0,1,1334289,1620,"LeveRewardItem#601","ui/icon/080000/080057.tex","ui/icon/080000/080005.tex","Level#6654200","ui/icon/110000/110175.tex",True,"Level#6990585","music/ffxiv/BGM_Leves.scd"
1399,"大量采集：供不应求的多玛金鱼","<UIForeground>F201F4</UIForeground><UIGlow>F201F5</UIGlow>采集方法：刺鱼<UIGlow>01</UIGlow><UIForeground>01</UIForeground>
金鱼和银鱼在远东之国也是很受欢迎的鱼类呢，可是最近这里与多玛之间的物流中断了，以至于采购不到多玛金鱼，很多人都在犯愁呢。你不觉得这是一个赚钱的好机会吗？请帮我提供大量的多玛金鱼吧！","碧甲族旅行商人 算盘",6,"捕鱼人","黄金港",66,0,1,0,"延夏","黄金港","未知钓场",9,False,"捕鱼人","捕鱼人理符任务",0,"黄金港","ui/icon/080000/080015.tex","大量采集：供不应求的多玛金鱼",True,0,1,800574,585,"LeveRewardItem#606","ui/icon/080000/080045.tex","ui/icon/080000/080005.tex","Level#6654200","ui/icon/110000/110174.tex",True,"Level#6990578","music/ffxiv/BGM_Leves.scd"
1400,"指定采集：艾欧泽亚的观赏鱼","<UIForeground>F201F4</UIForeground><UIGlow>F201F5</UIGlow>采集方法：钓鱼<UIGlow>01</UIGlow><UIForeground>01</UIForeground>
无论在哪里都有喜欢赏鱼的人。因此，我们商会决定将艾欧泽亚的观赏鱼卖到远东之国。请捕捉散发着钢铁般光芒的白钢鲨。","东阿尔迪纳德商会伙计 琪琪茉",6,"捕鱼人","黄金港",68,0,1,0,"基拉巴尼亚山区","黄金港","石楠瀑布",0,False,"捕鱼人","捕鱼人理符任务",0,"黄金港","ui/icon/080000/080015.tex","指定采集：艾欧泽亚的观赏鱼",True,0,1,1372551,1710,"LeveRewardItem#602","ui/icon/080000/080057.tex","ui/icon/080000/080005.tex","Level#6654200","ui/icon/110000/110150.tex",True,"Level#6990591","music/ffxiv/BGM_Leves.scd"
1401,"指定采集：反派角色用的尖牙","<UIForeground>F201F4</UIForeground><UIGlow>F201F5</UIGlow>采集方法：钓鱼<UIGlow>01</UIGlow><UIForeground>01</UIForeground>
风兰主演的西方武打剧“苍天幻想传”终于开始上演了。但是由异邦诗人所写的剧本上有很多非常剧烈的打戏，打得反派角色所穿的玩偶服破破烂烂。请帮忙准备备用的尖牙！","无地鼓座幕后人员 交喙",6,"捕鱼人","黄金港",68,0,1,0,"红玉海","黄金港","龟甲岛近海",0,False,"捕鱼人","捕鱼人理符任务",0,"黄金港","ui/icon/080000/080015.tex","指定采集：反派角色用的尖牙",True,0,1,1372551,1710,"LeveRewardItem#602","ui/icon/080000/080057.tex","ui/icon/080000/080005.tex","Level#6654200","ui/icon/110000/110143.tex",True,"Level#6990571","music/ffxiv/BGM_Leves.scd"
1402,"大量采集：用于庆祝成人的毯子章鱼","<UIForeground>F201F4</UIForeground><UIGlow>F201F5</UIGlow>采集方法：钓鱼<UIGlow>01</UIGlow><UIForeground>01</UIForeground>
某位武士大人想要举办宴会庆祝其子的成人礼，于是向我们订购了寓意吉祥的毯子章鱼菜肴，希望自己的儿子可以出人头地。因为参加宴会的人很多，请提供大量的毯子章鱼给我。","赤松亭饭馆老板娘 小枝",6,"捕鱼人","黄金港",68,0,1,0,"红玉海","黄金港","绝鬼岛近海",0,False,"捕鱼人","捕鱼人理符任务",0,"黄金港","ui/icon/080000/080015.tex","大量采集：用于庆祝成人的毯子章鱼",True,0,1,823531,618,"LeveRewardItem#607","ui/icon/080000/080045.tex","ui/icon/080000/080005.tex","Level#6654200","ui/icon/110000/110143.tex",True,"Level#6990571","music/ffxiv/BGM_Leves.scd"
1403,"制作委托：用于制作实用家具的木材","我现在需要用于制作实用性家具的白橡木材料。这种木材虽然不易加工，但是很有重量，也很有韧性，很适合制作家具。虽然我自己也可以制作，但是考虑到效率问题，我还是希望可以寻求帮助。","手工工艺部的实力派工匠：奥威尔",6,"刻木匠","水晶都",70,0,1,0,"水晶都","水晶都","未知钓场",0,False,"刻木匠","刻木匠理符任务",0,"水晶都","ui/icon/080000/080016.tex","制作委托：用于制作实用家具的木材",True,0,1,183900,1920,"LeveRewardItem#630","ui/icon/080000/080061.tex","ui/icon/080000/080005.tex","Level#7832809","ui/icon/110000/110113.tex",True,,"music/ffxiv/BGM_Leves.scd"
1404,"制作委托：赠予年轻渔夫的钓竿","在阴沉乡自古以来就有着将白橡木钓竿赠送给刚独立的年轻渔夫以表祝贺的风俗。在如今的年代，对于还想成为出色渔夫的笨蛋，我当然还是会想要相应地送点东西当贺礼。所以工匠啊，就拜托你做出一根不易折断的珍品钓竿了。","水生资源部的捕鱼老手：莫威尔",6,"刻木匠","水晶都",70,0,1,0,"水晶都","水晶都","未知钓场",0,False,"刻木匠","刻木匠理符任务",0,"水晶都","ui/icon/080000/080016.tex","制作委托：赠予年轻渔夫的钓竿",True,0,1,565870,3840,"LeveRewardItem#637","ui/icon/080000/080061.tex","ui/icon/080000/080005.tex","Level#7832809","ui/icon/110000/110113.tex",True,,"music/ffxiv/BGM_Leves.scd"
1405,"批发委托：用于交易的木制首饰","下一个交易地点定在了安穆·艾兰。那里由于气候干燥，因此木材非常贵重，而刻木制品也很受人重视。也就是说，白橡木制的首饰应该会在那里很畅销，所以请务必大量制作。","商队队长：卡萨德",6,"刻木匠","水晶都",70,0,1,0,"水晶都","水晶都","未知钓场",0,False,"刻木匠","刻木匠理符任务",0,"水晶都","ui/icon/080000/080016.tex","批发委托：用于交易的木制首饰",True,0,1,339520,1040,"LeveRewardItem#632","ui/icon/080000/080062.tex","ui/icon/080000/080005.tex","Level#7832809","ui/icon/110000/110113.tex",True,,"music/ffxiv/BGM_Leves.scd"
1406,"制作委托：卫兵团的训练枪","负责水晶都守卫工作的卫兵团全部是由志愿兵组成的。本季也会有很多新兵将会入团，迎接他们的训练想必会很辛苦吧。总之就拜托你尽量制作坚固的枪了。","卫兵团军官：皮特里格",6,"刻木匠","水晶都",72,0,1,0,"水晶都","水晶都","未知钓场",0,False,"刻木匠","刻木匠理符任务",0,"水晶都","ui/icon/080000/080016.tex","制作委托：卫兵团的训练枪",True,0,1,826240,4090,"LeveRewardItem#638","ui/icon/080000/080061.tex","ui/icon/080000/080005.tex","Level#7832809","ui/icon/110000/110113.tex",True,,"music/ffxiv/BGM_Leves.scd"
1407,"制作委托：用于交易的木弓","下一个交易地点是拉凯提卡大森林。我凭借个人的关系，已经可以在当地的集落做买卖了。听说在那片森林狩猎十分盛行，所以无论如何都想在商品中加上弓。请加油制作吧。","商队队长：卡萨德",6,"刻木匠","水晶都",72,0,1,0,"水晶都","水晶都","未知钓场",0,False,"刻木匠","刻木匠理符任务",0,"水晶都","ui/icon/080000/080016.tex","制作委托：用于交易的木弓",True,0,1,826240,4090,"LeveRewardItem#638","ui/icon/080000/080061.tex","ui/icon/080000/080005.tex","Level#7832809","ui/icon/110000/110113.tex",True,,"music/ffxiv/BGM_Leves.scd"
1408,"批发委托：挖掘潜力的牧杖","此次想要委托制作的是用于治疗魔法的牧杖哦。有人委托表示想对卫兵团的新兵们进行基础性魔法的训练，从而挖掘卫生兵的潜力。因为是批发委托，想必会很辛苦，不过拜托了。","炼金医疗馆馆长：谢萨米尔",6,"刻木匠","水晶都",72,0,1,0,"水晶都","水晶都","未知钓场",0,False,"刻木匠","刻木匠理符任务",0,"水晶都","ui/icon/080000/080016.tex","批发委托：挖掘潜力的牧杖",True,0,1,418810,1477,"LeveRewardItem#633","ui/icon/080000/080062.tex","ui/icon/080000/080005.tex","Level#7832809","ui/icon/110000/110113.tex",True,,"music/ffxiv/BGM_Leves.scd"
1409,"制作委托：用于制作诊疗台的木材","从炼金医疗馆那里接到了诊疗台的制作委托。我为了凸显实用性，想要把精力集中在制作上，所以想委托你进行材料的筹集。因为需要承受患者的重量，所以最好是耐久力好的木材。材质紧密的白梣木就拜托你了。","手工工艺部的实力派工匠：奥威尔",6,"刻木匠","水晶都",74,0,1,0,"水晶都","水晶都","未知钓场",0,False,"刻木匠","刻木匠理符任务",0,"水晶都","ui/icon/080000/080016.tex","制作委托：用于制作诊疗台的木材",True,0,1,210060,2170,"LeveRewardItem#631","ui/icon/080000/080061.tex","ui/icon/080000/080005.tex","Level#7832809","ui/icon/110000/110113.tex",True,,"music/ffxiv/BGM_Leves.scd"
1410,"制作委托：有保密义务的委托","作业中工房的滑翔纺车突然损坏到几乎无法修复的程度。要是让经营者知道的话，我真不知会遭到怎样的处罚。我会用我那寒酸的储蓄为你支付报酬的，能帮我制作吗？","黑铁工房的工匠：艾斯蒙",6,"刻木匠","水晶都",74,0,1,0,"水晶都","水晶都","未知钓场",0,False,"刻木匠","刻木匠理符任务",0,"水晶都","ui/icon/080000/080016.tex","制作委托：有保密义务的委托",True,0,1,646380,4339,"LeveRewardItem#639","ui/icon/080000/080061.tex","ui/icon/080000/080005.tex","Level#7832809","ui/icon/110000/110113.tex",True,,"music/ffxiv/BGM_Leves.scd"
1411,"批发委托：用于交易的木制手镯","上次的安穆·艾兰的交易，获得了不菲的收入。其中卖的最好的要数白橡木材质的首饰了。因为尝到了甜头，这次也想输送刻木制品。请大量制作白梣木材质的手镯吧。","商队队长：卡萨德",6,"刻木匠","水晶都",74,0,1,0,"水晶都","水晶都","未知钓场",0,False,"刻木匠","刻木匠理符任务",0,"水晶都","ui/icon/080000/080016.tex","批发委托：用于交易的木制手镯",True,0,1,387820,1175,"LeveRewardItem#634","ui/icon/080000/080062.tex","ui/icon/080000/080005.tex","Level#7832809","ui/icon/110000/110113.tex",True,,"music/ffxiv/BGM_Leves.scd"
1412,"制作委托：魔法兵用的法杖","在正在训练的新兵中，有人展现出了在攻击魔法方面的潜力。因此今后将会以成为魔法兵为前提对其展开训练。为此，希望你可以使用沙柚材料，制作出让新兵也可以方便控制魔力的法杖。","卫兵团军官：皮特里格",6,"刻木匠","水晶都",76,0,1,0,"水晶都","水晶都","未知钓场",0,False,"刻木匠","刻木匠理符任务",0,"水晶都","ui/icon/080000/080016.tex","制作委托：魔法兵用的法杖",True,0,1,919160,4589,"LeveRewardItem#640","ui/icon/080000/080061.tex","ui/icon/080000/080005.tex","Level#7832809","ui/icon/110000/110113.tex",True,,"music/ffxiv/BGM_Leves.scd"
1413,"制作委托：实用的纺车","为了挑战制作最棒的实用性床铺，小到作为材料的每一根线，都由我来亲手制作。所以这次想委托你制作使用沙柚材料的梣木纺车。期待你能做出充满实用性的珍品。","手工工艺部的实力派工匠：奥威尔",6,"刻木匠","水晶都",76,0,1,0,"水晶都","水晶都","未知钓场",0,False,"刻木匠","刻木匠理符任务",0,"水晶都","ui/icon/080000/080016.tex","制作委托：实用的纺车",True,0,1,750330,4589,"LeveRewardItem#640","ui/icon/080000/080061.tex","ui/icon/080000/080005.tex","Level#7832809","ui/icon/110000/110113.tex",True,,"music/ffxiv/BGM_Leves.scd"
1414,"批发委托：用于交易的高级木弓","上次的拉凯提卡大森林中的交易，老实说，不太好。正因为是狩猎盛行的地区，所以对于弓的眼光都非常犀利，结果被砍价砍得很惨。所以这次我想用品质更好的弓来决一胜负。请大量制作吧。","商队队长：卡萨德",6,"刻木匠","水晶都",76,0,1,0,"水晶都","水晶都","未知钓场",0,False,"刻木匠","刻木匠理符任务",0,"水晶都","ui/icon/080000/080016.tex","批发委托：用于交易的高级木弓",True,0,1,652790,1657,"LeveRewardItem#635","ui/icon/080000/080062.tex","ui/icon/080000/080005.tex","Level#7832809","ui/icon/110000/110113.tex",True,,"music/ffxiv/BGM_Leves.scd"
1415,"制作委托：卫生兵用的牧杖","在炼金医疗馆馆长谢萨米尔的帮助下，成功从新兵当中选拔出了拥有治疗魔法才能的人。为了赠予已经结束基础训练，即将作为正式的卫生兵被派往前线的他们，希望你能帮忙制作矮人族样式的牧杖。","卫兵团军官：皮特里格",6,"刻木匠","水晶都",78,0,1,0,"水晶都","水晶都","未知钓场",0,False,"刻木匠","刻木匠理符任务",0,"水晶都","ui/icon/080000/080016.tex","制作委托：卫生兵用的牧杖",True,0,1,1103750,4838,"LeveRewardItem#641","ui/icon/080000/080061.tex","ui/icon/080000/080005.tex","Level#7832809","ui/icon/110000/110113.tex",True,,"music/ffxiv/BGM_Leves.scd"
1416,"制作委托：用于交易的高级戒指","我从安穆·艾兰的矿山劳动者那里接到了特殊的订单。似乎是为了求婚在寻找木制戒指。如果客人有这种需求的话，那把高级的木制戒指列入商品中也不错。请你加油制作吧。","商队队长：卡萨德",6,"刻木匠","水晶都",78,0,1,0,"水晶都","水晶都","未知钓场",0,False,"刻木匠","刻木匠理符任务",0,"水晶都","ui/icon/080000/080016.tex","制作委托：用于交易的高级戒指",True,0,1,495550,3629,"LeveRewardItem#641","ui/icon/080000/080061.tex","ui/icon/080000/080005.tex","Level#7832809","ui/icon/110000/110113.tex",True,,"music/ffxiv/BGM_Leves.scd"
1417,"批发委托：代替护身符的耳饰","大地资源部经常会为了寻求资源而远赴危险的地方。所以我想着给参加下次远征的成员分发代替护身符的耳饰。就请帮忙制作多个耳饰，祈祷着大家可以采到好的药草吧。","大地资源部次长：塔恰·奚",6,"刻木匠","水晶都",78,0,1,0,"水晶都","水晶都","未知钓场",0,False,"刻木匠","刻木匠理符任务",0,"水晶都","ui/icon/080000/080016.tex","批发委托：代替护身符的耳饰",True,0,1,418970,1310,"LeveRewardItem#636","ui/icon/080000/080062.tex","ui/icon/080000/080005.tex","Level#7832809","ui/icon/110000/110113.tex",True,,"music/ffxiv/BGM_Leves.scd"
1418,"制作委托：用于制作实用家具的皮革材料","我现在需要用于制作实用性家具的斯剑虎革。斯剑虎的皮虽然不易加工，但是很耐磨，是最合适制作沙发的材料。虽然我自己也可以制作，但是考虑到效率问题，我还是希望可以寻求帮助。","手工工艺部的实力派工匠：奥威尔",6,"制革匠","水晶都",70,0,1,0,"水晶都","水晶都","未知钓场",0,False,"制革匠","制革匠理符任务",0,"水晶都","ui/icon/080000/080016.tex","制作委托：用于制作实用家具的皮革材料",True,0,1,341780,1920,"LeveRewardItem#690","ui/icon/080000/080061.tex","ui/icon/080000/080005.tex","Level#7832809","ui/icon/110000/110113.tex",True,,"music/ffxiv/BGM_Leves.scd"
1419,"制作委托：长期委托的斯剑虎革裤子","城市外面，危险无处不在！因此用于护身的防具就尤为重要，而最近本店的销量也是节节攀升。此次我想委托制作的是本店的固定商品之一，使用了结实的斯剑虎革的软甲裤。","防具店“保护层”店主：朵达德",6,"制革匠","水晶都",70,0,1,0,"水晶都","水晶都","未知钓场",0,False,"制革匠","制革匠理符任务",0,"水晶都","ui/icon/080000/080016.tex","制作委托：长期委托的斯剑虎革裤子",True,0,1,820510,3840,"LeveRewardItem#697","ui/icon/080000/080061.tex","ui/icon/080000/080005.tex","Level#7832809","ui/icon/110000/110113.tex",True,,"music/ffxiv/BGM_Leves.scd"
1420,"批发委托：皮制手环的库存补充","大地资源部的科希·芮部长是个毛手毛脚的人物。似乎对于物品的管理非常懈怠，导致工人们用的手环库存都见底了。所以得抓紧时间准备出足够分发给大家的数量。很抱歉，大量的皮制手环就拜托你了。","大地资源部次长：塔恰·奚",6,"制革匠","水晶都",70,0,1,0,"水晶都","水晶都","未知钓场",0,False,"制革匠","制革匠理符任务",0,"水晶都","ui/icon/080000/080016.tex","批发委托：皮制手环的库存补充",True,0,1,339520,1387,"LeveRewardItem#692","ui/icon/080000/080062.tex","ui/icon/080000/080005.tex","Level#7832809","ui/icon/110000/110113.tex",True,,"music/ffxiv/BGM_Leves.scd"
1421,"制作委托：卫兵团的训练裤","负责水晶都守卫工作的卫兵团全部是由志愿兵组成的。本季也会有很多新兵将会入团，迎接他们的训练想必会很辛苦吧。考虑到大家的消耗，希望你可以帮忙制作训练用裤。","卫兵团军官：皮特里格",6,"制革匠","水晶都",72,0,1,0,"水晶都","水晶都","未知钓场",0,False,"制革匠","制革匠理符任务",0,"水晶都","ui/icon/080000/080016.tex","制作委托：卫兵团的训练裤",True,0,1,826240,4090,"LeveRewardItem#698","ui/icon/080000/080061.tex","ui/icon/080000/080005.tex","Level#7832809","ui/icon/110000/110113.tex",True,,"music/ffxiv/BGM_Leves.scd"
1422,"制作委托：特别订制的飘龙革手套","有个熟客来店里想要皮手套，但是店里有的对方似乎都不满意。似乎是非常看重手握武器时的触感。虽然突然求你不太合适，不过还是想请你用绿飘龙革帮忙制作个手感又轻又薄的皮手套。","防具店“保护层”店主：朵达德",6,"制革匠","水晶都",72,0,1,0,"水晶都","水晶都","未知钓场",0,False,"制革匠","制革匠理符任务",0,"水晶都","ui/icon/080000/080016.tex","制作委托：特别订制的飘龙革手套",True,0,1,569820,4090,"LeveRewardItem#698","ui/icon/080000/080061.tex","ui/icon/080000/080005.tex","Level#7832809","ui/icon/110000/110113.tex",True,,"music/ffxiv/BGM_Leves.scd"
1423,"批发委托：司书用的筒靴","古往今来，收集所有书籍和文献并进行保存是博物陈列馆的使命。因此，书架的高度都很高，用梯子爬上爬下经常伴有危险发生。为了防止滑落事故的发生，请你务必制作出质量上乘的筒靴。","博物陈列馆司书长：莫伦",6,"制革匠","水晶都",72,0,1,0,"水晶都","水晶都","未知钓场",0,False,"制革匠","制革匠理符任务",0,"水晶都","ui/icon/080000/080016.tex","批发委托：司书用的筒靴",True,0,1,495740,1477,"LeveRewardItem#693","ui/icon/080000/080062.tex","ui/icon/080000/080005.tex","Level#7832809","ui/icon/110000/110113.tex",True,,"music/ffxiv/BGM_Leves.scd"
1424,"制作委托：用于制作诊疗台的皮革材料","从炼金医疗馆那里接到了诊疗台的制作委托。我为了凸显实用性，想要把精力集中在制作上，所以想委托你进行材料的筹集。因为需要承受患者的重量，所以缓冲性是必不可少的。那就拜托你弄来完好无损的野蛮盗龙革了。","手工工艺部的实力派工匠：奥威尔",6,"制革匠","水晶都",74,0,1,0,"水晶都","水晶都","未知钓场",0,False,"制革匠","制革匠理符任务",0,"水晶都","ui/icon/080000/080016.tex","制作委托：用于制作诊疗台的皮革材料",True,0,1,390410,2170,"LeveRewardItem#691","ui/icon/080000/080061.tex","ui/icon/080000/080005.tex","Level#7832809","ui/icon/110000/110113.tex",True,,"music/ffxiv/BGM_Leves.scd"
1425,"制作委托：特别订制的野蛮盗龙革头甲","上次为熟客特别准备的皮手套风评非常不错，因此以赚赏金为生的佣兵们都纷纷来我店里进行特别订制。此次就拜托你制作使用了野蛮盗龙革的轻质头甲吧。","防具店“保护层”店主：朵达德",6,"制革匠","水晶都",74,0,1,0,"水晶都","水晶都","未知钓场",0,False,"制革匠","制革匠理符任务",0,"水晶都","ui/icon/080000/080016.tex","制作委托：特别订制的野蛮盗龙革头甲",True,0,1,937250,4339,"LeveRewardItem#699","ui/icon/080000/080061.tex","ui/icon/080000/080005.tex","Level#7832809","ui/icon/110000/110113.tex",True,,"music/ffxiv/BGM_Leves.scd"
1426,"批发委托：新弓兵部队的首饰","最近各部队选拔出了精于弓术的卫兵，准备新设一个专门用来迎击飞行型食罪灵的弓兵部队。为了给新部队提升凝聚力，我决定向大家发放统一的首饰。就请批量制作吧。","卫兵团军官：皮特里格",6,"制革匠","水晶都",74,0,1,0,"水晶都","水晶都","未知钓场",0,False,"制革匠","制革匠理符任务",0,"水晶都","ui/icon/080000/080016.tex","批发委托：新弓兵部队的首饰",True,0,1,387820,1175,"LeveRewardItem#694","ui/icon/080000/080062.tex","ui/icon/080000/080005.tex","Level#7832809","ui/icon/110000/110113.tex",True,,"music/ffxiv/BGM_Leves.scd"
1427,"制作委托：特别订制的缠尾蛟革外套","我从狂热兵团所属的怪物猎人那里接到了订单。客人想要的似乎是轻质和强韧性两方面都满足的皮制外套。你就努力制作出能让精明能干的猎人满意的外套吧。","防具店“保护层”店主：朵达德",6,"制革匠","水晶都",76,0,1,0,"水晶都","水晶都","未知钓场",0,False,"制革匠","制革匠理符任务",0,"水晶都","ui/icon/080000/080016.tex","制作委托：特别订制的缠尾蛟革外套",True,0,1,1425640,4589,"LeveRewardItem#700","ui/icon/080000/080061.tex","ui/icon/080000/080005.tex","Level#7832809","ui/icon/110000/110113.tex",True,,"music/ffxiv/BGM_Leves.scd"
1428,"制作委托：用于资源调查的皮靴","大地资源部的活动范围很广，从干燥的荒野，到潮湿的湿地，需要奔赴各类场所。因此对于他们来说最重要的，就是能保护脚的上乘靴子。为了需要奔赴危险场所进行资源调查的他们，就拜托你制作便于行走的靴子了。","大地资源部次长：塔恰·奚",6,"制革匠","水晶都",76,0,1,0,"水晶都","水晶都","未知钓场",0,False,"制革匠","制革匠理符任务",0,"水晶都","ui/icon/080000/080016.tex","制作委托：用于资源调查的皮靴",True,0,1,919160,4589,"LeveRewardItem#700","ui/icon/080000/080061.tex","ui/icon/080000/080005.tex","Level#7832809","ui/icon/110000/110113.tex",True,,"music/ffxiv/BGM_Leves.scd"
1429,"批发委托：新弓兵部队的皮革护手","刚成立的弓兵部队，在迎击独行食罪灵方面立下了功劳。因此想赠送他们缠尾蛟革半指护手作为奖励。要想赠送给部队全员的话，就需要与之对应的数量，所以就请批量制作吧。","卫兵团军官：皮特里格",6,"制革匠","水晶都",76,0,1,0,"水晶都","水晶都","未知钓场",0,False,"制革匠","制革匠理符任务",0,"水晶都","ui/icon/080000/080016.tex","批发委托：新弓兵部队的皮革护手",True,0,1,551490,1657,"LeveRewardItem#695","ui/icon/080000/080062.tex","ui/icon/080000/080005.tex","Level#7832809","ui/icon/110000/110113.tex",True,,"music/ffxiv/BGM_Leves.scd"
1430,"制作委托：赠予伤兵的皮手套","有卫兵为了保护普通百姓免受恶徒的袭击而身负重伤。为了赞扬她的功绩，也为了盼望她能早日康复，因此想赠予她海燕革手套。为了防止同一位置再次受伤，还希望把手套做得结实一点。","卫兵团军官：皮特里格",6,"制革匠","水晶都",78,0,1,0,"水晶都","水晶都","未知钓场",0,False,"制革匠","制革匠理符任务",0,"水晶都","ui/icon/080000/080016.tex","制作委托：赠予伤兵的皮手套",True,0,1,1103750,4838,"LeveRewardItem#701","ui/icon/080000/080061.tex","ui/icon/080000/080005.tex","Level#7832809","ui/icon/110000/110113.tex",True,,"music/ffxiv/BGM_Leves.scd"
1431,"制作委托：特别订制的海燕革外套","虽然我名声在外，手艺精湛，有很多订单是好事，不过最近却接到了很多强人所难的订单。比如使用黑风海的海燕皮革制作外套，这都是怎么想的啊？总之就请按照客户的要求制作外套吧。","防具店“保护层”店主：朵达德",6,"制革匠","水晶都",78,0,1,0,"水晶都","水晶都","未知钓场",0,False,"制革匠","制革匠理符任务",0,"水晶都","ui/icon/080000/080016.tex","制作委托：特别订制的海燕革外套",True,0,1,1606520,4838,"LeveRewardItem#701","ui/icon/080000/080061.tex","ui/icon/080000/080005.tex","Level#7832809","ui/icon/110000/110113.tex",True,,"music/ffxiv/BGM_Leves.scd"
1432,"批发委托：护士用的鞋","这次委托制作的是护士用的鞋哦。为了给患者们治疗而不断奔波的他们，希望可以制作出结实防滑的皮鞋。因为是批发委托想必会很辛苦，不过拜托了。","炼金医疗馆馆长：谢萨米尔",6,"制革匠","水晶都",78,0,1,0,"水晶都","水晶都","未知钓场",0,False,"制革匠","制革匠理符任务",0,"水晶都","ui/icon/080000/080016.tex","批发委托：护士用的鞋",True,0,1,783880,1747,"LeveRewardItem#696","ui/icon/080000/080062.tex","ui/icon/080000/080005.tex","Level#7832809","ui/icon/110000/110113.tex",True,,"music/ffxiv/BGM_Leves.scd"
1433,"制作委托：用于储备的小深金块","对水晶都的储备资源进行管理，也是大地资源部的重要职责之一。现在缺少的是深金块。金属用途广泛，从武具到建筑都必不可少，所以不希望库存见底。那么制作就拜托了。","大地资源部次长：塔恰·奚",6,"锻铁匠","水晶都",70,0,1,0,"水晶都","水晶都","未知钓场",0,False,"锻铁匠","锻铁匠理符任务",0,"水晶都","ui/icon/080000/080016.tex","制作委托：用于储备的小深金块",True,0,1,214460,1920,"LeveRewardItem#642","ui/icon/080000/080061.tex","ui/icon/080000/080005.tex","Level#7832809","ui/icon/110000/110113.tex",True,,"music/ffxiv/BGM_Leves.scd"
1434,"制作委托：用于试售的枪刃","几年前开始出入水晶都的男子带来了奇怪的武器。这种像剑一样的武器利用填充在圆筒里的魔力就可以发挥各种效果。我想对这种武器进行试售，所以请帮忙制作一个吧。","武器店“先发制人”店主：狭·提斯特",6,"锻铁匠","水晶都",70,0,1,0,"水晶都","水晶都","未知钓场",0,False,"锻铁匠","锻铁匠理符任务",0,"水晶都","ui/icon/080000/080016.tex","制作委托：用于试售的枪刃",True,0,1,693190,3840,"LeveRewardItem#649","ui/icon/080000/080061.tex","ui/icon/080000/080005.tex","Level#7832809","ui/icon/110000/110113.tex",True,,"music/ffxiv/BGM_Leves.scd"
1435,"批发委托：用于交易的锤子","下一个交易地点定为了安穆·艾兰。当地矿脉丰富，至今依然有矿山劳动者在勤勤恳恳地工作。所以说，只要有深金材质的大锤，就可以大赚一笔。还请务必要大量制作啊。","商队队长：卡萨德",6,"锻铁匠","水晶都",70,0,1,0,"水晶都","水晶都","未知钓场",0,False,"锻铁匠","锻铁匠理符任务",0,"水晶都","ui/icon/080000/080016.tex","批发委托：用于交易的锤子",True,0,1,263120,1387,"LeveRewardItem#644","ui/icon/080000/080062.tex","ui/icon/080000/080005.tex","Level#7832809","ui/icon/110000/110113.tex",True,,"music/ffxiv/BGM_Leves.scd"
1436,"制作委托：斩断大树的大斧","即使在大地资源部提供的素材当中，木材也占据着重要的位置。因此，需要能够砍倒大树的斧子。哎呀，不是伐木用的手斧。而是能够砍倒行走的怪树——三尖树的深金金材质的大斧，那就拜托了。","大地资源部次长：塔恰·奚",6,"锻铁匠","水晶都",72,0,1,0,"水晶都","水晶都","未知钓场",0,False,"锻铁匠","锻铁匠理符任务",0,"水晶都","ui/icon/080000/080016.tex","制作委托：斩断大树的大斧",True,0,1,954450,4090,"LeveRewardItem#650","ui/icon/080000/080061.tex","ui/icon/080000/080005.tex","Level#7832809","ui/icon/110000/110113.tex",True,,"music/ffxiv/BGM_Leves.scd"
1437,"制作委托：固定商品的格斗武器","担心强盗？那就用拳头直接招呼胆敢靠近的家伙的脸吧。顺便说一句，如果能够有金属材质拳套在手就更好了。所以本店的畅销货，深金材质的格斗武器就拜托你来制作了。","武器店“先发制人”店主：狭·提斯特",6,"锻铁匠","水晶都",72,0,1,0,"水晶都","水晶都","未知钓场",0,False,"锻铁匠","锻铁匠理符任务",0,"水晶都","ui/icon/080000/080016.tex","制作委托：固定商品的格斗武器",True,0,1,826240,4090,"LeveRewardItem#650","ui/icon/080000/080061.tex","ui/icon/080000/080005.tex","Level#7832809","ui/icon/110000/110113.tex",True,,"music/ffxiv/BGM_Leves.scd"
1438,"批发委托：卫兵团的训练剑","负责水晶都守卫工作的卫兵团全部是由志愿兵组成的。本季也会有很多新兵将会入团，训练用剑的需求量想必会很大吧。为了促进他们的成长，还请大量制作优质的剑吧。","卫兵团军官：皮特里格",6,"锻铁匠","水晶都",72,0,1,0,"水晶都","水晶都","未知钓场",0,False,"锻铁匠","锻铁匠理符任务",0,"水晶都","ui/icon/080000/080016.tex","批发委托：卫兵团的训练剑",True,0,1,418810,1477,"LeveRewardItem#645","ui/icon/080000/080062.tex","ui/icon/080000/080005.tex","Level#7832809","ui/icon/110000/110113.tex",True,,"music/ffxiv/BGM_Leves.scd"
1439,"制作委托：用于修补的灵青材","有位熟客拿来了一套破旧的灵青岩材质的防具。可能是长时间未进行护理的原因，到处都是伤痕累累。刚巧用于修缮的灵青材料不够了，麻烦你帮我弄来一个吧。","弹道军武馆技师：索·任德",6,"锻铁匠","水晶都",74,0,1,0,"水晶都","水晶都","未知钓场",0,False,"锻铁匠","锻铁匠理符任务",0,"水晶都","ui/icon/080000/080016.tex","制作委托：用于修补的灵青材",True,0,1,244970,2170,"LeveRewardItem#643","ui/icon/080000/080061.tex","ui/icon/080000/080005.tex","Level#7832809","ui/icon/110000/110113.tex",True,,"music/ffxiv/BGM_Leves.scd"
1440,"制作委托：工兵队用的手锯","卫兵团为了守卫水晶都，在雷克兰德各地都设置了据点。而对其建设、维护、管理方面做出贡献的是工兵队。请为他们制作能轻松砍断木材的手锯。","卫兵团军官：皮特里格",6,"锻铁匠","水晶都",74,0,1,0,"水晶都","水晶都","未知钓场",0,False,"锻铁匠","锻铁匠理符任务",0,"水晶都","ui/icon/080000/080016.tex","制作委托：工兵队用的手锯",True,0,1,646380,4339,"LeveRewardItem#651","ui/icon/080000/080061.tex","ui/icon/080000/080005.tex","Level#7832809","ui/icon/110000/110113.tex",True,,"music/ffxiv/BGM_Leves.scd"
1441,"批发委托：果树园扩张用的道具","伴随着城市人口的增长，对粮食的需求也有所增加，为此，我们计划对果树园进行扩张。因此人员也会增加，所以请一并制作新增伙伴的道具。","甜滤果树园主任：特比尔",6,"锻铁匠","水晶都",74,0,1,0,"水晶都","水晶都","未知钓场",0,False,"锻铁匠","锻铁匠理符任务",0,"水晶都","ui/icon/080000/080016.tex","批发委托：果树园扩张用的道具",True,0,1,387820,1567,"LeveRewardItem#646","ui/icon/080000/080062.tex","ui/icon/080000/080005.tex","Level#7832809","ui/icon/110000/110113.tex",True,,"music/ffxiv/BGM_Leves.scd"
1442,"制作委托：用于护身的双剑","如果有口臭的魔物的话，那么就在其开口前用匕首割断它的喉咙吧。一把匕首不放心？没关系，我这里一向都是两把一起卖的。所以请帮忙制作适合护身用的钛铜材质的双剑吧。","武器店“先发制人”店主：狭·提斯特",6,"锻铁匠","水晶都",76,0,1,0,"水晶都","水晶都","未知钓场",0,False,"锻铁匠","锻铁匠理符任务",0,"水晶都","ui/icon/080000/080016.tex","制作委托：用于护身的双剑",True,0,1,919160,4589,"LeveRewardItem#652","ui/icon/080000/080061.tex","ui/icon/080000/080005.tex","Level#7832809","ui/icon/110000/110113.tex",True,,"music/ffxiv/BGM_Leves.scd"
1443,"制作委托：憧憬于团长的人们","卫兵团的莱楠团长作为圆月轮的高手而闻名。当然憧憬于她本人，想体验其招式的士兵也有很多。因此为了那些人，请制作便于使用的钛铜材质的圆月轮吧。","卫兵团军官：皮特里格",6,"锻铁匠","水晶都",76,0,1,0,"水晶都","水晶都","未知钓场",0,False,"锻铁匠","锻铁匠理符任务",0,"水晶都","ui/icon/080000/080016.tex","制作委托：憧憬于团长的人们",True,0,1,1256820,4589,"LeveRewardItem#652","ui/icon/080000/080061.tex","ui/icon/080000/080005.tex","Level#7832809","ui/icon/110000/110113.tex",True,,"music/ffxiv/BGM_Leves.scd"
1444,"批发委托：锋利的刀","从早餐的面包到晚餐的主菜，以凡事皆可应对为宗旨的美食商“续饭亭”喵。此次决定汇集孩子们开办烹饪教室喵。所以请多多制作在那里用到的锋利而又安全的刀吧喵！","美食商“续饭亭”店主：晗吉·斐",6,"锻铁匠","水晶都",76,0,1,0,"水晶都","水晶都","未知钓场",0,False,"锻铁匠","锻铁匠理符任务",0,"水晶都","ui/icon/080000/080016.tex","批发委托：锋利的刀",True,0,1,450200,1657,"LeveRewardItem#647","ui/icon/080000/080062.tex","ui/icon/080000/080005.tex","Level#7832809","ui/icon/110000/110113.tex",True,,"music/ffxiv/BGM_Leves.scd"
1445,"制作委托：用于观赏的打刀","优质的刀剑拥有作为美术品的价值。你说有人无法理解刀的美？那就在那家伙的面前斩击野兽，向其展现实用性。所以就请帮忙制作外观性能都很精良的打刀吧。","武器店“先发制人”店主：狭·提斯特",6,"锻铁匠","水晶都",78,0,1,0,"水晶都","水晶都","未知钓场",0,False,"锻铁匠","锻铁匠理符任务",0,"水晶都","ui/icon/080000/080016.tex","制作委托：用于观赏的打刀",True,0,1,1103750,4838,"LeveRewardItem#653","ui/icon/080000/080061.tex","ui/icon/080000/080005.tex","Level#7832809","ui/icon/110000/110113.tex",True,,"music/ffxiv/BGM_Leves.scd"
1446,"制作委托：用于检测是否采用的枪械","最近流传着一种说法，说是银制子弹对于在雷克兰德横行跋扈的异豺和座狼很有效。因此我们佣兵团需要订购一把枪械以便探讨今后是否采用。请麻烦你利用矮人银制作出矮人族式的枪械吧。","卫兵团军官：皮特里格",6,"锻铁匠","水晶都",78,0,1,0,"水晶都","水晶都","未知钓场",0,False,"锻铁匠","锻铁匠理符任务",0,"水晶都","ui/icon/080000/080016.tex","制作委托：用于检测是否采用的枪械",True,0,1,1103750,4838,"LeveRewardItem#653","ui/icon/080000/080061.tex","ui/icon/080000/080005.tex","Level#7832809","ui/icon/110000/110113.tex",True,,"music/ffxiv/BGM_Leves.scd"
1447,"批发委托：给工作人员的奖励","我想给我工房的工匠赠送一些道具以示感谢。本来应该是由我亲自做的，但是如果在工房制作被大家看到的话，就全都暴露了。而且我知道你正在领取理符……会接受委托吧！","黑铁工房的经营者：伊奥拉",6,"锻铁匠","水晶都",78,0,1,0,"水晶都","水晶都","未知钓场",0,False,"锻铁匠","锻铁匠理符任务",0,"水晶都","ui/icon/080000/080016.tex","批发委托：给工作人员的奖励",True,0,1,418970,1747,"LeveRewardItem#648","ui/icon/080000/080062.tex","ui/icon/080000/080005.tex","Level#7832809","ui/icon/110000/110113.tex",True,,"music/ffxiv/BGM_Leves.scd"
1448,"制作委托：用于入团考试的盾","负责水晶都守卫工作的卫兵团全部是由志愿兵组成的。不过虽说是志愿，也不是所有人都能入团的。所以为了确认志愿者是否适合，请帮忙制作用于考试的深金材质的盾吧。","卫兵团军官：皮特里格",6,"铸甲匠","水晶都",70,0,1,0,"水晶都","水晶都","未知钓场",0,False,"铸甲匠","铸甲匠理符任务",0,"水晶都","ui/icon/080000/080016.tex","制作委托：用于入团考试的盾",True,0,1,565870,3840,"LeveRewardItem#661","ui/icon/080000/080061.tex","ui/icon/080000/080005.tex","Level#7832809","ui/icon/110000/110113.tex",True,,"music/ffxiv/BGM_Leves.scd"
1449,"制作委托：闪闪发光的平底锅","从早餐的面包到晚餐的主菜，以凡事皆可应对为宗旨的美食商“续饭亭”喵。之前使用的平底锅都已经不成样子了喵。所以为了我，请制作出闪闪发光的平底锅吧喵！","美食商“续饭亭”店主：晗吉·斐",6,"铸甲匠","水晶都",70,0,1,0,"水晶都","水晶都","未知钓场",0,False,"铸甲匠","铸甲匠理符任务",0,"水晶都","ui/icon/080000/080016.tex","制作委托：闪闪发光的平底锅",True,0,1,565870,3840,"LeveRewardItem#661","ui/icon/080000/080061.tex","ui/icon/080000/080005.tex","Level#7832809","ui/icon/110000/110113.tex",True,,"music/ffxiv/BGM_Leves.scd"
1450,"批发委托：畅销的深金头盔","最近不知道为什么，深金材质的头盔卖得特别好。反正头盔这东西，无论是面对饥肠辘辘的魔物，还是手握平底锅怒火中烧的老婆大人，都是保护生命的有效工具。总之请大量制作吧。","防具店“保护层”店主：朵达德",6,"铸甲匠","水晶都",70,0,1,0,"水晶都","水晶都","未知钓场",0,False,"铸甲匠","铸甲匠理符任务",0,"水晶都","ui/icon/080000/080016.tex","批发委托：畅销的深金头盔",True,0,1,339520,1387,"LeveRewardItem#656","ui/icon/080000/080062.tex","ui/icon/080000/080005.tex","Level#7832809","ui/icon/110000/110113.tex",True,,"music/ffxiv/BGM_Leves.scd"
1451,"制作委托：用于修理的深金锭","在军武馆，不仅是负责维护守卫水晶都的大型兵器，还负责维护卫兵团的兵员装备。所以请制作修理时不可或缺的一种材料深金锭吧。","弹道军武馆技师：索·任德",6,"铸甲匠","水晶都",72,0,1,0,"水晶都","水晶都","未知钓场",0,False,"铸甲匠","铸甲匠理符任务",0,"水晶都","ui/icon/080000/080016.tex","制作委托：用于修理的深金锭",True,0,1,215950,2045,"LeveRewardItem#654","ui/icon/080000/080061.tex","ui/icon/080000/080005.tex","Level#7832809","ui/icon/110000/110113.tex",True,,"music/ffxiv/BGM_Leves.scd"
1452,"制作委托：特别订制的深金铠甲","以独行食罪灵为目标的赏金猎人时常要身处险境。所以有不少人为了提高安全性，不惜将赚到的钱投资到防具当中。现在就有如此阔绰的客人给我发来了铠甲的订单。就请按照要求进行制作吧。","防具店“保护层”店主：朵达德",6,"铸甲匠","水晶都",72,0,1,0,"水晶都","水晶都","未知钓场",0,False,"铸甲匠","铸甲匠理符任务",0,"水晶都","ui/icon/080000/080016.tex","制作委托：特别订制的深金铠甲",True,0,1,698030,4090,"LeveRewardItem#662","ui/icon/080000/080061.tex","ui/icon/080000/080005.tex","Level#7832809","ui/icon/110000/110113.tex",True,,"music/ffxiv/BGM_Leves.scd"
1453,"批发委托：卫兵团的训练手套","负责水晶都守卫工作的卫兵团全部是由志愿兵组成的。本季也会有很多新兵将会入团，所以应该会需要很多用于训练的手套。请大量制作防止他们受伤的手套吧。","卫兵团军官：皮特里格",6,"铸甲匠","水晶都",72,0,1,0,"水晶都","水晶都","未知钓场",0,False,"铸甲匠","铸甲匠理符任务",0,"水晶都","ui/icon/080000/080016.tex","批发委托：卫兵团的训练手套",True,0,1,341890,1477,"LeveRewardItem#657","ui/icon/080000/080062.tex","ui/icon/080000/080005.tex","Level#7832809","ui/icon/110000/110113.tex",True,,"music/ffxiv/BGM_Leves.scd"
1454,"制作委托：用于探讨是否采用的头部装备","针对作为卫兵团标准装备的头盔，维斯族和猫秘族的卫兵都表示太挡耳朵，使用起来不方便。因此我想预订一件头部防具以便探讨今后是否采用。请帮忙制作加强了防护性的轻装防具。","卫兵团军官：皮特里格",6,"铸甲匠","水晶都",74,0,1,0,"水晶都","水晶都","未知钓场",0,False,"铸甲匠","铸甲匠理符任务",0,"水晶都","ui/icon/080000/080016.tex","制作委托：用于探讨是否采用的头部装备",True,0,1,791810,4339,"LeveRewardItem#663","ui/icon/080000/080061.tex","ui/icon/080000/080005.tex","Level#7832809","ui/icon/110000/110113.tex",True,,"music/ffxiv/BGM_Leves.scd"
1455,"制作委托：特别订制的灵青手铠","上次预订头盔的赏金猎人来店里了。因为戴上那个头盔的缘故，免于受到致命伤，因此是刻意来道谢的。而且这次还带来了新的订单。请帮忙制作客人指定的使用了灵青岩的手铠吧。","防具店“保护层”店主：朵达德",6,"铸甲匠","水晶都",74,0,1,0,"水晶都","水晶都","未知钓场",0,False,"铸甲匠","铸甲匠理符任务",0,"水晶都","ui/icon/080000/080016.tex","制作委托：特别订制的灵青手铠",True,0,1,791810,4339,"LeveRewardItem#663","ui/icon/080000/080061.tex","ui/icon/080000/080005.tex","Level#7832809","ui/icon/110000/110113.tex",True,,"music/ffxiv/BGM_Leves.scd"
1456,"批发委托：配药用的蒸馏道具","在给动物配药的时候，如果混入了其他药的成分会怎么样？真是想都不敢想。因此想拥有根据药物种类分类的专用蒸馏道具，只可惜库存不足。请帮忙多制作几个吧！","食药工艺部的兽医：贝斯里克",6,"铸甲匠","水晶都",74,0,1,0,"水晶都","水晶都","未知钓场",0,False,"铸甲匠","铸甲匠理符任务",0,"水晶都","ui/icon/080000/080016.tex","批发委托：配药用的蒸馏道具",True,0,1,387820,1567,"LeveRewardItem#658","ui/icon/080000/080062.tex","ui/icon/080000/080005.tex","Level#7832809","ui/icon/110000/110113.tex",True,,"music/ffxiv/BGM_Leves.scd"
1457,"制作委托：用于试制的钛铜锭","无论是威力多么惊人的魔装炮，打不中的话就没意义了。因此我想开发可以连续发射金属材质箭矢的多连装弩炮。请帮忙制作用于用于试制箭矢的钛铜锭吧。","弹道军武馆技师：索·任德",6,"铸甲匠","水晶都",76,0,1,0,"水晶都","水晶都","未知钓场",0,False,"铸甲匠","铸甲匠理符任务",0,"水晶都","ui/icon/080000/080016.tex","制作委托：用于试制的钛铜锭",True,0,1,284370,2294,"LeveRewardItem#655","ui/icon/080000/080061.tex","ui/icon/080000/080005.tex","Level#7832809","ui/icon/110000/110113.tex",True,,"music/ffxiv/BGM_Leves.scd"
1458,"制作委托：用于防御阵型的大盾","为了有效利用卫兵团有限的兵力，因此我想推进战术研究。此次让持有大盾的卫兵密集地聚在一起创造出简易防护墙，以便确认防御阵型的有用性。请帮忙制作结实的大号塔盾。","卫兵团军官：皮特里格",6,"铸甲匠","水晶都",76,0,1,0,"水晶都","水晶都","未知钓场",0,False,"铸甲匠","铸甲匠理符任务",0,"水晶都","ui/icon/080000/080016.tex","制作委托：用于防御阵型的大盾",True,0,1,750330,4589,"LeveRewardItem#664","ui/icon/080000/080061.tex","ui/icon/080000/080005.tex","Level#7832809","ui/icon/110000/110113.tex",True,,"music/ffxiv/BGM_Leves.scd"
1459,"批发委托：特别订制的钛铜头带","之前那个赏金猎人又带来了订单。不过这次不是为了自己，而是为了工作上的伙伴，想要订制好几个。订单多点就再好不过了。请大量制作钛铜头带吧。","防具店“保护层”店主：朵达德",6,"铸甲匠","水晶都",76,0,1,0,"水晶都","水晶都","未知钓场",0,False,"铸甲匠","铸甲匠理符任务",0,"水晶都","ui/icon/080000/080016.tex","批发委托：特别订制的钛铜头带",True,0,1,450200,1657,"LeveRewardItem#659","ui/icon/080000/080062.tex","ui/icon/080000/080005.tex","Level#7832809","ui/icon/110000/110113.tex",True,,"music/ffxiv/BGM_Leves.scd"
1460,"制作委托：用于比较实验的链甲","此次的计划是将作为卫兵团标准装备的链甲依次换成有新材料做成的装备。因此想将还在检讨中等待采用的矮人银链甲和现行装备进行比较实验。请帮忙制作用于比较的链甲吧。","卫兵团军官：皮特里格",6,"铸甲匠","水晶都",78,0,1,0,"水晶都","水晶都","未知钓场",0,False,"铸甲匠","铸甲匠理符任务",0,"水晶都","ui/icon/080000/080016.tex","制作委托：用于比较实验的链甲",True,0,1,1711940,4838,"LeveRewardItem#665","ui/icon/080000/080061.tex","ui/icon/080000/080005.tex","Level#7832809","ui/icon/110000/110113.tex",True,,"music/ffxiv/BGM_Leves.scd"
1461,"制作委托：用于作业的装甲靴","正在对多连装弩炮进行开发作业的时候，结果有较大的部件掉了下来，伤到了脚。如果穿着作业用靴的状态下还能受伤的话，那就只能准备军用级别的装甲靴了。请帮忙制作重视防护性的矮人银材质的装甲靴吧。","弹道军武馆技师：索·任德",6,"铸甲匠","水晶都",78,0,1,0,"水晶都","水晶都","未知钓场",0,False,"铸甲匠","铸甲匠理符任务",0,"水晶都","ui/icon/080000/080016.tex","制作委托：用于作业的装甲靴",True,0,1,1306480,4838,"LeveRewardItem#665","ui/icon/080000/080061.tex","ui/icon/080000/080005.tex","Level#7832809","ui/icon/110000/110113.tex",True,,"music/ffxiv/BGM_Leves.scd"
1462,"批发委托：特别订制的矮人银大盾","那个赏金猎人又带来了订单。上次因为分发头带，结果似乎莫名被同伴倾慕，于是就结成了佣兵团。此次对方想要的是能守护好团员们的坚固大盾。请帮忙制作吧。","防具店“保护层”店主：朵达德",6,"铸甲匠","水晶都",78,0,1,0,"水晶都","水晶都","未知钓场",0,False,"铸甲匠","铸甲匠理符任务",0,"水晶都","ui/icon/080000/080016.tex","批发委托：特别订制的矮人银大盾",True,0,1,540610,1747,"LeveRewardItem#660","ui/icon/080000/080062.tex","ui/icon/080000/080005.tex","Level#7832809","ui/icon/110000/110113.tex",True,,"music/ffxiv/BGM_Leves.scd"
1463,"制作委托：清澈的油！","从早餐的面包到晚餐的主菜，以凡事皆可应对为宗旨的美食商“续饭亭”喵。即使不用做太复杂的，可没有烹饪用油也无能为力喵。所以清澈不粘稠的油橄榄油就拜托了喵！","美食商“续饭亭”店主：晗吉·斐",6,"烹调师","水晶都",70,0,1,0,"水晶都","水晶都","未知钓场",0,False,"烹调师","烹调师理符任务",0,"水晶都","ui/icon/080000/080016.tex","制作委托：清澈的油！",True,0,1,290850,1920,"LeveRewardItem#717","ui/icon/080000/080061.tex","ui/icon/080000/080005.tex","Level#7832809","ui/icon/110000/110113.tex",True,,"music/ffxiv/BGM_Leves.scd"
1464,"制作委托：充满活力的秧鸡烤肉","彷徨阶梯亭的熟客中，有很多是以独行食罪灵为目标的赏金猎人。为了满足那些以体力决胜负的家伙，果然肉才是最适合的。所以为了能给因战斗而疲劳的家伙们暖胃，就请努力制作出充满活力的饭菜吧！","彷徨阶梯亭老板：格林纳德",6,"烹调师","水晶都",70,0,1,0,"水晶都","水晶都","未知钓场",0,False,"烹调师","烹调师理符任务",0,"水晶都","ui/icon/080000/080016.tex","制作委托：充满活力的秧鸡烤肉",True,0,1,509840,2880,"LeveRewardItem#717","ui/icon/080000/080061.tex","ui/icon/080000/080005.tex","Level#7832809","ui/icon/110000/110113.tex",True,,"music/ffxiv/BGM_Leves.scd"
1465,"批发委托：早餐的一杯","由于本公馆有很多腿脚不好的老人和重病受伤正在疗养的人，因此需要为每位客人分发食物和饮料。此次想委托的是每天早上都要分发给客人的新鲜蔬果汁。请大量制作。","悬链公馆的管理人：希尔伽姆",6,"烹调师","水晶都",70,0,1,0,"水晶都","水晶都","未知钓场",0,False,"烹调师","烹调师理符任务",0,"水晶都","ui/icon/080000/080016.tex","批发委托：早餐的一杯",True,0,1,290630,1040,"LeveRewardItem#722","ui/icon/080000/080062.tex","ui/icon/080000/080005.tex","Level#7832809","ui/icon/110000/110113.tex",True,,"music/ffxiv/BGM_Leves.scd"
1466,"制作委托：让人想起黑夜的细面","彷徨阶梯亭时常会提供一些心血来潮的主题的饭菜。此次想出的主题是“黑夜”。总之就是想提供能让人想到黑暗的饭菜，所以黑色酱汁直面就拜托了。请制作出最黑的一盘饭菜吧！","彷徨阶梯亭老板：格林纳德",6,"烹调师","水晶都",72,0,1,0,"水晶都","水晶都","未知钓场",0,False,"烹调师","烹调师理符任务",0,"水晶都","ui/icon/080000/080016.tex","制作委托：让人想起黑夜的细面",True,0,1,713410,4090,"LeveRewardItem#718","ui/icon/080000/080061.tex","ui/icon/080000/080005.tex","Level#7832809","ui/icon/110000/110113.tex",True,,"music/ffxiv/BGM_Leves.scd"
1467,"制作委托：充满营养的汤","本公馆有一位以前当过卫兵的老人，最近身体状态不太好。他曾经为了保护城镇而不断战斗，所以我想送他一份充满营养的汤来表达谢意。请尽量挑选一些柔软的食材。","悬链公馆的管理人：希尔伽姆",6,"烹调师","水晶都",72,0,1,0,"水晶都","水晶都","未知钓场",0,False,"烹调师","烹调师理符任务",0,"水晶都","ui/icon/080000/080016.tex","制作委托：充满营养的汤",True,0,1,677510,3067,"LeveRewardItem#718","ui/icon/080000/080061.tex","ui/icon/080000/080005.tex","Level#7832809","ui/icon/110000/110113.tex",True,,"music/ffxiv/BGM_Leves.scd"
1468,"批发委托：甜甜的焦糖！","从早餐的面包到晚餐的主菜，以凡事皆可应对为宗旨的美食商“续饭亭”喵。不过甜点还是想交给专业的人士喵。请尽量多做一些甜到心里的、摄人心魄的美味焦糖吧喵！","美食商“续饭亭”店主：晗吉·斐",6,"烹调师","水晶都",72,0,1,0,"水晶都","水晶都","未知钓场",0,False,"烹调师","烹调师理符任务",0,"水晶都","ui/icon/080000/080016.tex","批发委托：甜甜的焦糖！",True,0,1,391120,1108,"LeveRewardItem#723","ui/icon/080000/080062.tex","ui/icon/080000/080005.tex","Level#7832809","ui/icon/110000/110113.tex",True,,"music/ffxiv/BGM_Leves.scd"
1469,"制作委托：辛辣的醋！","大量制作甜甜的焦糖之后，瞬间就没了喵。因为实在是太好吃了喵。为了填补这一损失，唯有制作美味的饭菜大卖一番了喵。就麻烦你制作作为极致调料的辛辣的黑夜醋了喵！","美食商“续饭亭”店主：晗吉·斐",6,"烹调师","水晶都",74,0,1,0,"水晶都","水晶都","未知钓场",0,False,"烹调师","烹调师理符任务",0,"水晶都","ui/icon/080000/080016.tex","制作委托：辛辣的醋！",True,0,1,332230,2170,"LeveRewardItem#719","ui/icon/080000/080061.tex","ui/icon/080000/080005.tex","Level#7832809","ui/icon/110000/110113.tex",True,,"music/ffxiv/BGM_Leves.scd"
1470,"制作委托：充满回忆的煎蘑菇","以前当过卫兵的老人身体不太好，自己似乎都有些气馁了。为了给他加油打气，我想为他提供以前听说过的他的亡妻的拿手饭菜。充满回忆的煎蘑菇就拜托了。","悬链公馆的管理人：希尔伽姆",6,"烹调师","水晶都",74,0,1,0,"水晶都","水晶都","未知钓场",0,False,"烹调师","烹调师理符任务",0,"水晶都","ui/icon/080000/080016.tex","制作委托：充满回忆的煎蘑菇",True,0,1,419490,3254,"LeveRewardItem#719","ui/icon/080000/080061.tex","ui/icon/080000/080005.tex","Level#7832809","ui/icon/110000/110113.tex",True,,"music/ffxiv/BGM_Leves.scd"
1471,"批发委托：用于鸡尾酒的番茄汁","在彷徨阶梯亭中，为了满足客人的要求，还会提供鸡尾酒。其中最具人气的当属使用了酒精度数较高的蒸馏酒和柠檬、以及番茄汁的东西。由于不能让库存见底，所以还请制作大量的番茄汁！","彷徨阶梯亭老板：格林纳德",6,"烹调师","水晶都",74,0,1,0,"水晶都","水晶都","未知钓场",0,False,"烹调师","烹调师理符任务",0,"水晶都","ui/icon/080000/080016.tex","批发委托：用于鸡尾酒的番茄汁",True,0,1,258670,1175,"LeveRewardItem#724","ui/icon/080000/080062.tex","ui/icon/080000/080005.tex","Level#7832809","ui/icon/110000/110113.tex",True,,"music/ffxiv/BGM_Leves.scd"
1472,"制作委托：美味的香肠！","甜甜焦糖事件的损失现在还没有填补回来喵。现在只能用我擅长的脆脆面包和味道浓郁的香肠同时出售来填补了喵。美味的香肠就拜托你了喵！","美食商“续饭亭”店主：晗吉·斐",6,"烹调师","水晶都",76,0,1,0,"水晶都","水晶都","未知钓场",0,False,"烹调师","烹调师理符任务",0,"水晶都","ui/icon/080000/080016.tex","制作委托：美味的香肠！",True,0,1,493710,3442,"LeveRewardItem#720","ui/icon/080000/080061.tex","ui/icon/080000/080005.tex","Level#7832809","ui/icon/110000/110113.tex",True,,"music/ffxiv/BGM_Leves.scd"
1473,"制作委托：祈祷康复的饭菜","以前当过卫兵的老人身体似乎已经逐渐好转。为了让他进一步恢复精神，我打算为他提供柔软易食、同时又辛辣刺激的饭菜。那么咸度适中的胡椒炒新薯就拜托你了。","悬链公馆的管理人：希尔伽姆",6,"烹调师","水晶都",76,0,1,0,"水晶都","水晶都","未知钓场",0,False,"烹调师","烹调师理符任务",0,"水晶都","ui/icon/080000/080016.tex","制作委托：祈祷康复的饭菜",True,0,1,689550,3442,"LeveRewardItem#720","ui/icon/080000/080061.tex","ui/icon/080000/080005.tex","Level#7832809","ui/icon/110000/110113.tex",True,,"music/ffxiv/BGM_Leves.scd"
1474,"批发委托：一如既往的马萨拉奶茶","彷徨阶梯亭中，还为酒量不好的客人准备了各种饮料。其中销量最为稳定的便是马萨拉奶茶。客人评价说其甜度和香料的香味可以治愈心灵。请大量制作马萨拉奶茶吧！","彷徨阶梯亭老板：格林纳德",6,"烹调师","水晶都",76,0,1,0,"水晶都","水晶都","未知钓场",0,False,"烹调师","烹调师理符任务",0,"水晶都","ui/icon/080000/080016.tex","批发委托：一如既往的马萨拉奶茶",True,0,1,308380,1243,"LeveRewardItem#725","ui/icon/080000/080062.tex","ui/icon/080000/080005.tex","Level#7832809","ui/icon/110000/110113.tex",True,,"music/ffxiv/BGM_Leves.scd"
1475,"制作委托：让人想起黑夜的烩饭","彷徨阶梯亭中，以“黑夜”为主题的饭菜如今很有人气。今后除了使用了乌贼墨汁的细面外，我还想提供烩饭。请帮忙制作仅看一眼就能让人想起黑夜的漆黑饭菜吧！","彷徨阶梯亭老板：格林纳德",6,"烹调师","水晶都",78,0,1,0,"水晶都","水晶都","未知钓场",0,False,"烹调师","烹调师理符任务",0,"水晶都","ui/icon/080000/080016.tex","制作委托：让人想起黑夜的烩饭",True,0,1,738830,4838,"LeveRewardItem#721","ui/icon/080000/080061.tex","ui/icon/080000/080005.tex","Level#7832809","ui/icon/110000/110113.tex",True,,"music/ffxiv/BGM_Leves.scd"
1476,"制作委托：庆祝康复的海鲜烩饭","托你的福，以前当过卫兵的老人现在已经完全恢复健康了。因此想召集一些关系亲近的朋友，举办一个庆祝康复的聚餐。为了给热闹的聚餐增光添彩，就请制作一个材料丰富的海鲜烩饭吧。","悬链公馆的管理人：希尔伽姆",6,"烹调师","水晶都",78,0,1,0,"水晶都","水晶都","未知钓场",0,False,"烹调师","烹调师理符任务",0,"水晶都","ui/icon/080000/080016.tex","制作委托：庆祝康复的海鲜烩饭",True,0,1,828030,4838,"LeveRewardItem#721","ui/icon/080000/080061.tex","ui/icon/080000/080005.tex","Level#7832809","ui/icon/110000/110113.tex",True,,"music/ffxiv/BGM_Leves.scd"
1477,"批发委托：脆脆的饼干！","夹有美味香肠的面包，卖得实在是太好了喵！因此我现在多多少少也算是个有钱人了，所以我打算实现自己的野心喵。那就是把脸埋进成山的咖啡曲奇中呼吸喵。总之拜托多做一些啦喵！","美食商“续饭亭”店主：晗吉·斐",6,"烹调师","水晶都",78,0,1,0,"水晶都","水晶都","未知钓场",0,False,"烹调师","烹调师理符任务",0,"水晶都","ui/icon/080000/080016.tex","批发委托：脆脆的饼干！",True,0,1,258410,1310,"LeveRewardItem#726","ui/icon/080000/080062.tex","ui/icon/080000/080005.tex","Level#7832809","ui/icon/110000/110113.tex",True,,"music/ffxiv/BGM_Leves.scd"
1478,"制作委托：用于资料的墨水","市场管理人一旦开始工作，每天都要面对很多资料，因此必须定期准备墨水。但如果使用便宜货的话，写出来的字有可能会花，结果导致白写。请认真制作出优质的墨水。","宇宙和音的市场管理人：布拉基",6,"炼金术士","水晶都",70,0,1,0,"水晶都","水晶都","未知钓场",0,False,"炼金术士","炼金术士理符任务",0,"水晶都","ui/icon/080000/080016.tex","制作委托：用于资料的墨水",True,0,1,438540,1920,"LeveRewardItem#702","ui/icon/080000/080061.tex","ui/icon/080000/080005.tex","Level#7832809","ui/icon/110000/110113.tex",True,,"music/ffxiv/BGM_Leves.scd"
1479,"制作委托：用于收藏的魔导书","古往今来，收集所有书籍和文献并进行保存是博物陈列馆的使命。当然，学习魔法学不可或缺的魔导书之类也是重要的收集对象。活用工匠技艺的手抄本的制作，就务必拜托你了。","博物陈列馆司书长：莫伦",6,"炼金术士","水晶都",70,0,1,0,"水晶都","水晶都","未知钓场",0,False,"炼金术士","炼金术士理符任务",0,"水晶都","ui/icon/080000/080016.tex","制作委托：用于收藏的魔导书",True,0,1,693190,3840,"LeveRewardItem#712","ui/icon/080000/080061.tex","ui/icon/080000/080005.tex","Level#7832809","ui/icon/110000/110113.tex",True,,"music/ffxiv/BGM_Leves.scd"
1480,"批发委托：用于战术研究的军事书籍","负责水晶都守卫工作的卫兵团全部是由志愿兵组成的。为了有效利用这有限的兵力，因此想要推进战术研究。请大量制作分发给将校们的用于研究的军事书籍。","卫兵团军官：皮特里格",6,"炼金术士","水晶都",70,0,1,0,"水晶都","水晶都","未知钓场",0,False,"炼金术士","炼金术士理符任务",0,"水晶都","ui/icon/080000/080016.tex","批发委托：用于战术研究的军事书籍",True,0,1,415910,1387,"LeveRewardItem#707","ui/icon/080000/080062.tex","ui/icon/080000/080005.tex","Level#7832809","ui/icon/110000/110113.tex",True,,"music/ffxiv/BGM_Leves.scd"
1481,"制作委托：魔装炮改良计划","为了强化我们专门针对食罪灵开发的以太照射兵器“魔装炮”的威力，所以想要进行通过魔纹实现的以太加速的研究。我现在需要记录有许多魔纹的魔导书，请制作得尽量精密一些。","弹道军武馆技师：索·任德",6,"炼金术士","水晶都",72,0,1,0,"水晶都","水晶都","未知钓场",0,False,"炼金术士","炼金术士理符任务",0,"水晶都","ui/icon/080000/080016.tex","制作委托：魔装炮改良计划",True,0,1,698030,4090,"LeveRewardItem#713","ui/icon/080000/080061.tex","ui/icon/080000/080005.tex","Level#7832809","ui/icon/110000/110113.tex",True,,"music/ffxiv/BGM_Leves.scd"
1482,"制作委托：打磨放大镜的幻水","此次想要委托调配的是巧力之幻水。巧力之幻水是用来打磨放大镜的，在不允许半点失误的手术中需要用到放大镜。如果稍有不慎，将奇怪的地方缝合了的话，那可就真的是一桩惨事了，所以拜托了。","炼金医疗馆馆长：谢萨米尔",6,"炼金术士","水晶都",72,0,1,0,"水晶都","水晶都","未知钓场",0,False,"炼金术士","炼金术士理符任务",0,"水晶都","ui/icon/080000/080016.tex","制作委托：打磨放大镜的幻水",True,0,1,374930,3067,"LeveRewardItem#703","ui/icon/080000/080061.tex","ui/icon/080000/080005.tex","Level#7832809","ui/icon/110000/110113.tex",True,,"music/ffxiv/BGM_Leves.scd"
1483,"批发委托：赚取生活费的计策","我也不是说我有多了不起，虽然我的工资很低，但是劳动时间却很长。如果试着制作最近很流行的魔晶石并出售的话，应该就可以赚足生活费了。为了明天的饭钱，可以请你帮我制作极精炼药吗？","黑铁工房的工匠：艾斯蒙",6,"炼金术士","水晶都",72,0,1,0,"水晶都","水晶都","未知钓场",0,False,"炼金术士","炼金术士理符任务",0,"水晶都","ui/icon/080000/080016.tex","批发委托：赚取生活费的计策",True,0,1,301890,1108,"LeveRewardItem#708","ui/icon/080000/080062.tex","ui/icon/080000/080005.tex","Level#7832809","ui/icon/110000/110113.tex",True,,"music/ffxiv/BGM_Leves.scd"
1484,"制作委托：用于制作货车的粘合剂","圣林牧场发来了阿马罗用货车的制作委托。我为了凸显实用性，想要把精力集中在制作上，所以想委托你进行材料的筹集。由于货车是由阿马罗牵引，因此粘合部位的强度就显得非常重要。那么具有强效粘合效果的植物胶就拜托你了。","手工工艺部的实力派工匠：奥威尔",6,"炼金术士","水晶都",74,0,1,0,"水晶都","水晶都","未知钓场",0,False,"炼金术士","炼金术士理符任务",0,"水晶都","ui/icon/080000/080016.tex","制作委托：用于制作货车的粘合剂",True,0,1,646380,3254,"LeveRewardItem#704","ui/icon/080000/080061.tex","ui/icon/080000/080005.tex","Level#7832809","ui/icon/110000/110113.tex",True,,"music/ffxiv/BGM_Leves.scd"
1485,"制作委托：用于收藏的军事书籍","古往今来，收集所有书籍和文献并进行保存是博物陈列馆的使命。当然，研究战争历史不可或缺的军事书籍之类也是重要的收集对象。记录有战略战术的手抄本的制作，就务必拜托你了。","博物陈列馆司书长：莫伦",6,"炼金术士","水晶都",74,0,1,0,"水晶都","水晶都","未知钓场",0,False,"炼金术士","炼金术士理符任务",0,"水晶都","ui/icon/080000/080016.tex","制作委托：用于收藏的军事书籍",True,0,1,937250,4339,"LeveRewardItem#714","ui/icon/080000/080061.tex","ui/icon/080000/080005.tex","Level#7832809","ui/icon/110000/110113.tex",True,,"music/ffxiv/BGM_Leves.scd"
1486,"批发委托：用于紧急时的药水","工艺馆是支撑着水晶都的主要力量。为了让这个城市存活下去，有时即使是无理的要求也必须要满足。因此我想准备一些用来以防万一的可以提高工作效率的名匠药水。做得越多越好。","中庸工艺馆馆长：卡特莉丝",6,"炼金术士","水晶都",74,0,1,0,"水晶都","水晶都","未知钓场",0,False,"炼金术士","炼金术士理符任务",0,"水晶都","ui/icon/080000/080016.tex","批发委托：用于紧急时的药水",True,0,1,429710,1567,"LeveRewardItem#709","ui/icon/080000/080062.tex","ui/icon/080000/080005.tex","Level#7832809","ui/icon/110000/110113.tex",True,,"music/ffxiv/BGM_Leves.scd"
1487,"制作委托：节约伙食费的秘策","不是我炫耀，我的工资很低，低得连吃饭都成问题，于是我想到了。如果没有食物的话，自己种不就好了。为了加快作物生长，可以帮忙制作植物成长剂10型吗？","黑铁工房的工匠：艾斯蒙",6,"炼金术士","水晶都",76,0,1,0,"水晶都","水晶都","未知钓场",0,False,"炼金术士","炼金术士理符任务",0,"水晶都","ui/icon/080000/080016.tex","制作委托：节约伙食费的秘策",True,0,1,831370,3442,"LeveRewardItem#705","ui/icon/080000/080061.tex","ui/icon/080000/080005.tex","Level#7832809","ui/icon/110000/110113.tex",True,,"music/ffxiv/BGM_Leves.scd"
1488,"制作委托：魔装炮再改良计划","目前由于魔纹的应用进展不顺，导致以太照射兵器“魔装炮”的威力强化研究进入了瓶颈。要想进行实践，需要精度更高的魔纹样本。老练工匠啊，请帮忙制作更为缜密的魔导书。","弹道军武馆技师：索·任德",6,"炼金术士","水晶都",76,0,1,0,"水晶都","水晶都","未知钓场",0,False,"炼金术士","炼金术士理符任务",0,"水晶都","ui/icon/080000/080016.tex","制作委托：魔装炮再改良计划",True,0,1,1087990,4589,"LeveRewardItem#715","ui/icon/080000/080061.tex","ui/icon/080000/080005.tex","Level#7832809","ui/icon/110000/110113.tex",True,,"music/ffxiv/BGM_Leves.scd"
1489,"批发委托：用于保证精密质量的药水","工艺馆制作的产品，从日常用品到军需品应有尽有。尤其是防卫相关的产品，因为与性命息息相关，所以怎么能在质量上妥协呢？因此为了保证精密质量，希望你可以帮忙准备巨匠药水。做得越多越好。","中庸工艺馆馆长：卡特莉丝",6,"炼金术士","水晶都",76,0,1,0,"水晶都","水晶都","未知钓场",0,False,"炼金术士","炼金术士理符任务",0,"水晶都","ui/icon/080000/080016.tex","批发委托：用于保证精密质量的药水",True,0,1,498820,1657,"LeveRewardItem#710","ui/icon/080000/080062.tex","ui/icon/080000/080005.tex","Level#7832809","ui/icon/110000/110113.tex",True,,"music/ffxiv/BGM_Leves.scd"
1490,"制作委托：增加劳动时间的秘策","不是我炫耀，我的工资很低。因此我考虑了一个秘策。只要在工作服中注入耐力之幻药的话，应该就可以工作更长时间了吧。为了可以更加持续地工作，可以帮忙制作耐力之幻药吗？","黑铁工房的工匠：艾斯蒙",6,"炼金术士","水晶都",78,0,1,0,"水晶都","水晶都","未知钓场",0,False,"炼金术士","炼金术士理符任务",0,"水晶都","ui/icon/080000/080016.tex","制作委托：增加劳动时间的秘策",True,0,1,1201060,4838,"LeveRewardItem#706","ui/icon/080000/080061.tex","ui/icon/080000/080005.tex","Level#7832809","ui/icon/110000/110113.tex",True,,"music/ffxiv/BGM_Leves.scd"
1491,"制作委托：金属封面的军事书籍","古往今来，收集所有书籍和文献并进行保存是博物陈列馆的使命。当然，我们很欢迎大家阅读藏书，但是同时也很在意书本的损伤。因此需要用矮人银对军事书籍的封面进行强化，还请务必帮忙制作。","博物陈列馆司书长：莫伦",6,"炼金术士","水晶都",78,0,1,0,"水晶都","水晶都","未知钓场",0,False,"炼金术士","炼金术士理符任务",0,"水晶都","ui/icon/080000/080016.tex","制作委托：金属封面的军事书籍",True,0,1,1103750,4838,"LeveRewardItem#716","ui/icon/080000/080061.tex","ui/icon/080000/080005.tex","Level#7832809","ui/icon/110000/110113.tex",True,,"music/ffxiv/BGM_Leves.scd"
1492,"批发委托：清洗治疗服的幻药","此次想要委托调制的是意力之幻药。在行使高级的治疗魔法时，多多少少会想提高自己的意力。所以清洗治疗服时会用到掺有意力之幻水的幻药。此次的需求量很大，所以拜托了。","炼金医疗馆馆长：谢萨米尔",6,"炼金术士","水晶都",78,0,1,0,"水晶都","水晶都","未知钓场",0,False,"炼金术士","炼金术士理符任务",0,"水晶都","ui/icon/080000/080016.tex","批发委托：清洗治疗服的幻药",True,0,1,720630,1747,"LeveRewardItem#711","ui/icon/080000/080062.tex","ui/icon/080000/080005.tex","Level#7832809","ui/icon/110000/110113.tex",True,,"music/ffxiv/BGM_Leves.scd"
1493,"制作委托：用于制作实用家具的线","我现在需要用于制作实用性家具的白麻线。白麻线通过涂蜡，在制作沙发时可以用于缝制皮革材料。虽然我自己也可以编织，但是考虑到效率问题，我还是希望可以寻求帮助。","手工工艺部的实力派工匠：奥威尔",6,"裁衣匠","水晶都",70,0,1,0,"水晶都","水晶都","未知钓场",0,False,"裁衣匠","裁衣匠理符任务",0,"水晶都","ui/icon/080000/080016.tex","制作委托：用于制作实用家具的线",True,0,1,183900,1920,"LeveRewardItem#678","ui/icon/080000/080061.tex","ui/icon/080000/080005.tex","Level#7832809","ui/icon/110000/110113.tex",True,,"music/ffxiv/BGM_Leves.scd"
1494,"制作委托：长期委托的白麻布裤子","白麻布的裤子不仅结实而且价格也比较适中，因此是我店里的固定商品之一。由于销量稳定，所以近期想进行一下补充。请以便于行动和重视的设计为基准，帮忙制作一下吧。","防具店“保护层”店主：朵达德",6,"裁衣匠","水晶都",70,0,1,0,"水晶都","水晶都","未知钓场",0,False,"裁衣匠","裁衣匠理符任务",0,"水晶都","ui/icon/080000/080016.tex","制作委托：长期委托的白麻布裤子",True,0,1,820510,3840,"LeveRewardItem#685","ui/icon/080000/080061.tex","ui/icon/080000/080005.tex","Level#7832809","ui/icon/110000/110113.tex",True,,"music/ffxiv/BGM_Leves.scd"
1495,"批发委托：用于新人研修的包头巾","想在工艺馆工作的年轻人首先需要接受研修是这里的惯例。以此来确认适合进入哪个部门。因此希望你能帮忙制作在青涩的新人研修中使用的工匠用包头巾。做得越多越好。","中庸工艺馆馆长：卡特莉丝",6,"裁衣匠","水晶都",70,0,1,0,"水晶都","水晶都","未知钓场",0,False,"裁衣匠","裁衣匠理符任务",0,"水晶都","ui/icon/080000/080016.tex","批发委托：用于新人研修的包头巾",True,0,1,339520,1387,"LeveRewardItem#680","ui/icon/080000/080062.tex","ui/icon/080000/080005.tex","Level#7832809","ui/icon/110000/110113.tex",True,,"music/ffxiv/BGM_Leves.scd"
1496,"制作委托：卫兵团的训练衣服","负责水晶都守卫工作的卫兵团全部是由志愿兵组成的。本季也会有很多新兵将会入团，他们当中大概会有很多人被分配到弓兵部队中去。考虑到大家的消耗，希望你可以帮忙制作训练用的衣服。","卫兵团军官：皮特里格",6,"裁衣匠","水晶都",72,0,1,0,"水晶都","水晶都","未知钓场",0,False,"裁衣匠","裁衣匠理符任务",0,"水晶都","ui/icon/080000/080016.tex","制作委托：卫兵团的训练衣服",True,0,1,826240,4090,"LeveRewardItem#686","ui/icon/080000/080061.tex","ui/icon/080000/080005.tex","Level#7832809","ui/icon/110000/110113.tex",True,,"music/ffxiv/BGM_Leves.scd"
1497,"制作委托：面向隆索族的裤子","水晶都之中有尘族、菁灵族、朵龙族等等多个种族，因此必须得准备大大小小多种尺寸。此次请帮忙制作一个面向隆索族的较大尺寸的裤子。","防具店“保护层”店主：朵达德",6,"裁衣匠","水晶都",72,0,1,0,"水晶都","水晶都","未知钓场",0,False,"裁衣匠","裁衣匠理符任务",0,"水晶都","ui/icon/080000/080016.tex","制作委托：面向隆索族的裤子",True,0,1,698030,4090,"LeveRewardItem#686","ui/icon/080000/080061.tex","ui/icon/080000/080005.tex","Level#7832809","ui/icon/110000/110113.tex",True,,"music/ffxiv/BGM_Leves.scd"
1498,"批发委托：用于手术的帽子","此次想要委托制作的是手术时医生和护士穿戴的帽子。毕竟如果头发挡住了视线，或者掉进患者的开刀处可就不好了。将备用的数量也考虑在内，此次将是批发委托，虽然会很辛苦，不过拜托了。","炼金医疗馆馆长：谢萨米尔",6,"裁衣匠","水晶都",72,0,1,0,"水晶都","水晶都","未知钓场",0,False,"裁衣匠","裁衣匠理符任务",0,"水晶都","ui/icon/080000/080016.tex","批发委托：用于手术的帽子",True,0,1,341890,1477,"LeveRewardItem#681","ui/icon/080000/080062.tex","ui/icon/080000/080005.tex","Level#7832809","ui/icon/110000/110113.tex",True,,"music/ffxiv/BGM_Leves.scd"
1499,"制作委托：用于制作诊疗台的线","从炼金医疗馆那里接到了诊疗台的制作委托。我为了凸显实用性，想要把精力集中在制作上，所以想委托你进行材料的筹集。因为需要承受患者的重量，所以在缝合方面绝对不可以妥协。就拜托你制作质量上乘的仙子棉线了。","手工工艺部的实力派工匠：奥威尔",6,"裁衣匠","水晶都",74,0,1,0,"水晶都","水晶都","未知钓场",0,False,"裁衣匠","裁衣匠理符任务",0,"水晶都","ui/icon/080000/080016.tex","制作委托：用于制作诊疗台的线",True,0,1,210060,2170,"LeveRewardItem#679","ui/icon/080000/080061.tex","ui/icon/080000/080005.tex","Level#7832809","ui/icon/110000/110113.tex",True,,"music/ffxiv/BGM_Leves.scd"
1500,"制作委托：斥候用的伪装帽子","为了对扰乱雷克兰德的菁灵族不法之徒紫叶团进行暗中调查，因此要让斥候打扮成猎人的模样。想要制作经得起战斗考验并兼具防护性的帽子，或许有些强人所难，不过还请发挥自己的工匠技艺努力制作吧。","卫兵团军官：皮特里格",6,"裁衣匠","水晶都",74,0,1,0,"水晶都","水晶都","未知钓场",0,False,"裁衣匠","裁衣匠理符任务",0,"水晶都","ui/icon/080000/080016.tex","制作委托：斥候用的伪装帽子",True,0,1,937250,4339,"LeveRewardItem#687","ui/icon/080000/080061.tex","ui/icon/080000/080005.tex","Level#7832809","ui/icon/110000/110113.tex",True,,"music/ffxiv/BGM_Leves.scd"
1501,"批发委托：预备手套（大量）","哔哔……读取实录数据……参照用户图楠最近三个月内丢失工作用手套的次数。遗失概率，常人的256倍。想要从这一异常事态中保护工房，需要预备手套。请求制作大量手套！","神秘球体：实录系统",6,"裁衣匠","水晶都",74,0,1,0,"水晶都","水晶都","未知钓场",0,False,"裁衣匠","裁衣匠理符任务",0,"水晶都","ui/icon/080000/080016.tex","批发委托：预备手套（大量）",True,0,1,387820,1567,"LeveRewardItem#682","ui/icon/080000/080062.tex","ui/icon/080000/080005.tex","Level#7832809","ui/icon/110000/110113.tex",True,,"music/ffxiv/BGM_Leves.scd"
1502,"制作委托：面向维斯族的衣服","由于不能泄露顾客信息，所以我不能告诉你名字，不过我确实收到了水晶都有名的某位维斯族女性的订单。可以于非工作时间穿着，还能经受住战斗考验的衣服……虽然很难，还请帮忙制作吧。","防具店“保护层”店主：朵达德",6,"裁衣匠","水晶都",76,0,1,0,"水晶都","水晶都","未知钓场",0,False,"裁衣匠","裁衣匠理符任务",0,"水晶都","ui/icon/080000/080016.tex","制作委托：面向维斯族的衣服",True,0,1,1425640,4589,"LeveRewardItem#688","ui/icon/080000/080061.tex","ui/icon/080000/080005.tex","Level#7832809","ui/icon/110000/110113.tex",True,,"music/ffxiv/BGM_Leves.scd"
1503,"制作委托：搜查员用的伪装帽子","让斥候伪装成猎人的作战奏效，成功摸清了菁灵族的不法之徒紫叶团的动向。为了调查那帮家伙为赚取活动资金而从事的走私活动，我想进一步派遣搜查员。请帮忙制作用于伪装的帽子。","卫兵团军官：皮特里格",6,"裁衣匠","水晶都",76,0,1,0,"水晶都","水晶都","未知钓场",0,False,"裁衣匠","裁衣匠理符任务",0,"水晶都","ui/icon/080000/080016.tex","制作委托：搜查员用的伪装帽子",True,0,1,1000200,4589,"LeveRewardItem#688","ui/icon/080000/080061.tex","ui/icon/080000/080005.tex","Level#7832809","ui/icon/110000/110113.tex",True,,"music/ffxiv/BGM_Leves.scd"
1504,"批发委托：筹备人员的包头巾","大地资源部正在计划进行安穆·艾兰方面的大规模资源调查。因为是在荒野中进行的任务，自然是非常艰苦，所以至少希望在装备方面有所强化。尽量多做几个可以保护参加者们远离沙尘的包头巾吧。","大地资源部次长：塔恰·奚",6,"裁衣匠","水晶都",76,0,1,0,"水晶都","水晶都","未知钓场",0,False,"裁衣匠","裁衣匠理符任务",0,"水晶都","ui/icon/080000/080016.tex","批发委托：筹备人员的包头巾",True,0,1,498820,1657,"LeveRewardItem#683","ui/icon/080000/080062.tex","ui/icon/080000/080005.tex","Level#7832809","ui/icon/110000/110113.tex",True,,"music/ffxiv/BGM_Leves.scd"
1505,"制作委托：检举成功的奖励","针对菁灵族的不法之徒紫叶团的调查顺利结束，与走私相关的人们也都成功检举。为了感谢慰劳在一连串的作战中辛勤工作的搜查员，我想送他们一些奖品。请帮忙制作上乘的裤子吧。","卫兵团军官：皮特里格",6,"裁衣匠","水晶都",78,0,1,0,"水晶都","水晶都","未知钓场",0,False,"裁衣匠","裁衣匠理符任务",0,"水晶都","ui/icon/080000/080016.tex","制作委托：检举成功的奖励",True,0,1,1509210,4838,"LeveRewardItem#689","ui/icon/080000/080061.tex","ui/icon/080000/080005.tex","Level#7832809","ui/icon/110000/110113.tex",True,,"music/ffxiv/BGM_Leves.scd"
1506,"制作委托：退役纪念的包头巾","我的旅商队中有一个加入过好几次的阿马罗驯养人，因年事已高决定退役。考虑到其多年来所做出的贡献，所以我想送点纪念品表示感谢。请帮忙制作能成为美好回忆的包头巾吧。","商队队长：卡萨德",6,"裁衣匠","水晶都",78,0,1,0,"水晶都","水晶都","未知钓场",0,False,"裁衣匠","裁衣匠理符任务",0,"水晶都","ui/icon/080000/080016.tex","制作委托：退役纪念的包头巾",True,0,1,1403790,4838,"LeveRewardItem#689","ui/icon/080000/080061.tex","ui/icon/080000/080005.tex","Level#7832809","ui/icon/110000/110113.tex",True,,"music/ffxiv/BGM_Leves.scd"
1507,"批发委托：巡游治疗师用的帽子","此次想委托制作的是巡游治疗师用的帽子。由于他们要往来于雷克兰德等各地的集落问诊，所以我想请你为了他们制作出最棒的帽子。将备用的数量也考虑在内，此次将是批发委托，虽然会很辛苦，不过拜托了。","炼金医疗馆馆长：谢萨米尔",6,"裁衣匠","水晶都",78,0,1,0,"水晶都","水晶都","未知钓场",0,False,"裁衣匠","裁衣匠理符任务",0,"水晶都","ui/icon/080000/080016.tex","批发委托：巡游治疗师用的帽子",True,0,1,598990,1747,"LeveRewardItem#684","ui/icon/080000/080062.tex","ui/icon/080000/080005.tex","Level#7832809","ui/icon/110000/110113.tex",True,,"music/ffxiv/BGM_Leves.scd"
1508,"制作委托：实用的硬泥岩砥石","对于工匠来说，道具的保养是必不可少的。所以，我每次完成工作后都必定会用磨刀石打磨道具的利刃，使其保持锋利。所以为了能够顺利完成工作，就麻烦你制作实用的硬泥岩砥石了。","手工工艺部的实力派工匠：奥威尔",6,"雕金匠","水晶都",70,0,1,0,"水晶都","水晶都","未知钓场",0,False,"雕金匠","雕金匠理符任务",0,"水晶都","ui/icon/080000/080016.tex","制作委托：实用的硬泥岩砥石",True,0,1,148250,1920,"LeveRewardItem#666","ui/icon/080000/080061.tex","ui/icon/080000/080005.tex","Level#7832809","ui/icon/110000/110113.tex",True,,"music/ffxiv/BGM_Leves.scd"
1509,"制作委托：用于修缮的缝衣针","我的店里还有帮熟客的防具进行保养和修缮的业务。所以想让你帮忙制作用于这些作业的缝衣针。由于经常需要对较厚的皮革进行缝补，因此请用石金材质制作一根不易弯曲的缝衣针吧。","防具店“保护层”店主：朵达德",6,"雕金匠","水晶都",70,0,1,0,"水晶都","水晶都","未知钓场",0,False,"雕金匠","雕金匠理符任务",0,"水晶都","ui/icon/080000/080016.tex","制作委托：用于修缮的缝衣针",True,0,1,693190,3840,"LeveRewardItem#673","ui/icon/080000/080061.tex","ui/icon/080000/080005.tex","Level#7832809","ui/icon/110000/110113.tex",True,,"music/ffxiv/BGM_Leves.scd"
1510,"批发委托：装饰耳朵的梦幻之星","即使天上看不见星星，梦幻之星依然会呈现在您面前。饰品店“幻星堂”目前本店正在征集可以制作流行商品耳饰并能交纳足够数量的工匠。感兴趣的人士请务必接受我的理符。","饰品店“幻星堂”店主：阿尼娅",6,"雕金匠","水晶都",70,0,1,0,"水晶都","水晶都","未知钓场",0,False,"雕金匠","雕金匠理符任务",0,"水晶都","ui/icon/080000/080016.tex","批发委托：装饰耳朵的梦幻之星",True,0,1,339520,1040,"LeveRewardItem#668","ui/icon/080000/080062.tex","ui/icon/080000/080005.tex","Level#7832809","ui/icon/110000/110113.tex",True,,"music/ffxiv/BGM_Leves.scd"
1511,"制作委托：憧憬的刺剑","从安穆·艾兰归来的赏金猎人给我发来了一份特殊的订单。说是看到了当地一位年轻女剑士的战斗身姿，结果被她使用的刺剑吸引了。请制作一个具备魔法的媒介的细剑吧。","武器店“先发制人”店主：狭·提斯特",6,"雕金匠","水晶都",72,0,1,0,"水晶都","水晶都","未知钓场",0,False,"雕金匠","雕金匠理符任务",0,"水晶都","ui/icon/080000/080016.tex","制作委托：憧憬的刺剑",True,0,1,826240,4090,"LeveRewardItem#674","ui/icon/080000/080061.tex","ui/icon/080000/080005.tex","Level#7832809","ui/icon/110000/110113.tex",True,,"music/ffxiv/BGM_Leves.scd"
1512,"制作委托：卫兵团的训练项环","负责水晶都守卫工作的卫兵团全部是由志愿兵组成的。本季也会有很多新兵将会入团，迎接他们的训练想必会很辛苦吧。希望你能制作可以保护他们的颈部免受伤害的项环。","卫兵团军官：皮特里格",6,"雕金匠","水晶都",72,0,1,0,"水晶都","水晶都","未知钓场",0,False,"雕金匠","雕金匠理符任务",0,"水晶都","ui/icon/080000/080016.tex","制作委托：卫兵团的训练项环",True,0,1,569820,3067,"LeveRewardItem#674","ui/icon/080000/080061.tex","ui/icon/080000/080005.tex","Level#7832809","ui/icon/110000/110113.tex",True,,"music/ffxiv/BGM_Leves.scd"
1513,"批发委托：装饰手腕的威风之星","某位匿名绅士与我商量说想要赠送保护城市的卫兵们护身手镯。如果哪位工匠对这么棒的活动产生了共鸣，还请务必接受我的理符。","饰品店“幻星堂”店主：阿尼娅",6,"雕金匠","水晶都",72,0,1,0,"水晶都","水晶都","未知钓场",0,False,"雕金匠","雕金匠理符任务",0,"水晶都","ui/icon/080000/080016.tex","批发委托：装饰手腕的威风之星",True,0,1,341890,1108,"LeveRewardItem#669","ui/icon/080000/080062.tex","ui/icon/080000/080005.tex","Level#7832809","ui/icon/110000/110113.tex",True,,"music/ffxiv/BGM_Leves.scd"
1514,"制作委托：魔装炮增产计划","为了增加以太照射兵器“魔装炮”的设置数量，卫兵团发来了追加生产的委托。不过想要制作炮身，需要以太传导率优异的金属。麻烦制作高纯度的魔银块吧。","防具店“保护层”店主：朵达德",6,"雕金匠","水晶都",74,0,1,0,"水晶都","水晶都","未知钓场",0,False,"雕金匠","雕金匠理符任务",0,"水晶都","ui/icon/080000/080016.tex","制作委托：魔装炮增产计划",True,0,1,244970,2170,"LeveRewardItem#667","ui/icon/080000/080061.tex","ui/icon/080000/080005.tex","Level#7832809","ui/icon/110000/110113.tex",True,,"music/ffxiv/BGM_Leves.scd"
1515,"制作委托：破坏魔法法杖","我从来自于拉凯提卡大森林的客人那里接到了特殊订单。那位客人想要像尊敬的女魔法师一样，变得可以使用破坏魔法之类的。所以就委托了我帮忙弄一根用灵青岩材质制作的法杖。那就拜托你制作一个容易操控魔力的佳品吧。","武器店“先发制人”店主：狭·提斯特",6,"雕金匠","水晶都",74,0,1,0,"水晶都","水晶都","未知钓场",0,False,"雕金匠","雕金匠理符任务",0,"水晶都","ui/icon/080000/080016.tex","制作委托：破坏魔法法杖",True,0,1,937250,4339,"LeveRewardItem#675","ui/icon/080000/080061.tex","ui/icon/080000/080005.tex","Level#7832809","ui/icon/110000/110113.tex",True,,"music/ffxiv/BGM_Leves.scd"
1516,"批发委托：装饰颈部的安静之星","某位匿名绅士与我商量说想要给支撑着城市制造业的工匠们赠送项环。如果哪位工匠能够认可这样的善举，还请务必接受我的理符。","饰品店“幻星堂”店主：阿尼娅",6,"雕金匠","水晶都",74,0,1,0,"水晶都","水晶都","未知钓场",0,False,"雕金匠","雕金匠理符任务",0,"水晶都","ui/icon/080000/080016.tex","批发委托：装饰颈部的安静之星",True,0,1,387820,1175,"LeveRewardItem#670","ui/icon/080000/080062.tex","ui/icon/080000/080005.tex","Level#7832809","ui/icon/110000/110113.tex",True,,"music/ffxiv/BGM_Leves.scd"
1517,"制作委托：新时代的天球仪","有一位自称是水晶公同乡的菁灵族男子，一开始表示希望我可以为他提供天球仪的时候，我还以为他是在说胡话，不过最近销量却急剧增加。所以我想把高级商品也加入到商品当中，帮忙制作一个吧。","武器店“先发制人”店主：狭·提斯特",6,"雕金匠","水晶都",76,0,1,0,"水晶都","水晶都","未知钓场",0,False,"雕金匠","雕金匠理符任务",0,"水晶都","ui/icon/080000/080016.tex","制作委托：新时代的天球仪",True,0,1,919160,4589,"LeveRewardItem#676","ui/icon/080000/080061.tex","ui/icon/080000/080005.tex","Level#7832809","ui/icon/110000/110113.tex",True,,"music/ffxiv/BGM_Leves.scd"
1518,"制作委托：三重石戒指","我原本是去拉凯提卡大森林进行交易，结果却在途中遇到了女性猎人。她委托我帮她弄到特殊的戒指。她好像是想把三重石戒指送给即将出生的孩子之类的。总之请加油制作吧。","商队队长：卡萨德",6,"雕金匠","水晶都",76,0,1,0,"水晶都","水晶都","未知钓场",0,False,"雕金匠","雕金匠理符任务",0,"水晶都","ui/icon/080000/080016.tex","制作委托：三重石戒指",True,0,1,581500,3442,"LeveRewardItem#676","ui/icon/080000/080061.tex","ui/icon/080000/080005.tex","Level#7832809","ui/icon/110000/110113.tex",True,,"music/ffxiv/BGM_Leves.scd"
1519,"批发委托：装饰耳朵的美丽之星","某位匿名绅士与我商量说想要赠送负责城市学术的研究者们耳饰。如果哪位工匠愿意参与如此崇高的计划，还请务必接受我的理符。","饰品店“幻星堂”店主：阿尼娅",6,"雕金匠","水晶都",76,0,1,0,"水晶都","水晶都","未知钓场",0,False,"雕金匠","雕金匠理符任务",0,"水晶都","ui/icon/080000/080016.tex","批发委托：装饰耳朵的美丽之星",True,0,1,450200,1657,"LeveRewardItem#671","ui/icon/080000/080062.tex","ui/icon/080000/080005.tex","Level#7832809","ui/icon/110000/110113.tex",True,,"music/ffxiv/BGM_Leves.scd"
1520,"制作委托：新的刺剑","对之前那位女剑士怀有憧憬的赏金猎人再次发来了订单。自那之后好像一直在努力进行细剑的修行。如今似乎也是表现得相当活跃。配合其精进的剑术，制作一把矮人族式的细剑吧。","武器店“先发制人”店主：狭·提斯特",6,"雕金匠","水晶都",78,0,1,0,"水晶都","水晶都","未知钓场",0,False,"雕金匠","雕金匠理符任务",0,"水晶都","ui/icon/080000/080016.tex","制作委托：新的刺剑",True,0,1,1103750,4838,"LeveRewardItem#677","ui/icon/080000/080061.tex","ui/icon/080000/080005.tex","Level#7832809","ui/icon/110000/110113.tex",True,,"music/ffxiv/BGM_Leves.scd"
1521,"制作委托：装饰颈部的炫目之星","那位匿名绅士似乎因旧病复发去世了。按照其生前的遗嘱，我准备将一个特殊项环赠送给直到生命最后一刻都在照顾他的医疗馆的护士。请务必接受我的理符任务。","饰品店“幻星堂”店主：阿尼娅",6,"雕金匠","水晶都",78,0,1,0,"水晶都","水晶都","未知钓场",0,False,"雕金匠","雕金匠理符任务",0,"水晶都","ui/icon/080000/080016.tex","制作委托：装饰颈部的炫目之星",True,0,1,1103750,4838,"LeveRewardItem#677","ui/icon/080000/080061.tex","ui/icon/080000/080005.tex","Level#7832809","ui/icon/110000/110113.tex",True,,"music/ffxiv/BGM_Leves.scd"
1522,"批发委托：严命城部队的新手镯","最近要对驻扎在奥斯塔尔严命城的部队的装备进行更新。当地的部队因与食罪灵的战斗损伤惨重而闻名。所以请大量制作保护手腕的手镯吧。","卫兵团军官：皮特里格",6,"雕金匠","水晶都",78,0,1,0,"水晶都","水晶都","未知钓场",0,False,"雕金匠","雕金匠理符任务",0,"水晶都","ui/icon/080000/080016.tex","批发委托：严命城部队的新手镯",True,0,1,662250,1747,"LeveRewardItem#672","ui/icon/080000/080062.tex","ui/icon/080000/080005.tex","Level#7832809","ui/icon/110000/110113.tex",True,,"music/ffxiv/BGM_Leves.scd"
1523,"采集确认：香草葡萄酒用的香料","酒馆里的酒种类越多越好。所以我想制作属于自己的香草葡萄酒。我想让你帮我准备珂露西亚岛可以采到的野生香料影椒。请尽量帮我准备没被压坏的优质影椒。","彷徨阶梯亭老板：格林纳德",5,"园艺工","水晶都",70,20,1,1,"珂露西亚岛","水晶都","未知钓场",0,False,"园艺工","园艺工理符任务",0,"珂露西亚岛","ui/icon/080000/080016.tex","GatheringLeve#131250",True,1,65,0,1517,"LeveRewardItem#620","ui/icon/080000/080064.tex","ui/icon/080000/080005.tex","Level#7832808","ui/icon/110000/110115.tex",True,"Level#7980939","music/ffxiv/BGM_Leves_Easy.scd"
1524,"指定采集：用于储存的珂露西亚鼠尾草","此次想要指定采集的是名为珂露西亚鼠尾草的香草。干燥之后香气更浓，最适合制作干花。对于让患者们的内心感到舒适平稳，香气是非常重要的。虽然到珂露西亚岛路途遥远，不过拜托了。","炼金医疗馆馆长：谢萨米尔",5,"园艺工","水晶都",70,20,1,1,"珂露西亚岛","水晶都","未知钓场",0,False,"园艺工","园艺工理符任务",0,"珂露西亚岛","ui/icon/080000/080016.tex","GatheringLeve#131251",True,1,72,0,1517,"LeveRewardItem#620","ui/icon/080000/080063.tex","ui/icon/080000/080005.tex","Level#7832808","ui/icon/110000/110115.tex",True,"Level#7980940","music/ffxiv/BGM_Leves_Easy.scd"
1525,"强行采集：用于搭板房的废材","我出身于珂露西亚岛。如今我已经移居到水晶都并作为商人获得了成功，所以这次我想要为家乡的人们做贡献。我想委托的是可以作为建材进行再利用的廉价废材。为了帮助无家可归的难民搭板房，拜托了。","珂露西亚出身的交易商：斯帕登",5,"园艺工","水晶都",70,20,1,1,"珂露西亚岛","水晶都","未知钓场",0,False,"园艺工","园艺工理符任务",0,"珂露西亚岛","ui/icon/080000/080016.tex","GatheringLeve#131252",True,1,49,0,1517,"LeveRewardItem#620","ui/icon/080000/080066.tex","ui/icon/080000/080005.tex","Level#7832808","ui/icon/110000/110115.tex",True,"Level#7980941","music/ffxiv/BGM_Leves_Easy.scd"
1526,"采集确认：仙子酒用的树液","你知道仙子酒吗？似乎是将果实腌渍在从伊尔美格的棉雪树提取的树液中所制成的酒。据说是足以让仙子族沉醉的佳品。所以说，树液是必须的。请尽量弄来不含杂质的优质树液。","彷徨阶梯亭老板：格林纳德",5,"园艺工","水晶都",72,20,1,1,"伊尔美格","水晶都","未知钓场",0,False,"园艺工","园艺工理符任务",0,"伊尔美格","ui/icon/080000/080016.tex","GatheringLeve#131253",True,1,65,0,1577,"LeveRewardItem#621","ui/icon/080000/080064.tex","ui/icon/080000/080005.tex","Level#7832808","ui/icon/110000/110116.tex",True,"Level#7980958","music/ffxiv/BGM_Leves_Easy.scd"
1527,"大量采集：伊尔美格的沉没木材","废材获取成功，已经搭建了好几个板房。接下来要建造的是运输船，以便运送贫民当中想要移居的人。我想委托你去获得耐水性好的沉没木材。伊尔美格的话，应该可以大量获得这种木材。","珂露西亚出身的交易商：斯帕登",5,"园艺工","水晶都",72,20,1,1,"伊尔美格","水晶都","未知钓场",0,False,"园艺工","园艺工理符任务",0,"伊尔美格","ui/icon/080000/080016.tex","GatheringLeve#131254",True,1,72,0,1577,"LeveRewardItem#621","ui/icon/080000/080065.tex","ui/icon/080000/080005.tex","Level#7832808","ui/icon/110000/110116.tex",True,"Level#7980959","music/ffxiv/BGM_Leves_Easy.scd"
1528,"指定采集：伊尔美格的野草","伊尔美格的仙子似乎可以对植物种子施加魔法使其变异。这种仙子种子拥有出色的药效，所以为了患者我无论如何也希望能够多储备一些这种种子。如果有谁不怕死敢潜入妖灵乡的话，就拜托了。","炼金医疗馆馆长：谢萨米尔",5,"园艺工","水晶都",72,20,1,1,"伊尔美格","水晶都","未知钓场",0,False,"园艺工","园艺工理符任务",0,"伊尔美格","ui/icon/080000/080016.tex","GatheringLeve#131255",True,1,72,0,1577,"LeveRewardItem#621","ui/icon/080000/080063.tex","ui/icon/080000/080005.tex","Level#7832808","ui/icon/110000/110116.tex",True,"Level#7980960","music/ffxiv/BGM_Leves_Easy.scd"
1529,"采集确认：用于防虫的洛克瓦之泪","此次的委托与酒无关。是希望你能够协助我创造可以让客人们开心喝酒的环境。野草洛克瓦之泪具有防虫效果，去收集一些香气较为浓郁的优质洛克瓦之泪吧。拜托了。","彷徨阶梯亭老板：格林纳德",5,"园艺工","水晶都",74,20,1,1,"拉凯提卡大森林","水晶都","未知钓场",0,False,"园艺工","园艺工理符任务",0,"拉凯提卡大森林","ui/icon/080000/080016.tex","GatheringLeve#131256",True,1,65,0,1637,"LeveRewardItem#622","ui/icon/080000/080064.tex","ui/icon/080000/080005.tex","Level#7832808","ui/icon/110000/110117.tex",True,"Level#7980973","music/ffxiv/BGM_Leves_Easy.scd"
1530,"指定采集：新事业的隆卡芦荟","移民船已建造成功，可以把人们招到水晶都了。此次为了给他们提供工作机会，我想创立新事业。一开始我想制作软膏。可以请你帮我采集作为材料的隆卡芦荟吗？","珂露西亚出身的交易商：斯帕登",5,"园艺工","水晶都",74,20,1,1,"拉凯提卡大森林","水晶都","未知钓场",0,False,"园艺工","园艺工理符任务",0,"拉凯提卡大森林","ui/icon/080000/080016.tex","GatheringLeve#131257",True,1,72,0,1637,"LeveRewardItem#622","ui/icon/080000/080063.tex","ui/icon/080000/080005.tex","Level#7832808","ui/icon/110000/110117.tex",True,"Level#7980974","music/ffxiv/BGM_Leves_Easy.scd"
1531,"强行采集：睡梦粉用的藻类","现在需要作为睡梦粉材料的睡梦藻。那是一种生长在拉凯提卡大森林的藻类，剥掉被水淹没的倒木的树皮似乎就能发现。特别优质的这种藻类因为功效强大而非常受欢迎。请一边仔细调查一边采集吧。","炼金医疗馆馆长：谢萨米尔",5,"园艺工","水晶都",74,20,1,1,"拉凯提卡大森林","水晶都","未知钓场",0,False,"园艺工","园艺工理符任务",0,"拉凯提卡大森林","ui/icon/080000/080016.tex","GatheringLeve#131258",True,1,49,0,1637,"LeveRewardItem#622","ui/icon/080000/080066.tex","ui/icon/080000/080005.tex","Level#7832808","ui/icon/110000/110117.tex",True,"Level#7980975","music/ffxiv/BGM_Leves_Easy.scd"
1532,"大量采集：用于制作桶的干枯木材","此次我与中庸工艺馆的食药工艺部那些家伙联手，一起制作蒸馏酒。因此我想让你帮忙收集用来制作酒桶的木材。此次我想制作出前所未有的香气和色泽，就请收集大量的安穆·艾兰的干枯木材吧。","彷徨阶梯亭老板：格林纳德",5,"园艺工","水晶都",76,20,1,1,"安穆·艾兰","水晶都","未知钓场",0,False,"园艺工","园艺工理符任务",0,"安穆·艾兰","ui/icon/080000/080016.tex","GatheringLeve#131259",True,1,72,0,1697,"LeveRewardItem#623","ui/icon/080000/080065.tex","ui/icon/080000/080005.tex","Level#7832808","ui/icon/110000/110118.tex",True,"Level#7980947","music/ffxiv/BGM_Leves_Easy.scd"
1533,"指定采集：用于扩大事业的油菜籽","移民们制作的软膏广受好评。于是想着进行进一步的扩大事业，然后一位移民就提出了使用油菜籽进行食用油的制造。去采集可以在安穆·艾兰得到的油量丰富的这种野草的种子吧。","珂露西亚出身的交易商：斯帕登",5,"园艺工","水晶都",76,20,1,1,"安穆·艾兰","水晶都","未知钓场",0,False,"园艺工","园艺工理符任务",0,"安穆·艾兰","ui/icon/080000/080016.tex","GatheringLeve#131260",True,1,72,0,1697,"LeveRewardItem#623","ui/icon/080000/080063.tex","ui/icon/080000/080005.tex","Level#7832808","ui/icon/110000/110118.tex",True,"Level#7980948","music/ffxiv/BGM_Leves_Easy.scd"
1534,"强行采集：隆索族的热病对策","最近流行一种只有隆索族的孩子们会感染的特殊热病。在查看过去的记录后得知，使用安穆·艾兰的野草鼹灵之尾制作出的药茶很有效果。请尽量收集尚未被虫子啃食过的这种优质野草吧。","炼金医疗馆馆长：谢萨米尔",5,"园艺工","水晶都",76,20,1,1,"安穆·艾兰","水晶都","未知钓场",0,False,"园艺工","园艺工理符任务",0,"安穆·艾兰","ui/icon/080000/080016.tex","GatheringLeve#131261",True,1,49,0,1697,"LeveRewardItem#623","ui/icon/080000/080066.tex","ui/icon/080000/080005.tex","Level#7832808","ui/icon/110000/110118.tex",True,"Level#7980949","music/ffxiv/BGM_Leves_Easy.scd"
1535,"采集确认：用于继续制作桶的橡木木材","用干枯木材制作的桶储备了很多蒸馏酒，不过现在觉得这样做会不会有些太冒险了。我判断待酒成熟几年之后，味道会变差，但是已经晚了。为了保持住味道，去收集优质的雷克兰德橡木吧。","彷徨阶梯亭老板：格林纳德",5,"园艺工","水晶都",78,20,1,1,"雷克兰德","水晶都","未知钓场",0,False,"园艺工","园艺工理符任务",0,"雷克兰德","ui/icon/080000/080016.tex","GatheringLeve#131262",True,1,65,0,1757,"LeveRewardItem#624","ui/icon/080000/080064.tex","ui/icon/080000/080005.tex","Level#7832808","ui/icon/110000/110119.tex",True,"Level#7980923","music/ffxiv/BGM_Leves_Easy.scd"
1536,"大量采集：夜色药水的材料","为了增产具有恢复疲劳效果的药水，需要用到其主要材料之一的香草菁灵香草。由于是水晶公爱用的佳品，因此获得了前所未有的人气。最近需求量增加，拜托你多弄来一些吧。","炼金医疗馆馆长：谢萨米尔",5,"园艺工","水晶都",78,20,1,1,"雷克兰德","水晶都","未知钓场",0,False,"园艺工","园艺工理符任务",0,"雷克兰德","ui/icon/080000/080016.tex","GatheringLeve#131263",True,1,72,0,1757,"LeveRewardItem#624","ui/icon/080000/080065.tex","ui/icon/080000/080005.tex","Level#7832808","ui/icon/110000/110119.tex",True,"Level#7980924","music/ffxiv/BGM_Leves_Easy.scd"
1537,"强行采集：洗发剂用的湖藻","收入已趋于稳定，移民们也都安定了下来。不，应该说是表现非常活跃，关于新事业的想法不断涌现。这次好像是想使用能在始源湖采到的藻类湖藻制作洗发剂。去采集一些鲜嫩柔软的湖藻吧。","珂露西亚出身的交易商：斯帕登",5,"园艺工","水晶都",78,20,1,1,"雷克兰德","水晶都","未知钓场",0,False,"园艺工","园艺工理符任务",0,"雷克兰德","ui/icon/080000/080016.tex","GatheringLeve#131264",True,1,49,0,1757,"LeveRewardItem#624","ui/icon/080000/080066.tex","ui/icon/080000/080005.tex","Level#7832808","ui/icon/110000/110119.tex",True,"Level#7980925","music/ffxiv/BGM_Leves_Easy.scd"
1538,"采集确认：简朴的绿磷铝石原石","我想制作人人都能入手的低价位的戒指。此次我想尝试使用漂亮但却很少有人用过的绿磷铝石。根据泛滥之前的记录来看，似乎可以在珂露西亚岛采集到。不知道有没有愿意前往当地帮忙收集的采矿工呢？","金属工艺部的工匠学徒：哈科恩",5,"采矿工","水晶都",70,20,1,1,"珂露西亚岛","水晶都","未知钓场",0,False,"采矿工","采矿工理符任务",0,"珂露西亚岛","ui/icon/080000/080016.tex","GatheringLeve#131265",True,1,65,0,1517,"LeveRewardItem#625","ui/icon/080000/080064.tex","ui/icon/080000/080005.tex","Level#7832808","ui/icon/110000/110120.tex",True,"Level#7980942","music/ffxiv/BGM_Leves_Easy.scd"
1539,"指定采集：用于剧毒研究的废石","某位希望匿名的炼金术士委托收集与游末邦的基础相同成分的废石。据说只要研究出可以高效溶解该种废石的溶剂，没准会在关键时刻派上用场。虽然不知道是什么时候，总之采集的事就拜托了。","大地资源部次长：塔恰·奚",5,"采矿工","水晶都",70,20,1,1,"珂露西亚岛","水晶都","未知钓场",0,False,"采矿工","采矿工理符任务",0,"珂露西亚岛","ui/icon/080000/080016.tex","GatheringLeve#131266",True,1,72,0,1517,"LeveRewardItem#625","ui/icon/080000/080063.tex","ui/icon/080000/080005.tex","Level#7832808","ui/icon/110000/110120.tex",True,"Level#7980943","music/ffxiv/BGM_Leves_Easy.scd"
1540,"强行采集：针对食罪灵弩炮开发计划","游末邦军曾经在与食罪灵的战斗当中占据了上风。因此我想重现当时使用的大型弩炮。现在需要作为重要材料的珂露西亚岛产的铁矿。如果有不惧长途跋涉的采矿工的话，那就拜托了。","弹道军武馆技师：索·任德",5,"采矿工","水晶都",70,20,1,1,"珂露西亚岛","水晶都","未知钓场",0,False,"采矿工","采矿工理符任务",0,"珂露西亚岛","ui/icon/080000/080016.tex","GatheringLeve#131267",True,1,49,0,1517,"LeveRewardItem#625","ui/icon/080000/080066.tex","ui/icon/080000/080005.tex","Level#7832808","ui/icon/110000/110120.tex",True,"Level#7980944","music/ffxiv/BGM_Leves_Easy.scd"
1541,"采集确认：水晶都防波堤强化计划","孚布特王国的王都曾经以坚不可破的防御而闻名。其秘密仿佛就在于经过妖灵恩莫族魔法强化过的石材。只要能够弄明白这个技术，相信水晶都的防御力也可以增强了。请务必多收集一些样本。","弹道军武馆技师：索·任德",5,"采矿工","水晶都",72,20,1,1,"伊尔美格","水晶都","未知钓场",0,False,"采矿工","采矿工理符任务",0,"伊尔美格","ui/icon/080000/080016.tex","GatheringLeve#131268",True,1,65,0,1577,"LeveRewardItem#626","ui/icon/080000/080064.tex","ui/icon/080000/080005.tex","Level#7832808","ui/icon/110000/110121.tex",True,"Level#7980961","music/ffxiv/BGM_Leves_Easy.scd"
1542,"大量采集：关键的粉色蓝宝石","上次制作的绿磷铝石戒指广受好评。因此身为一名工匠，想在此时赌上一把。我想使用别人尚未触及过的伊尔美格产的粉色蓝宝石制作首饰。虽然我知道那里很危险，但是可以请你帮我大量收集一些吗？","金属工艺部的新锐工匠：哈科恩",5,"采矿工","水晶都",72,20,1,1,"伊尔美格","水晶都","未知钓场",0,False,"采矿工","采矿工理符任务",0,"伊尔美格","ui/icon/080000/080016.tex","GatheringLeve#131269",True,1,72,0,1577,"LeveRewardItem#626","ui/icon/080000/080065.tex","ui/icon/080000/080005.tex","Level#7832808","ui/icon/110000/110121.tex",True,"Level#7980962","music/ffxiv/BGM_Leves_Easy.scd"
1543,"指定采集：伊尔美格的结晶","某位希望匿名的炼金术士委托收集伊尔美格的结晶。似乎是希望通过研究与妖灵族的魔力品质相近的以太结晶，来制定应对那些家伙的恶作剧的对策。虽然不知道能否如愿，不过采集的事就拜托了。","大地资源部次长：塔恰·奚",5,"采矿工","水晶都",72,20,1,1,"伊尔美格","水晶都","未知钓场",0,False,"采矿工","采矿工理符任务",0,"伊尔美格","ui/icon/080000/080016.tex","GatheringLeve#131270",True,1,72,0,1577,"LeveRewardItem#626","ui/icon/080000/080063.tex","ui/icon/080000/080005.tex","Level#7832808","ui/icon/110000/110121.tex",True,"Level#7980963","music/ffxiv/BGM_Leves_Easy.scd"
1544,"采集确认：被污染的有毒砂砾","某位希望匿名的炼金术士委托收集被污染的砂砾。据说在拉凯提卡大森林的深处，有擅长处理毒的家伙。虽然不知道要如何使用因那个实验影响而被污染的砂砾，不过采集的事就拜托了。","大地资源部次长：塔恰·奚",5,"采矿工","水晶都",74,20,1,1,"拉凯提卡大森林","水晶都","未知钓场",0,False,"采矿工","采矿工理符任务",0,"拉凯提卡大森林","ui/icon/080000/080016.tex","GatheringLeve#131271",True,1,65,0,1637,"LeveRewardItem#627","ui/icon/080000/080064.tex","ui/icon/080000/080005.tex","Level#7832808","ui/icon/110000/110122.tex",True,"Level#7980977","music/ffxiv/BGM_Leves_Easy.scd"
1545,"指定采集：新设工房的固定商品","由于赌对了粉色蓝宝石的首饰大赚了一笔，因此把利益进行投资设立了个人工房。而作为新工房的固定商品，我想出售使用了拉凯提卡产翡翠原石的隆卡式宝石饰品。可以帮忙收集原石吗？","金属工艺部的个人工房主：哈科恩",5,"采矿工","水晶都",74,20,1,1,"拉凯提卡大森林","水晶都","未知钓场",0,False,"采矿工","采矿工理符任务",0,"拉凯提卡大森林","ui/icon/080000/080016.tex","GatheringLeve#131272",True,1,72,0,1637,"LeveRewardItem#627","ui/icon/080000/080063.tex","ui/icon/080000/080005.tex","Level#7832808","ui/icon/110000/110122.tex",True,"Level#7980978","music/ffxiv/BGM_Leves_Easy.scd"
1546,"强行采集：魔装炮强化计划","曾经的隆卡帝国，一度绽放过绚烂的魔法文明之花。我们为了强化针对食罪灵开发的以太照射兵器魔装炮的输出，因此想要利用这一古代知识。请帮忙收集隆卡文明中作为魔具材料的水蛇石吧。","弹道军武馆技师：索·任德",5,"采矿工","水晶都",74,20,1,1,"拉凯提卡大森林","水晶都","未知钓场",0,False,"采矿工","采矿工理符任务",0,"拉凯提卡大森林","ui/icon/080000/080016.tex","GatheringLeve#131273",True,1,49,0,1637,"LeveRewardItem#627","ui/icon/080000/080066.tex","ui/icon/080000/080005.tex","Level#7832808","ui/icon/110000/110122.tex",True,"Level#7980979","music/ffxiv/BGM_Leves_Easy.scd"
1547,"大量采集：有毒事故的事后处理","那位贵客炼金术士，据说在实验过程中产生了有毒物质，如今被送进了医疗馆。受其余波影响，接到了大量的有关用于分解有毒物质的净化石的订单。为此我也感到了一丝责任，总之采集的事就拜托了。","大地资源部次长：塔恰·奚",5,"采矿工","水晶都",76,20,1,1,"安穆·艾兰","水晶都","未知钓场",0,False,"采矿工","采矿工理符任务",0,"安穆·艾兰","ui/icon/080000/080016.tex","GatheringLeve#131274",True,1,72,0,1697,"LeveRewardItem#628","ui/icon/080000/080065.tex","ui/icon/080000/080005.tex","Level#7832808","ui/icon/110000/110123.tex",True,"Level#7980950","music/ffxiv/BGM_Leves_Easy.scd"
1548,"指定采集：拿巴示艾兰的辉石","隆卡式的宝石饰品大卖，经营也趋于了稳定。所以我雇用了工匠扩大了工房。接下来打算出售的是拿巴示艾兰王国珍视的拿巴示矿石的宝石饰品。为了支持工作人员的生活，可以帮忙收集原石吗？","金属工艺部的有名工房主：哈科恩",5,"采矿工","水晶都",76,20,1,1,"安穆·艾兰","水晶都","未知钓场",0,False,"采矿工","采矿工理符任务",0,"安穆·艾兰","ui/icon/080000/080016.tex","GatheringLeve#131275",True,1,72,0,1697,"LeveRewardItem#628","ui/icon/080000/080063.tex","ui/icon/080000/080005.tex","Level#7832808","ui/icon/110000/110123.tex",True,"Level#7980951","music/ffxiv/BGM_Leves_Easy.scd"
1549,"强行采集：塔罗斯技术研究计划","曾经在安穆·艾兰有很多塔罗斯投身于矿业当中。伴随着代达罗斯公司的离开，生产也一度停止，不过如果可以再次生产的话，相信城市的防御力也会增加吧。请收集塔罗斯元件用来研究吧。","弹道军武馆技师：索·任德",5,"采矿工","水晶都",76,20,1,1,"安穆·艾兰","水晶都","未知钓场",0,False,"采矿工","采矿工理符任务",0,"安穆·艾兰","ui/icon/080000/080016.tex","GatheringLeve#131276",True,1,49,0,1697,"LeveRewardItem#628","ui/icon/080000/080066.tex","ui/icon/080000/080005.tex","Level#7832808","ui/icon/110000/110123.tex",True,"Level#7980952","music/ffxiv/BGM_Leves_Easy.scd"
1550,"采集确认：雷克兰德防卫网整备计划","雷克兰德联邦曾经在湖畔一带设有牢固的防卫阵地。为了最大化利用其遗产，因此设计了水晶都防卫网再整备计划。请从废墟当中确认可以再利用的石材，并进行收集吧。","弹道军武馆技师：索·任德",5,"采矿工","水晶都",78,20,1,1,"雷克兰德","水晶都","未知钓场",0,False,"采矿工","采矿工理符任务",0,"雷克兰德","ui/icon/080000/080016.tex","GatheringLeve#131277",True,1,65,0,1757,"LeveRewardItem#629","ui/icon/080000/080064.tex","ui/icon/080000/080005.tex","Level#7832808","ui/icon/110000/110124.tex",True,"Level#7980931","music/ffxiv/BGM_Leves_Easy.scd"
1551,"大量采集：再次出发的堇云石","因为过度追求品质而遭到了部下的反驳，结果被赶出了自己的工房。不过我的态度还是很乐观的。身为一名工匠我要重新振作，继续追求最棒的宝石饰品。为此可以请你帮忙大量收集堇云石原石吗？","孤高的有名工匠：哈科恩",5,"采矿工","水晶都",78,20,1,1,"雷克兰德","水晶都","未知钓场",0,False,"采矿工","采矿工理符任务",0,"雷克兰德","ui/icon/080000/080016.tex","GatheringLeve#131278",True,1,72,0,1757,"LeveRewardItem#629","ui/icon/080000/080065.tex","ui/icon/080000/080005.tex","Level#7832808","ui/icon/110000/110124.tex",True,"Level#7980933","music/ffxiv/BGM_Leves_Easy.scd"
1552,"强行采集：用于增产治疗药的水晶","希望匿名的炼金术士似乎进行了深刻的反省。似乎今后想要为照顾过自己的医疗馆尽心尽力。因此想让你前往始源湖调查一下是否能产出有助于治疗药增产的水晶。只要结果是好的，就一切都好了。","大地资源部次长：塔恰·奚",5,"采矿工","水晶都",78,20,1,1,"雷克兰德","水晶都","未知钓场",0,False,"采矿工","采矿工理符任务",0,"雷克兰德","ui/icon/080000/080016.tex","GatheringLeve#131279",True,1,49,0,1757,"LeveRewardItem#629","ui/icon/080000/080066.tex","ui/icon/080000/080005.tex","Level#7832808","ui/icon/110000/110124.tex",True,"Level#7980935","music/ffxiv/BGM_Leves_Easy.scd"
1553,"指定采集：关于无尽光下的体质变异","<UIForeground>F201F4</UIForeground><UIGlow>F201F5</UIGlow>采集方法：钓鱼<UIGlow>01</UIGlow><UIForeground>01</UIForeground>
我正在针对光之泛滥后的生态系统进行研究。在始源湖已经确认了有黄色色素异常活性化的黄体鲈。此次的委托便是其样本的捕获。关于体表颜色的变异是否是无尽光导致的，需要调查一下。","作物园艺馆研究员：艾登德丽达",6,"捕鱼人","水晶都",70,0,1,0,"雷克兰德","水晶都","阴沉乡",0,False,"捕鱼人","捕鱼人理符任务",0,"水晶都","ui/icon/080000/080016.tex","指定采集：关于无尽光下的体质变异",True,0,1,1503258,1800,"LeveRewardItem#727","ui/icon/080000/080067.tex","ui/icon/080000/080005.tex","Level#7832811","ui/icon/110000/110154.tex",True,"Level#7980923","music/ffxiv/BGM_Leves.scd"
1554,"指定采集：美味的沙卵三明治","<UIForeground>F201F4</UIForeground><UIGlow>F201F5</UIGlow>采集方法：钓鱼<UIGlow>01</UIGlow><UIForeground>01</UIForeground>
食药工艺部那帮家伙只关注于营养价值和生产性，总是不重视味道。我想要改变这一现状。首先我想要制作可以在工作和研究过程中单手食用的三明治。可以从安穆·艾兰帮我取来沙卵吗？","食药工艺部的厨师学徒：绍尔福特",6,"捕鱼人","水晶都",70,0,1,0,"安穆·艾兰","水晶都","沙河",0,False,"捕鱼人","捕鱼人理符任务",0,"水晶都","ui/icon/080000/080016.tex","指定采集：美味的沙卵三明治",True,0,1,1503258,1800,"LeveRewardItem#727","ui/icon/080000/080067.tex","ui/icon/080000/080005.tex","Level#7832811","ui/icon/110000/110157.tex",True,"Level#7980947","music/ffxiv/BGM_Leves.scd"
1555,"大量采集：用于驱除外来物种的电击捕鱼法","<UIForeground>F201F4</UIForeground><UIGlow>F201F5</UIGlow>采集方法：刺鱼<UIGlow>01</UIGlow><UIForeground>01</UIForeground>
在始源湖，一部分外来物种导致的生态系统瓦解令人担心。因此我想出了一个计划，那就是一次性放出能够放电的紫鬼鱼，让那一带的鱼全部触电浮出水面，从而驱除外来物种。此次需求量很大，所以需要你的协助。","水生资源部次长：戊·希尔",6,"捕鱼人","水晶都",70,0,1,0,"雷克兰德","水晶都","未知钓场",16,False,"捕鱼人","捕鱼人理符任务",0,"水晶都","ui/icon/080000/080016.tex","大量采集：用于驱除外来物种的电击捕鱼法",True,0,1,901955,650,"LeveRewardItem#732","ui/icon/080000/080068.tex","ui/icon/080000/080005.tex","Level#7832811","ui/icon/110000/110179.tex",True,"Level#7980923","music/ffxiv/BGM_Leves.scd"
1556,"指定采集：别具风味的水母沙拉","<UIForeground>F201F4</UIForeground><UIGlow>F201F5</UIGlow>采集方法：钓鱼<UIGlow>01</UIGlow><UIForeground>01</UIForeground>
熏制风味的沙卵三明治很有人气！我也因此得以在公馆的一角开了一个小小的食堂。此次为了推出新店的招牌菜，我想委托你弄来珂露西亚岛的血色气球鱼。有助于身体健康的水母沙拉，一定会受欢迎的！","食药工艺部的新锐厨师：绍尔福特",6,"捕鱼人","水晶都",72,0,1,0,"珂露西亚岛","水晶都","珂露西亚岛东海岸",0,False,"捕鱼人","捕鱼人理符任务",0,"水晶都","ui/icon/080000/080016.tex","指定采集：别具风味的水母沙拉",True,0,1,1621544,1890,"LeveRewardItem#728","ui/icon/080000/080067.tex","ui/icon/080000/080005.tex","Level#7832811","ui/icon/110000/110155.tex",True,"Level#7980939","music/ffxiv/BGM_Leves.scd"
1557,"指定采集：始源湖的生态系统保护","<UIForeground>F201F4</UIForeground><UIGlow>F201F5</UIGlow>采集方法：刺鱼<UIGlow>01</UIGlow><UIForeground>01</UIForeground>
在你们的帮助下，电击捕鱼法获得了成功。不过萎鳃丽鱼的数量似乎依然很多。如果放任那种贪吃的鱼不管，好不容易才改善的始源湖的生态系统估计又要恶化了。此次希望能与阴沉乡的渔夫们合作，一起对其进行驱除。","水生资源部次长：戊·希尔",6,"捕鱼人","水晶都",72,0,1,0,"雷克兰德","水晶都","未知钓场",18,False,"捕鱼人","捕鱼人理符任务",0,"水晶都","ui/icon/080000/080016.tex","指定采集：始源湖的生态系统保护",True,0,1,1621544,1890,"LeveRewardItem#728","ui/icon/080000/080067.tex","ui/icon/080000/080005.tex","Level#7832811","ui/icon/110000/110180.tex",True,"Level#7980923","music/ffxiv/BGM_Leves.scd"
1558,"大量采集：关于雷克兰德地震预知","<UIForeground>F201F4</UIForeground><UIGlow>F201F5</UIGlow>采集方法：刺鱼<UIGlow>01</UIGlow><UIForeground>01</UIForeground>
一部分鱼对于以太量的变化似乎非常敏感。接下来的委托对象是栖息在贤岛附近的茄子鱼。有种说法是这种鱼可以通过流经地脉的以太量预知地震，我想确认这种说法的真伪。就拜托你多弄一些来吧。","作物园艺馆研究员：艾登德丽达",6,"捕鱼人","水晶都",72,0,1,0,"雷克兰德","水晶都","未知钓场",17,False,"捕鱼人","捕鱼人理符任务",0,"水晶都","ui/icon/080000/080016.tex","大量采集：关于雷克兰德地震预知",True,0,1,972926,683,"LeveRewardItem#733","ui/icon/080000/080068.tex","ui/icon/080000/080005.tex","Level#7832811","ui/icon/110000/110180.tex",True,"Level#7980923","music/ffxiv/BGM_Leves.scd"
1559,"指定采集：关于酸性毒素的无害分解","<UIForeground>F201F4</UIForeground><UIGlow>F201F5</UIGlow>采集方法：钓鱼<UIGlow>01</UIGlow><UIForeground>01</UIForeground>
有观点认为栖息于妖灵乡的鱼因妖灵族的魔咒而发生了特殊的体质变化。此次想让你调查的是伊尔美格的特有品种柠檬鱼。但愿能从它身上取得一些解析妖灵魔咒的线索吧……执行任务时注意小心那些妖灵们！","作物园艺馆研究员：艾登德丽达",6,"捕鱼人","水晶都",74,0,1,0,"伊尔美格","水晶都","手镜湖",0,False,"捕鱼人","捕鱼人理符任务",0,"水晶都","ui/icon/080000/080016.tex","指定采集：关于酸性毒素的无害分解",True,0,1,1816458,1980,"LeveRewardItem#729","ui/icon/080000/080067.tex","ui/icon/080000/080005.tex","Level#7832811","ui/icon/110000/110158.tex",True,"Level#7980958","music/ffxiv/BGM_Leves.scd"
1560,"指定采集：渔村的找老婆事业","<UIForeground>F201F4</UIForeground><UIGlow>F201F5</UIGlow>采集方法：刺鱼<UIGlow>01</UIGlow><UIForeground>01</UIForeground>
在驱除萎鳃丽鱼的过程中与渔夫聊了几句，没想到阴沉乡的渔夫居然委托我去帮忙找老婆……真是的，我又不是万能跑腿的。不过如果有人要去伊尔美格的话，可以拜托你帮忙捕获爱神卷贝吗？举行祈求恋爱成功的咒术好像需要那个东西。","水生资源部次长：戊·希尔",6,"捕鱼人","水晶都",74,0,1,0,"伊尔美格","水晶都","未知钓场",19,False,"捕鱼人","捕鱼人理符任务",0,"水晶都","ui/icon/080000/080016.tex","指定采集：渔村的找老婆事业",True,0,1,1816458,1980,"LeveRewardItem#729","ui/icon/080000/080067.tex","ui/icon/080000/080005.tex","Level#7832811","ui/icon/110000/110181.tex",True,"Level#7980958","music/ffxiv/BGM_Leves.scd"
1561,"大量采集：美味的鲱鱼拼盘","<UIForeground>F201F4</UIForeground><UIGlow>F201F5</UIGlow>采集方法：钓鱼<UIGlow>01</UIGlow><UIForeground>01</UIForeground>
我想在食堂中推出一份难得的饭菜。使用雷克兰德没有的鱼，制作出别具一格的一盘。樱桃鲱鱼的烤鱼和煎鱼卵如何？到伊尔美格路途遥远，记得多弄一些，避免断货。","食药工艺部的人气厨师：绍尔福特",6,"捕鱼人","水晶都",74,0,1,0,"伊尔美格","水晶都","宠坏的年幼溪流",0,False,"捕鱼人","捕鱼人理符任务",0,"水晶都","ui/icon/080000/080016.tex","大量采集：美味的鲱鱼拼盘",True,0,1,1089875,715,"LeveRewardItem#734","ui/icon/080000/080068.tex","ui/icon/080000/080005.tex","Level#7832811","ui/icon/110000/110158.tex",True,"Level#7980958","music/ffxiv/BGM_Leves.scd"
1562,"指定采集：仙味的蓝色浓汤","<UIForeground>F201F4</UIForeground><UIGlow>F201F5</UIGlow>采集方法：刺鱼<UIGlow>01</UIGlow><UIForeground>01</UIForeground>
或许是受到食堂广受好评的影响，安居会为了慰劳卫兵团而委托制作饭菜。因此我想使用拉凯提卡大森林的暴食蟹，制作出具有这个城镇特色的蓝色浓汤。是不是感觉很适合他们呀？就拜托你去收集一些看上去很好吃的家伙吧。","食药工艺部的著名厨师：绍尔福特",6,"捕鱼人","水晶都",76,0,1,0,"拉凯提卡大森林","水晶都","未知钓场",24,False,"捕鱼人","捕鱼人理符任务",0,"水晶都","ui/icon/080000/080016.tex","指定采集：仙味的蓝色浓汤",True,0,1,2091086,2070,"LeveRewardItem#730","ui/icon/080000/080067.tex","ui/icon/080000/080005.tex","Level#7832811","ui/icon/110000/110183.tex",True,"Level#7980973","music/ffxiv/BGM_Leves.scd"
1563,"指定采集：关于致幻性菌类的医疗活用","<UIForeground>F201F4</UIForeground><UIGlow>F201F5</UIGlow>采集方法：刺鱼<UIGlow>01</UIGlow><UIForeground>01</UIForeground>
有推论说生长在天堂蟹身上的蘑菇会吸收宿主的以太。如果这种蘑菇也能吸收体内异常以太的话，那么对于身体的部分已经开始结晶化的“他”的病状改善或许也会起作用……拜托了，去收集检测样本来吧！","作物园艺馆研究员：艾登德丽达",6,"捕鱼人","水晶都",76,0,1,0,"伊尔美格","水晶都","未知钓场",22,False,"捕鱼人","捕鱼人理符任务",0,"水晶都","ui/icon/080000/080016.tex","指定采集：关于致幻性菌类的医疗活用",True,0,1,2091086,2070,"LeveRewardItem#730","ui/icon/080000/080067.tex","ui/icon/080000/080005.tex","Level#7832811","ui/icon/110000/110182.tex",True,"Level#7980958","music/ffxiv/BGM_Leves.scd"
1564,"大量采集：大型食用鱼养殖事业","<UIForeground>F201F4</UIForeground><UIGlow>F201F5</UIGlow>采集方法：钓鱼<UIGlow>01</UIGlow><UIForeground>01</UIForeground>
爱神卷贝的效果真是……回归正题吧。为了实现长期的渔业发展，我决定在阴沉乡兴起养殖事业。要养殖的是可以长得很大的珂露西亚岛的哲罗鱼。我希望你可以大量捕获会生幼鱼的成对的成年鱼。","水生资源部次长：戊·希尔",6,"捕鱼人","水晶都",76,0,1,0,"珂露西亚岛","水晶都","沃茨河上游",0,False,"捕鱼人","捕鱼人理符任务",0,"水晶都","ui/icon/080000/080016.tex","大量采集：大型食用鱼养殖事业",True,0,1,1254652,748,"LeveRewardItem#735","ui/icon/080000/080068.tex","ui/icon/080000/080005.tex","Level#7832811","ui/icon/110000/110156.tex",True,"Level#7980939","music/ffxiv/BGM_Leves.scd"
1565,"指定采集：养殖业稳定的秘策","<UIForeground>F201F4</UIForeground><UIGlow>F201F5</UIGlow>采集方法：钓鱼<UIGlow>01</UIGlow><UIForeground>01</UIForeground>
哲罗鱼长大居然需要10年时间！为了让养殖业稳定，似乎还需要养殖其他种类。于是我在博物陈列馆翻阅过资料之后，决定把拉凯提卡大森林的黑色三连星作为候补。请务必帮忙捕获。","水生资源部次长：戊·希尔",6,"捕鱼人","水晶都",78,0,1,0,"拉凯提卡大森林","水晶都","洛查特尔河",0,False,"捕鱼人","捕鱼人理符任务",0,"水晶都","ui/icon/080000/080016.tex","指定采集：养殖业稳定的秘策",True,0,1,2456744,2160,"LeveRewardItem#731","ui/icon/080000/080067.tex","ui/icon/080000/080005.tex","Level#7832811","ui/icon/110000/110159.tex",True,"Level#7980973","music/ffxiv/BGM_Leves.scd"
1566,"指定采集：关于深海生物的特殊以太器官","<UIForeground>F201F4</UIForeground><UIGlow>F201F5</UIGlow>采集方法：钓鱼<UIGlow>01</UIGlow><UIForeground>01</UIForeground>
像黑风海的青色海蜘蛛这种深海生物，由于捕获困难，因此研究一直都没什么进展。如果能够弄明白那特殊的以太器官的运作机理的话，那么从魔法学到医疗，其在各方面的应用都可以拭目以待了。请务必采集！","作物园艺馆研究员：艾登德丽达",6,"捕鱼人","水晶都",78,0,1,0,"黑风海","水晶都","尊紫洞",0,False,"捕鱼人","捕鱼人理符任务",0,"水晶都","ui/icon/080000/080016.tex","指定采集：关于深海生物的特殊以太器官",True,0,1,2456744,2160,"LeveRewardItem#731","ui/icon/080000/080067.tex","ui/icon/080000/080005.tex","Level#7832811","ui/icon/110000/110114.tex",True,"Level#9163356","music/ffxiv/BGM_Leves.scd"
1567,"大量采集：捕获六味的七色鳗鱼","<UIForeground>F201F4</UIForeground><UIGlow>F201F5</UIGlow>采集方法：钓鱼<UIGlow>01</UIGlow><UIForeground>01</UIForeground>
我听到了一个令人难以置信的传闻，据说有了可以前往黑风海海底的方法。这导致我对食物的探究之心马上就要爆发了。接下来我想使用黑风海的深海鱼斑点鳗制作出极品饭菜。拜托你帮忙收集到任我挑选的数量吧。","食药工艺部的招牌厨师：绍尔福特",6,"捕鱼人","水晶都",78,0,1,0,"黑风海","水晶都","陆人墓标",0,False,"捕鱼人","捕鱼人理符任务",0,"水晶都","ui/icon/080000/080016.tex","大量采集：捕获六味的七色鳗鱼",True,0,1,1474046,780,"LeveRewardItem#736","ui/icon/080000/080068.tex","ui/icon/080000/080005.tex","Level#7832811","ui/icon/110000/110114.tex",True,"Level#9163356","music/ffxiv/BGM_Leves.scd"
1568,"制作委托：研究转魂塔所需的木材","据说在东方地区，负责建造以太之光的是一批自称鬼师众的技术者团体。更令人震惊的是，他们建造以太之光时使用的主要材料竟然是木材。为了研究他们所掌握的这种特殊技术，特此申请马栗木材一批以供实验。","传送魔法研究所主任研究员：阿瓦贝恩",6,"刻木匠","旧萨雷安",80,0,1,0,"旧萨雷安","旧萨雷安","未知钓场",0,False,"刻木匠","刻木匠理符任务",0,"旧萨雷安","ui/icon/080000/080017.tex","制作委托：研究转魂塔所需的木材",True,0,1,724620,2450,"LeveRewardItem#752","ui/icon/080000/080033.tex","ui/icon/080000/080005.tex","Level#8860715","ui/icon/110000/110135.tex",True,,"music/ffxiv/BGM_Leves.scd"
1569,"制作委托：技术研发所需的砂轮","现我部门与可可罗工房携手，致力于合作研发某种革新性的技术，为此需要一种专用的、连一根头发丝的误差都不会产生的特殊控制组件。出于打磨调整这种组件的需要，特此申请高品质砂轮一台以供实验。","萨雷安魔法大学工程系副教授：加埃勒",6,"刻木匠","旧萨雷安",80,0,1,0,"旧萨雷安","旧萨雷安","未知钓场",0,False,"刻木匠","刻木匠理符任务",0,"旧萨雷安","ui/icon/080000/080017.tex","制作委托：技术研发所需的砂轮",True,0,1,935000,4900,"LeveRewardItem#754","ui/icon/080000/080033.tex","ui/icon/080000/080005.tex","Level#8860715","ui/icon/110000/110135.tex",True,,"music/ffxiv/BGM_Leves.scd"
1570,"制作委托：饰演佣兵队长所需的耳环","你知道«黄道勇士传奇»吗？就是那个有名的威风凛凛剧团之前公演的那部音乐剧，我们的研究会想要自行改编重演这部音乐剧。请做一副合适的耳环来搭配佣兵队长的戏服！","萨雷安魔法大学表演研究会：贝维斯",6,"刻木匠","旧萨雷安",82,0,1,0,"旧萨雷安","旧萨雷安","未知钓场",0,False,"刻木匠","刻木匠理符任务",0,"旧萨雷安","ui/icon/080000/080017.tex","制作委托：饰演佣兵队长所需的耳环",True,0,1,815150,2455,"LeveRewardItem#755","ui/icon/080000/080033.tex","ui/icon/080000/080005.tex","Level#8860715","ui/icon/110000/110135.tex",True,,"music/ffxiv/BGM_Leves.scd"
1571,"制作委托：对比实验所需的木质手镯","以太系那边发了订单来，说他们做对比实验还缺一只木质的手镯。说是什么……想要研究戴着金属手镯和木质手镯时，身上的以太循环有什么区别。请做一只棕榈木的手镯给我！","萨雷安魔法大学职员：奇伊·阿里亚珀",6,"刻木匠","旧萨雷安",82,0,1,0,"旧萨雷安","旧萨雷安","未知钓场",0,False,"刻木匠","刻木匠理符任务",0,"旧萨雷安","ui/icon/080000/080017.tex","制作委托：对比实验所需的木质手镯",True,0,1,846040,2460,"LeveRewardItem#755","ui/icon/080000/080033.tex","ui/icon/080000/080005.tex","Level#8860715","ui/icon/110000/110135.tex",True,,"music/ffxiv/BGM_Leves.scd"
1572,"制作委托：高以太传导率的木材","用马栗木建造的实验型木制以太之光，说白了就是彻底失败了。参与传送实验的实验员不幸因为失去以太之光而成了以太漂流者。为了进一步继续这项研究，特此申请以太传导率更高的红松木材一批以供实验。","传送魔法研究所主任研究员：阿瓦贝恩",6,"刻木匠","旧萨雷安",84,0,1,0,"旧萨雷安","旧萨雷安","未知钓场",0,False,"刻木匠","刻木匠理符任务",0,"旧萨雷安","ui/icon/080000/080017.tex","制作委托：高以太传导率的木材",True,0,1,933280,2470,"LeveRewardItem#753","ui/icon/080000/080033.tex","ui/icon/080000/080005.tex","Level#8860715","ui/icon/110000/110135.tex",True,,"music/ffxiv/BGM_Leves.scd"
1573,"制作委托：钓鱼贤人何去何从","议会就贤人称号是否应该授予“钓鱼”这个特定领域而展开了激烈的辩论。现在，辩论产生了阶段性的成果，人们认为评审委员会的成员至少应该对钓鱼有基础认识，为此萨雷安不日即将举办一场钓鱼大会。请制作一把大会用的品质优良的鱼竿。","贤人会事务局职员：萨珂珂",6,"刻木匠","旧萨雷安",84,0,1,0,"旧萨雷安","旧萨雷安","未知钓场",0,False,"刻木匠","刻木匠理符任务",0,"旧萨雷安","ui/icon/080000/080017.tex","制作委托：钓鱼贤人何去何从",True,0,1,1255600,4960,"LeveRewardItem#756","ui/icon/080000/080033.tex","ui/icon/080000/080005.tex","Level#8860715","ui/icon/110000/110135.tex",True,,"music/ffxiv/BGM_Leves.scd"
1574,"制作委托：扮演龙骑士所需的长枪","你知道“苍天幻想传”吗？是之前在黄金港的无地鼓座上演的武打舞台剧，负责剧本的是那位传说中的异邦诗人。我们的研究会想要自行改编重演这部武打舞台剧，请制作一把适合演员扮演龙骑士用的道具枪！","萨雷安魔法大学表演研究会：贝维斯",6,"刻木匠","旧萨雷安",86,0,1,0,"旧萨雷安","旧萨雷安","未知钓场",0,False,"刻木匠","刻木匠理符任务",0,"旧萨雷安","ui/icon/080000/080017.tex","制作委托：扮演龙骑士所需的长枪",True,0,1,2028020,4980,"LeveRewardItem#757","ui/icon/080000/080033.tex","ui/icon/080000/080005.tex","Level#8860715","ui/icon/110000/110135.tex",True,,"music/ffxiv/BGM_Leves.scd"
1575,"制作委托：副业所需的纺车","议会就贤人称号是否应该授予“钓鱼”这个特定领域的辩论始终没有结果。评审委员们自称为了理解钓鱼是什么而连日出海钓鱼消磨时间，说白了就是闲的。我也琢磨着是时候开始做副业了，请做一台合适的纺车给我！","贤人会事务局职员：萨珂珂",6,"刻木匠","旧萨雷安",86,0,1,0,"旧萨雷安","旧萨雷安","未知钓场",0,False,"刻木匠","刻木匠理符任务",0,"旧萨雷安","ui/icon/080000/080017.tex","制作委托：副业所需的纺车",True,0,1,1443780,5000,"LeveRewardItem#757","ui/icon/080000/080033.tex","ui/icon/080000/080005.tex","Level#8860715","ui/icon/110000/110135.tex",True,,"music/ffxiv/BGM_Leves.scd"
1576,"制作委托：加雷马帝国史II","加雷马帝国史如何在侵略他国化为行省后，成功将异国平民转化为自军军事力量，关于这几点的讨论及……你说什么？先告诉你订单要什么？行吧，你给我做一把讲课演示用魔导杖，要帝国提供给那些从行省强制征兵来的士兵的那种！","萨雷安魔法大学历史系特聘讲师：斯努哈厄",6,"刻木匠","旧萨雷安",88,0,1,0,"旧萨雷安","旧萨雷安","未知钓场",0,False,"刻木匠","刻木匠理符任务",0,"旧萨雷安","ui/icon/080000/080017.tex","制作委托：加雷马帝国史II",True,0,1,2297800,5020,"LeveRewardItem#758","ui/icon/080000/080033.tex","ui/icon/080000/080005.tex","Level#8860715","ui/icon/110000/110135.tex",True,,"music/ffxiv/BGM_Leves.scd"
1577,"制作委托：金奖得主的奖品项链","受到加雷马帝国举办的魔导展启发，萨雷安魔法大学即将举办一场技术展览会。为了表彰展览会中获得了最高荣誉的金奖获得者，需要准备一份配得上这份荣耀的奖品。请你务必制作一件完满木巧匠项链提供给组委会！","萨雷安魔法大学职员：奇伊·阿里亚珀",6,"刻木匠","旧萨雷安",88,0,1,0,"旧萨雷安","旧萨雷安","未知钓场",0,False,"刻木匠","刻木匠理符任务",0,"旧萨雷安","ui/icon/080000/080017.tex","制作委托：金奖得主的奖品项链",True,0,1,1457380,5040,"LeveRewardItem#758","ui/icon/080000/080033.tex","ui/icon/080000/080005.tex","Level#8860715","ui/icon/110000/110135.tex",True,,"music/ffxiv/BGM_Leves.scd"
1578,"制作委托：为特别演出准备的纪念品环刃","萨雷安魔法大学现在正在与拉札罕的著名舞蹈剧团法尔夏姆舞团进行积极磋商，希望能邀请剧团在萨雷安进行一场特别演出。请你制作一对环刃，这对环刃将作为纪念品赠送给舞团所属的舞者！","萨雷安魔法大学职员：奇伊·阿里亚珀",6,"锻铁匠","旧萨雷安",80,0,1,0,"旧萨雷安","旧萨雷安","未知钓场",0,False,"锻铁匠","锻铁匠理符任务",0,"旧萨雷安","ui/icon/080000/080017.tex","制作委托：为特别演出准备的纪念品环刃",True,0,1,1355750,4900,"LeveRewardItem#760","ui/icon/080000/080033.tex","ui/icon/080000/080005.tex","Level#8860715","ui/icon/110000/110135.tex",True,,"music/ffxiv/BGM_Leves.scd"
1579,"制作委托：打破壁垒的锯子","只有将特定领域的知识或技术学到极致，为该领域的发展做出贡献的人，才会被授予贤人称号。这种贤人制度必然有无法涵盖的角落，无数人都因此而被贤人会事务局拒之门外。请你准备一把能打破壁垒的锯子改变这种现状！","贤人会事务局职员：萨珂珂",6,"锻铁匠","旧萨雷安",80,0,1,0,"旧萨雷安","旧萨雷安","未知钓场",0,False,"锻铁匠","锻铁匠理符任务",0,"旧萨雷安","ui/icon/080000/080017.tex","制作委托：打破壁垒的锯子",True,0,1,935000,4900,"LeveRewardItem#760","ui/icon/080000/080033.tex","ui/icon/080000/080005.tex","Level#8860715","ui/icon/110000/110135.tex",True,,"music/ffxiv/BGM_Leves.scd"
1580,"制作委托：博兹雅史I","讨论博兹雅的历史，那就不得不谈到硌狮族的文化，尤其要对他们以女王为中心的独特社会构造有深刻完整的理解……你说什么？赶紧告诉你订单要什么？行吧，你给我做一把讲课演示用的枪刃吧！","萨雷安魔法大学历史系特聘讲师：斯努哈厄",6,"锻铁匠","旧萨雷安",82,0,1,0,"旧萨雷安","旧萨雷安","未知钓场",0,False,"锻铁匠","锻铁匠理符任务",0,"旧萨雷安","ui/icon/080000/080017.tex","制作委托：博兹雅史I",True,0,1,1525130,4910,"LeveRewardItem#761","ui/icon/080000/080033.tex","ui/icon/080000/080005.tex","Level#8860715","ui/icon/110000/110135.tex",True,,"music/ffxiv/BGM_Leves.scd"
1581,"制作委托：愿以这双剑表达我的决心","时隔数年，我又在街头邂逅了那个我憧憬的人。他因为野外生存和谍报工作的卓越能力取得了贤人的称号。我追随他走上同样的道路，也想让他看到我的成长，我希望我已经是个够实力让他夸赞的男人了，请做一对能让我在他面前更帅气的双剑吧！","不愿透露姓名的萨雷安魔法大学男性学员",6,"锻铁匠","旧萨雷安",82,0,1,0,"旧萨雷安","旧萨雷安","未知钓场",0,False,"锻铁匠","锻铁匠理符任务",0,"旧萨雷安","ui/icon/080000/080017.tex","制作委托：愿以这双剑表达我的决心",True,0,1,1582910,4920,"LeveRewardItem#761","ui/icon/080000/080033.tex","ui/icon/080000/080005.tex","Level#8860715","ui/icon/110000/110135.tex",True,,"music/ffxiv/BGM_Leves.scd"
1582,"制作委托：加雷马共和国史I","加雷马共和国是如何转型走上了君主专制的道路。要讨论这个方面的问题，就不得不提到他们的军队在魔导技术急遽发展之下的变革……你说什么？赶紧告诉你订单要什么？行吧，你给我做一把讲课演示用的钐镰客战镰！","萨雷安魔法大学历史系特聘讲师：斯努哈厄",6,"锻铁匠","旧萨雷安",84,0,1,0,"旧萨雷安","旧萨雷安","未知钓场",0,False,"锻铁匠","锻铁匠理符任务",0,"旧萨雷安","ui/icon/080000/080017.tex","制作委托：加雷马共和国史I",True,0,1,1746150,4940,"LeveRewardItem#762","ui/icon/080000/080033.tex","ui/icon/080000/080005.tex","Level#8860715","ui/icon/110000/110135.tex",True,,"music/ffxiv/BGM_Leves.scd"
1583,"制作委托：研发完美食料所需的研钵","我研究室的主要工作是研发完美食料。所谓完美食料，是能够提供维持生命活动所需的所有营养的食物。为了进一步的研发需要，我们采用了一种萨维奈式炼金术的技巧，因此需要品质优良的研钵一个，特此申请以供实验。","萨雷安魔法大学医学系教授：加尔韦罗什",6,"锻铁匠","旧萨雷安",84,0,1,0,"旧萨雷安","旧萨雷安","未知钓场",0,False,"锻铁匠","锻铁匠理符任务",0,"旧萨雷安","ui/icon/080000/080017.tex","制作委托：研发完美食料所需的研钵",True,0,1,1255600,4960,"LeveRewardItem#762","ui/icon/080000/080033.tex","ui/icon/080000/080005.tex","Level#8860715","ui/icon/110000/110135.tex",True,,"music/ffxiv/BGM_Leves.scd"
1584,"制作委托：高纯度的锰钢锭","我现在参加的这个研发计划，老实说是处处碰壁，想到唯一的办法就是尽可能多地尝试不同材料，就是所谓大胆尝试小心求证嘛。所以，我需要有人提供一些用于对比实验的高纯度金属锭。具体是什么研究你就别问了，我不会说的！","可可罗工房：可可罗·丹可罗",6,"锻铁匠","旧萨雷安",86,0,1,0,"旧萨雷安","旧萨雷安","未知钓场",0,False,"锻铁匠","锻铁匠理符任务",0,"旧萨雷安","ui/icon/080000/080017.tex","制作委托：高纯度的锰钢锭",True,0,1,1083940,2490,"LeveRewardItem#759","ui/icon/080000/080033.tex","ui/icon/080000/080005.tex","Level#8860715","ui/icon/110000/110135.tex",True,,"music/ffxiv/BGM_Leves.scd"
1585,"制作委托：打理庭园的工具","阿尔布莱特家家主，萨雷安占星术领域牵头人，真正的天才。上述的正是我家主人，主人他从不妥协，追求处处完美，连打理庭院这样的细节也会事事过问。为了满足他的需要，请你为我制作一把能够优雅地修建草坪的园艺镰。","阿尔布莱特家佣人",6,"锻铁匠","旧萨雷安",86,0,1,0,"旧萨雷安","旧萨雷安","未知钓场",0,False,"锻铁匠","锻铁匠理符任务",0,"旧萨雷安","ui/icon/080000/080017.tex","制作委托：打理庭园的工具",True,0,1,1443780,5000,"LeveRewardItem#763","ui/icon/080000/080033.tex","ui/icon/080000/080005.tex","Level#8860715","ui/icon/110000/110135.tex",True,,"music/ffxiv/BGM_Leves.scd"
1586,"制作委托：加雷马帝国史I","加雷马帝国是凭借了什么一统伊尔萨巴德？帝国在初期所使用的魔导兵器，与现代制式……你说什么？总之先告诉你订单要什么？行吧，给我做一把讲课演示用的初期型魔导战斧！","萨雷安魔法大学历史系特聘讲师：斯努哈厄",6,"锻铁匠","旧萨雷安",88,0,1,0,"旧萨雷安","旧萨雷安","未知钓场",0,False,"锻铁匠","锻铁匠理符任务",0,"旧萨雷安","ui/icon/080000/080017.tex","制作委托：加雷马帝国史I",True,0,1,2297800,5020,"LeveRewardItem#764","ui/icon/080000/080033.tex","ui/icon/080000/080005.tex","Level#8860715","ui/icon/110000/110135.tex",True,,"music/ffxiv/BGM_Leves.scd"
1587,"制作委托：组装控制组件所需的手钳","我部门与可可罗工房共同推进的某种革新性技术的研发终于渐入佳境。由于我部门负责的控制装置组件安装中容不得一丝误差，特此申请能够处理精密作业的结实手钳一把以供实验。","萨雷安魔法大学工程系副教授：加埃勒",6,"锻铁匠","旧萨雷安",88,0,1,0,"旧萨雷安","旧萨雷安","未知钓场",0,False,"锻铁匠","锻铁匠理符任务",0,"旧萨雷安","ui/icon/080000/080017.tex","制作委托：组装控制组件所需的手钳",True,0,1,1826850,5040,"LeveRewardItem#764","ui/icon/080000/080033.tex","ui/icon/080000/080005.tex","Level#8860715","ui/icon/110000/110135.tex",True,,"music/ffxiv/BGM_Leves.scd"
1588,"制作委托：高纯度的小辉翠银块","我这么忙哪有空下订单。听好了，你就按我说的写，一个字都别改知道吗？本来这东西应该我自己做的，但是我现在忙得别说手了脚都没空，没时间整这个。你找人给我做几个军用规格的高纯度辉翠银块，别问东问西的！","可可罗工房：可可罗·丹可罗",6,"铸甲匠","旧萨雷安",80,0,1,0,"旧萨雷安","旧萨雷安","未知钓场",0,False,"铸甲匠","铸甲匠理符任务",0,"旧萨雷安","ui/icon/080000/080017.tex","制作委托：高纯度的小辉翠银块",True,0,1,724620,2450,"LeveRewardItem#765","ui/icon/080000/080033.tex","ui/icon/080000/080005.tex","Level#8860715","ui/icon/110000/110135.tex",True,,"music/ffxiv/BGM_Leves.scd"
1589,"制作委托：硬邦邦的护臂","我梦寐以求的小店，武器店“硬邦邦全身甲”终于开张啦喵。小店经营范围虽广，但店长推荐必然是我的最爱，硬邦邦的重装甲喵。请你为我制作一副硬邦邦的护手，作为小店开店促销的明星产品喵。","武器店“硬邦邦全身甲”店主：雅·颂锦",6,"铸甲匠","旧萨雷安",80,0,1,0,"旧萨雷安","旧萨雷安","未知钓场",0,False,"铸甲匠","铸甲匠理符任务",0,"旧萨雷安","ui/icon/080000/080017.tex","制作委托：硬邦邦的护臂",True,0,1,935000,4900,"LeveRewardItem#767","ui/icon/080000/080033.tex","ui/icon/080000/080005.tex","Level#8860715","ui/icon/110000/110135.tex",True,,"music/ffxiv/BGM_Leves.scd"
1590,"制作委托：硬邦邦的手铠","感谢惠顾，武器店“硬邦邦全身甲”欢迎你喵。本店的店铺推荐，必然是我最心爱的硬邦邦的重装甲喵。我希望大家都能感受到被金属包裹的安全感喵。请你制作一副硬邦邦的手铠放在我的店铺里出售喵！","武器店“硬邦邦全身甲”店主：雅·颂锦",6,"铸甲匠","旧萨雷安",82,0,1,0,"旧萨雷安","旧萨雷安","未知钓场",0,False,"铸甲匠","铸甲匠理符任务",0,"旧萨雷安","ui/icon/080000/080017.tex","制作委托：硬邦邦的手铠",True,0,1,1051810,4910,"LeveRewardItem#768","ui/icon/080000/080033.tex","ui/icon/080000/080005.tex","Level#8860715","ui/icon/110000/110135.tex",True,,"music/ffxiv/BGM_Leves.scd"
1591,"制作委托：饰演佣兵队长所需的铠甲","你知道«黄道勇士传奇»吗？就是那个有名的威风凛凛剧团之前公演的那部音乐剧，我们的研究会想要自行改编重演这部音乐剧。请你制作一件适合扮演佣兵队长的演员穿的铠甲！","萨雷安魔法大学表演研究会：贝维斯",6,"铸甲匠","旧萨雷安",82,0,1,0,"旧萨雷安","旧萨雷安","未知钓场",0,False,"铸甲匠","铸甲匠理符任务",0,"旧萨雷安","ui/icon/080000/080017.tex","制作委托：饰演佣兵队长所需的铠甲",True,0,1,1582910,4920,"LeveRewardItem#768","ui/icon/080000/080033.tex","ui/icon/080000/080005.tex","Level#8860715","ui/icon/110000/110135.tex",True,,"music/ffxiv/BGM_Leves.scd"
1592,"制作委托：硬邦邦的铋金锭","感谢惠顾，武器店“硬邦邦全身甲”欢迎你喵。一个武器商人的成功，绝离不开优秀的售后服务喵。因此，小店现提供重装甲的免费修理服务喵。请你制作一些能修复损坏的装甲，把它们重新变得硬邦邦的铋金锭给我喵！","武器店“硬邦邦全身甲”店主：雅·颂锦",6,"铸甲匠","旧萨雷安",84,0,1,0,"旧萨雷安","旧萨雷安","未知钓场",0,False,"铸甲匠","铸甲匠理符任务",0,"旧萨雷安","ui/icon/080000/080017.tex","制作委托：硬邦邦的铋金锭",True,0,1,933280,2470,"LeveRewardItem#766","ui/icon/080000/080033.tex","ui/icon/080000/080005.tex","Level#8860715","ui/icon/110000/110135.tex",True,,"music/ffxiv/BGM_Leves.scd"
1593,"制作委托：研发完美食料所需的蒸馏器","我研究室的主要工作是研发完美食料。所谓完美食料，是能够提供维持生命活动所需的所有营养的食物。为了进一步地研发需要，我们采用了一种萨维奈式炼金术的技巧，因此需要品质优良的蒸馏器一个，特此申请以供实验。","萨雷安魔法大学医学系教授：加尔韦罗什",6,"铸甲匠","旧萨雷安",84,0,1,0,"旧萨雷安","旧萨雷安","未知钓场",0,False,"铸甲匠","铸甲匠理符任务",0,"旧萨雷安","ui/icon/080000/080017.tex","制作委托：研发完美食料所需的蒸馏器",True,0,1,1255600,4960,"LeveRewardItem#769","ui/icon/080000/080033.tex","ui/icon/080000/080005.tex","Level#8860715","ui/icon/110000/110135.tex",True,,"music/ffxiv/BGM_Leves.scd"
1594,"制作委托：硬邦邦的堕龙战盔","感谢惠顾，武器店“硬邦邦全身甲”欢迎你喵。为重装甲用户提供的免费服务大受好评，等回过神来算账时才发现亏了好多钱喵。跟表姐妹谈了这件事之后，她写了封满怀爱意的信来教训了我喵。为了扭亏为盈，请你制作这种头盔作为小店的商品出售喵！","武器店“硬邦邦全身甲”店主：雅·颂锦",6,"铸甲匠","旧萨雷安",86,0,1,0,"旧萨雷安","旧萨雷安","未知钓场",0,False,"铸甲匠","铸甲匠理符任务",0,"旧萨雷安","ui/icon/080000/080017.tex","制作委托：硬邦邦的堕龙战盔",True,0,1,1503270,4980,"LeveRewardItem#770","ui/icon/080000/080033.tex","ui/icon/080000/080005.tex","Level#8860715","ui/icon/110000/110135.tex",True,,"music/ffxiv/BGM_Leves.scd"
1595,"制作委托：新的陆行鸟煎锅","要想给食客们提供最美味的料理，做菜时使用的厨具就容不得丝毫马虎。因此，我打算把原来那套用旧了的厨具换掉。为了守护萨雷安的饮食文化，请你为我制作一个新的陆行鸟煎锅。","背水咖啡厅店主：迪康",6,"铸甲匠","旧萨雷安",86,0,1,0,"旧萨雷安","旧萨雷安","未知钓场",0,False,"铸甲匠","铸甲匠理符任务",0,"旧萨雷安","ui/icon/080000/080017.tex","制作委托：新的陆行鸟煎锅",True,0,1,1443780,5000,"LeveRewardItem#770","ui/icon/080000/080033.tex","ui/icon/080000/080005.tex","Level#8860715","ui/icon/110000/110135.tex",True,,"music/ffxiv/BGM_Leves.scd"
1596,"制作委托：软绵绵的咏咒手套","感谢惠顾，武器店“硬邦邦全身甲”欢迎你喵。多亏了表姐妹给的建议，我的小店终于不再亏损啦喵。我想请你为她做一件礼物感谢她，她的工作是在艾欧泽亚研究亚拉戈古代文明，我看软绵绵的咏咒手套应该很适合她喵。","武器店“硬邦邦全身甲”店主：雅·颂锦",6,"铸甲匠","旧萨雷安",88,0,1,0,"旧萨雷安","旧萨雷安","未知钓场",0,False,"铸甲匠","铸甲匠理符任务",0,"旧萨雷安","ui/icon/080000/080017.tex","制作委托：软绵绵的咏咒手套",True,0,1,1703250,5020,"LeveRewardItem#771","ui/icon/080000/080033.tex","ui/icon/080000/080005.tex","Level#8860715","ui/icon/110000/110135.tex",True,,"music/ffxiv/BGM_Leves.scd"
1597,"制作委托：比较结实的制敌上装","感谢惠顾，武器店“硬邦邦全身甲”欢迎你喵。表姐妹建议我说，推荐商品的时候不光要考虑自己的喜好，还要考虑顾客的需要喵。因此，请你为我做一件硬邦邦……不、比较结实的制敌上装作为商品出售喵！","武器店“硬邦邦全身甲”店主：雅·颂锦",6,"铸甲匠","旧萨雷安",88,0,1,0,"旧萨雷安","旧萨雷安","未知钓场",0,False,"铸甲匠","铸甲匠理符任务",0,"旧萨雷安","ui/icon/080000/080017.tex","制作委托：比较结实的制敌上装",True,0,1,2257300,5040,"LeveRewardItem#771","ui/icon/080000/080033.tex","ui/icon/080000/080005.tex","Level#8860715","ui/icon/110000/110135.tex",True,,"music/ffxiv/BGM_Leves.scd"
1598,"制作委托：为优秀毕业生准备的紫黄晶","萨雷安魔法大学一直都会为成绩优秀的毕业生赠送纪念品。象征“和谐”的紫黄晶更是每年必有的定例。请你为明年的毕业生准备一枚完美切割的紫黄晶！","萨雷安魔法大学职员：奇伊·阿里亚珀",6,"雕金匠","旧萨雷安",80,0,1,0,"旧萨雷安","旧萨雷安","未知钓场",0,False,"雕金匠","雕金匠理符任务",0,"旧萨雷安","ui/icon/080000/080017.tex","制作委托：为优秀毕业生准备的紫黄晶",True,0,1,724620,2450,"LeveRewardItem#772","ui/icon/080000/080033.tex","ui/icon/080000/080005.tex","Level#8860715","ui/icon/110000/110135.tex",True,,"music/ffxiv/BGM_Leves.scd"
1599,"制作委托：硬邦邦的戒指","我梦寐以求的小店，武器店“硬邦邦全身甲”终于开张啦喵。小店经营范围虽广，但店长推荐必然是我的最爱，硬邦邦的重装甲喵。一处硬邦邦，全身硬邦邦，就算是手甲底下看不到的手指也必须硬邦邦。请你制作硬邦邦的戒指做商品出售吧喵。","武器店“硬邦邦全身甲”店主：雅·颂锦",6,"雕金匠","旧萨雷安",80,0,1,0,"旧萨雷安","旧萨雷安","未知钓场",0,False,"雕金匠","雕金匠理符任务",0,"旧萨雷安","ui/icon/080000/080017.tex","制作委托：硬邦邦的戒指",True,0,1,514250,2450,"LeveRewardItem#774","ui/icon/080000/080033.tex","ui/icon/080000/080005.tex","Level#8860715","ui/icon/110000/110135.tex",True,,"music/ffxiv/BGM_Leves.scd"
1600,"制作委托：新人贤者的诊疗用贤具","大约半年前，我手下的一个贤者失联了。离奇失踪的那个贤者，以前让他连着上班几百天都没听他抱怨过一句。真不明白这么敬业的一个人，怎么就突然扔下工作一走了之了呢？后来，我们只好又重新雇了一个有前途的年轻贤者代替他，请你为这个年轻新人制作一套诊疗用的贤具。","自然生命院所属贤者：塔瓦凌·斯凯",6,"雕金匠","旧萨雷安",82,0,1,0,"旧萨雷安","旧萨雷安","未知钓场",0,False,"雕金匠","雕金匠理符任务",0,"旧萨雷安","ui/icon/080000/080017.tex","制作委托：新人贤者的诊疗用贤具",True,0,1,1525130,4910,"LeveRewardItem#775","ui/icon/080000/080033.tex","ui/icon/080000/080005.tex","Level#8860715","ui/icon/110000/110135.tex",True,,"music/ffxiv/BGM_Leves.scd"
1601,"制作委托：惩罚用的项环","以惩治违反校规的不良学生为己任，校园中的黑暗……啊不、正义组织，学生惩罚委员会发来了一份订单，他们需要一枚白镴项环。这个项环究竟是做什么用的，我实在是不想知道所以就没敢多问，这件事就拜托你了！","萨雷安魔法大学职员：奇伊·阿里亚珀",6,"雕金匠","旧萨雷安",82,0,1,0,"旧萨雷安","旧萨雷安","未知钓场",0,False,"雕金匠","雕金匠理符任务",0,"旧萨雷安","ui/icon/080000/080017.tex","制作委托：惩罚用的项环",True,0,1,846040,2460,"LeveRewardItem#775","ui/icon/080000/080033.tex","ui/icon/080000/080005.tex","Level#8860715","ui/icon/110000/110135.tex",True,,"music/ffxiv/BGM_Leves.scd"
1602,"制作委托：高纯度的弗里金锭","本来这种事情是不该交给外人的，但是现在研发遇到了困难。我没空去摆弄这种细枝末节的小材料。收到这份委托的工匠你听好了，我们完全信任你的能力而将这件事委托给你。高纯度的弗里金锭就劳驾你来做啦！","可可罗工房：可可罗·丹可罗",6,"雕金匠","旧萨雷安",84,0,1,0,"旧萨雷安","旧萨雷安","未知钓场",0,False,"雕金匠","雕金匠理符任务",0,"旧萨雷安","ui/icon/080000/080017.tex","制作委托：高纯度的弗里金锭",True,0,1,933280,2470,"LeveRewardItem#773","ui/icon/080000/080033.tex","ui/icon/080000/080005.tex","Level#8860715","ui/icon/110000/110135.tex",True,,"music/ffxiv/BGM_Leves.scd"
1603,"制作委托：为贤者制作的耳饰","本院作为医疗设施，力求为大家提供最好的治疗服务，为此计划更新所有在院贤者的装备。这其中的一环，就是为他们配备有助于体内以太循环的首饰，需要麻烦你代为制作。你看耳环就选弗里金做的如何？","自然生命院所属贤者：塔瓦凌·斯凯",6,"雕金匠","旧萨雷安",84,0,1,0,"旧萨雷安","旧萨雷安","未知钓场",0,False,"雕金匠","雕金匠理符任务",0,"旧萨雷安","ui/icon/080000/080017.tex","制作委托：为贤者制作的耳饰",True,0,1,1067020,4960,"LeveRewardItem#776","ui/icon/080000/080033.tex","ui/icon/080000/080005.tex","Level#8860715","ui/icon/110000/110135.tex",True,,"music/ffxiv/BGM_Leves.scd"
1604,"制作委托：修炼用的锰钢刺剑","我最近发现，我崇拜的那位名门出身的大小姐正在使用一种崭新的方式战斗。她的英姿简直比海神利姆莱茵，不、比战神哈罗妮还要威风凛凛。请务必给我一个机会，让我追随她的脚步。你愿意为我制作一把锰钢刺剑用来练习吗？","不便透露姓名的萨雷安魔法大学女性学员",6,"雕金匠","旧萨雷安",86,0,1,0,"旧萨雷安","旧萨雷安","未知钓场",0,False,"雕金匠","雕金匠理符任务",0,"旧萨雷安","ui/icon/080000/080017.tex","制作委托：修炼用的锰钢刺剑",True,0,1,2028020,4980,"LeveRewardItem#777","ui/icon/080000/080033.tex","ui/icon/080000/080005.tex","Level#8860715","ui/icon/110000/110135.tex",True,,"music/ffxiv/BGM_Leves.scd"
1605,"制作委托：修复书籍用的缝针","状态不佳的书籍如何恢复如初，其实考验的也是修复工具的品质。影响尤甚的就是装订书籍时使用的缝针，无论是针的粗细、柔韧性以及笔直的程度，都会影响修复的效果。所以，我才希望你制作出来的是一根方方面面都符合要求的顶级缝针。","所思大书院司书：伊西尔希斯",6,"雕金匠","旧萨雷安",86,0,1,0,"旧萨雷安","旧萨雷安","未知钓场",0,False,"雕金匠","雕金匠理符任务",0,"旧萨雷安","ui/icon/080000/080017.tex","制作委托：修复书籍用的缝针",True,0,1,1443780,5000,"LeveRewardItem#777","ui/icon/080000/080033.tex","ui/icon/080000/080005.tex","Level#8860715","ui/icon/110000/110135.tex",True,,"music/ffxiv/BGM_Leves.scd"
1606,"制作委托：书写论文用的天球仪","阿尔布莱特家家主，萨雷安占星术领域牵头人，真正的天才，上述的正是我家主人。主人他最近正在书写一篇论文，旨在论述其他国家生产的天球仪形制等，因此需要一台基于魔导装置的精美天球仪作为参考。请你务必精心制作。","阿尔布莱特家佣人",6,"雕金匠","旧萨雷安",88,0,1,0,"旧萨雷安","旧萨雷安","未知钓场",0,False,"雕金匠","雕金匠理符任务",0,"旧萨雷安","ui/icon/080000/080017.tex","制作委托：书写论文用的天球仪",True,0,1,2297800,5020,"LeveRewardItem#778","ui/icon/080000/080033.tex","ui/icon/080000/080005.tex","Level#8860715","ui/icon/110000/110135.tex",True,,"music/ffxiv/BGM_Leves.scd"
1607,"制作委托：奖励竞赛胜利者的手镯","无论遭遇怎样的艰难险阻，我也永远是维护大学稳定运行的大学职员。综上所述，我现在正在为第138次岛内生存学院间对抗竞赛的举办做准备。请你制作一只星点石英精准腕带作为获胜者的奖品！","萨雷安魔法大学职员：奇伊·阿里亚珀",6,"雕金匠","旧萨雷安",88,0,1,0,"旧萨雷安","旧萨雷安","未知钓场",0,False,"雕金匠","雕金匠理符任务",0,"旧萨雷安","ui/icon/080000/080017.tex","制作委托：奖励竞赛胜利者的手镯",True,0,1,1395490,5040,"LeveRewardItem#778","ui/icon/080000/080033.tex","ui/icon/080000/080005.tex","Level#8860715","ui/icon/110000/110135.tex",True,,"music/ffxiv/BGM_Leves.scd"
1608,"制作委托：修复封面所需的伽迦象革","皮质封面的书籍一旦管理不善，封面部分就很容易皲裂受损无法辨认。近期从萨维奈岛采购的书籍就发生了类似的事故，导致好几本书的封面需要重新张贴修复……因此，需要你提供一些原产萨维奈岛的伽迦象革。","所思大书院司书：伊西尔希斯",6,"制革匠","旧萨雷安",80,0,1,0,"旧萨雷安","旧萨雷安","未知钓场",0,False,"制革匠","制革匠理符任务",0,"旧萨雷安","ui/icon/080000/080017.tex","制作委托：修复封面所需的伽迦象革",True,0,1,724620,2450,"LeveRewardItem#786","ui/icon/080000/080033.tex","ui/icon/080000/080005.tex","Level#8860715","ui/icon/110000/110135.tex",True,,"music/ffxiv/BGM_Leves.scd"
1609,"制作委托：伽迦象革制作的足袋","靴子，靴子真的很好。尤其是皮靴，有一种特别的香、我是说风格。足袋，足袋也好。足袋是极具魅力的东方文化结晶。啊！想象一下这两者的结合，这是何等震撼人心的相遇啊！请立刻给我准备一双芬芳美妙的伽迦象革足袋！","靴子收藏家：茶帕斯·珀尔帕斯",6,"制革匠","旧萨雷安",80,0,1,0,"旧萨雷安","旧萨雷安","未知钓场",0,False,"制革匠","制革匠理符任务",0,"旧萨雷安","ui/icon/080000/080017.tex","制作委托：伽迦象革制作的足袋",True,0,1,935000,4900,"LeveRewardItem#788","ui/icon/080000/080033.tex","ui/icon/080000/080005.tex","Level#8860715","ui/icon/110000/110135.tex",True,,"music/ffxiv/BGM_Leves.scd"
1610,"制作委托：山鸡革制作的矮靴","靴子，靴子真的很好。靴子最感人的特质就是，靴子越长穿起来腿就显得越长。不但精灵穿靴子腿长，连拉拉菲尔穿靴子都会显得腿长。啊！想象一下吧，这是何等扣人心弦的美景啊！请你立刻为我准备一双芬芳美妙的山鸡革矮靴！","靴子收藏家：茶帕斯·珀尔帕斯",6,"制革匠","旧萨雷安",82,0,1,0,"旧萨雷安","旧萨雷安","未知钓场",0,False,"制革匠","制革匠理符任务",0,"旧萨雷安","ui/icon/080000/080017.tex","制作委托：山鸡革制作的矮靴",True,0,1,1051810,4910,"LeveRewardItem#789","ui/icon/080000/080033.tex","ui/icon/080000/080005.tex","Level#8860715","ui/icon/110000/110135.tex",True,,"music/ffxiv/BGM_Leves.scd"
1611,"制作委托：愿以这游击短衣表达我的决心","时隔数年，我又在街头邂逅了那个我憧憬的人。他因为野外生存和谍报工作的卓越能力，取得了贤人的称号。我追随他走上同样的道路，也想让他看到我的成长，我希望我已经是个够实力让他夸赞的男人了，请做一件能让我在他面前更帅气的游击短衣吧！","不愿透露姓名的萨雷安魔法大学男性学员",6,"制革匠","旧萨雷安",82,0,1,0,"旧萨雷安","旧萨雷安","未知钓场",0,False,"制革匠","制革匠理符任务",0,"旧萨雷安","ui/icon/080000/080017.tex","制作委托：愿以这游击短衣表达我的决心",True,0,1,1582910,4920,"LeveRewardItem#789","ui/icon/080000/080033.tex","ui/icon/080000/080005.tex","Level#8860715","ui/icon/110000/110135.tex",True,,"music/ffxiv/BGM_Leves.scd"
1612,"制作委托：修复封面所需的赛加羚羊革","加雷马帝国的内战导致了大量的流亡者。流亡者在逃亡途中放弃了他们的藏书，使得大量的珍贵书籍流入了古书市场，最后辗转成为了我们的藏品。书籍中的一部分状态不佳，需要修复损坏的封面。请你提供一些原产加雷马的赛加羚羊革。","所思大书院司书：伊西尔希斯",6,"制革匠","旧萨雷安",84,0,1,0,"旧萨雷安","旧萨雷安","未知钓场",0,False,"制革匠","制革匠理符任务",0,"旧萨雷安","ui/icon/080000/080017.tex","制作委托：修复封面所需的赛加羚羊革",True,0,1,933280,2470,"LeveRewardItem#787","ui/icon/080000/080033.tex","ui/icon/080000/080005.tex","Level#8860715","ui/icon/110000/110135.tex",True,,"music/ffxiv/BGM_Leves.scd"
1613,"制作委托：愿以这御敌外套表达我的决心","我终于和憧憬的人说上了话。结果那个人的战斗方式竟然完全变了……他这人真有点厉害哈，就那么几年里竟然学成了绝枪战士的本领。我也想像他那样，请你给我做一件帅气的外套。","不愿透露姓名的萨雷安魔法大学男性学员",6,"制革匠","旧萨雷安",84,0,1,0,"旧萨雷安","旧萨雷安","未知钓场",0,False,"制革匠","制革匠理符任务",0,"旧萨雷安","ui/icon/080000/080017.tex","制作委托：愿以这御敌外套表达我的决心",True,0,1,1725980,4960,"LeveRewardItem#790","ui/icon/080000/080033.tex","ui/icon/080000/080005.tex","Level#8860715","ui/icon/110000/110135.tex",True,,"music/ffxiv/BGM_Leves.scd"
1614,"制作委托：令人恐惧的手套","专职处置那些违反了校规的不良学生，校园中的正义组织，学生惩罚委员会那边来了一份订单。他们下单了一种令人毛骨悚然的可怕手套。漆黑的、宛如狮鹫一般的可怖指甲……他们真的不是什么邪恶的黑暗组织吗？","萨雷安魔法大学职员：奇伊·阿里亚珀",6,"制革匠","旧萨雷安",86,0,1,0,"旧萨雷安","旧萨雷安","未知钓场",0,False,"制革匠","制革匠理符任务",0,"旧萨雷安","ui/icon/080000/080017.tex","制作委托：令人恐惧的手套",True,0,1,1503270,4980,"LeveRewardItem#791","ui/icon/080000/080033.tex","ui/icon/080000/080005.tex","Level#8860715","ui/icon/110000/110135.tex",True,,"music/ffxiv/BGM_Leves.scd"
1615,"制作委托：金毗罗鳄革制作的工作靴","靴子，靴子真的很好。我跟你说，我想出了一个好主意。我经常承蒙一位拾穗人的照顾，打算送一双新的工作鞋给他作为谢礼。当然了，他穿旧了的那双不要的靴子，我就可以回收过来了。啊！光是想象一下我就期待……总之，请你给我做一双优质的工作靴！","靴子收藏家：茶帕斯·珀尔帕斯",6,"制革匠","旧萨雷安",86,0,1,0,"旧萨雷安","旧萨雷安","未知钓场",0,False,"制革匠","制革匠理符任务",0,"旧萨雷安","ui/icon/080000/080017.tex","制作委托：金毗罗鳄革制作的工作靴",True,0,1,1443780,5000,"LeveRewardItem#791","ui/icon/080000/080033.tex","ui/icon/080000/080005.tex","Level#8860715","ui/icon/110000/110135.tex",True,,"music/ffxiv/BGM_Leves.scd"
1616,"制作委托：蛇牛革制作的长靴","靴子，靴子真的很好。我打算赠送一批治疗师用的长靴给附近的治疗设施自然生命院。当然了，那些治疗师们穿旧了不要的长靴，我都会回收过来的。啊！是我梦寐以求的为这个社会做贡献的机会，真是太好了。拜托了，请你给我做一双漂亮的长靴！","靴子收藏家：茶帕斯·珀尔帕斯",6,"制革匠","旧萨雷安",88,0,1,0,"旧萨雷安","旧萨雷安","未知钓场",0,False,"制革匠","制革匠理符任务",0,"旧萨雷安","ui/icon/080000/080017.tex","制作委托：蛇牛革制作的长靴",True,0,1,1703250,5020,"LeveRewardItem#792","ui/icon/080000/080033.tex","ui/icon/080000/080005.tex","Level#8860715","ui/icon/110000/110135.tex",True,,"music/ffxiv/BGM_Leves.scd"
1617,"制作委托：为优秀拾穗人准备的报酬","我们准备为一位十分有能力的拾穗人颁发特别的奖赏。嘉奖她在不久之前完成了哲学家议会的重要委托，采集到了十分贵重的西大陆矿物资源。我们希望这份奖赏能够衬托出她专业采集者的身份。请你使用蛇牛革为她制作这只手镯。","拾穗人总会：埃伦维尔",6,"制革匠","旧萨雷安",88,0,1,0,"旧萨雷安","旧萨雷安","未知钓场",0,False,"制革匠","制革匠理符任务",0,"旧萨雷安","ui/icon/080000/080017.tex","制作委托：为优秀拾穗人准备的报酬",True,0,1,1457380,5040,"LeveRewardItem#792","ui/icon/080000/080033.tex","ui/icon/080000/080005.tex","Level#8860715","ui/icon/110000/110135.tex",True,,"music/ffxiv/BGM_Leves.scd"
1618,"制作委托：密密层层的黑麻布","我梦寐以求的小店，武器店“硬邦邦全身甲”终于开张啦喵。小店经营范围虽广，但店长推荐必然是我的最爱，硬邦邦的重装甲喵。为了运输这些硬邦邦的重甲，请你提供捆包用的密密层层的黑麻布喵。","武器店“硬邦邦全身甲”店主：雅·颂锦",6,"裁衣匠","旧萨雷安",80,0,1,0,"旧萨雷安","旧萨雷安","未知钓场",0,False,"裁衣匠","裁衣匠理符任务",0,"旧萨雷安","ui/icon/080000/080017.tex","制作委托：密密层层的黑麻布",True,0,1,724620,2450,"LeveRewardItem#779","ui/icon/080000/080033.tex","ui/icon/080000/080005.tex","Level#8860715","ui/icon/110000/110135.tex",True,,"music/ffxiv/BGM_Leves.scd"
1619,"制作委托：实操考试用的治愈手套","贤学是一门综合了医学、以太学、魔法学的复合型学科，学科要求所有钻研这门学问的学生都必须博学广识见闻丰富。因此，任何人在加入贤学相关的研究室之前都要经过十分严格的测试……请你制作一副足以应对这场测试的治愈手套！","萨雷安魔法大学职员：奇伊·阿里亚珀",6,"裁衣匠","旧萨雷安",80,0,1,0,"旧萨雷安","旧萨雷安","未知钓场",0,False,"裁衣匠","裁衣匠理符任务",0,"旧萨雷安","ui/icon/080000/080017.tex","制作委托：实操考试用的治愈手套",True,0,1,935000,4900,"LeveRewardItem#781","ui/icon/080000/080033.tex","ui/icon/080000/080005.tex","Level#8860715","ui/icon/110000/110135.tex",True,,"music/ffxiv/BGM_Leves.scd"
1620,"制作委托：法师帽的替代品","前几天，在魔法系的课堂上发生了一起惨绝人寰的事故。火焰魔法操作不当引发了爆炸，热浪致使包括指导教官在内的师生共计8名失去了他们宝贵的帽子和头发……事不宜迟，请尽快为他们提供新的代用品咏咒礼帽！","萨雷安魔法大学职员：奇伊·阿里亚珀",6,"裁衣匠","旧萨雷安",82,0,1,0,"旧萨雷安","旧萨雷安","未知钓场",0,False,"裁衣匠","裁衣匠理符任务",0,"旧萨雷安","ui/icon/080000/080017.tex","制作委托：法师帽的替代品",True,0,1,1051810,4910,"LeveRewardItem#782","ui/icon/080000/080033.tex","ui/icon/080000/080005.tex","Level#8860715","ui/icon/110000/110135.tex",True,,"music/ffxiv/BGM_Leves.scd"
1621,"制作委托：崭新的白大褂","大约半年前，我手下的一个贤者失联了。离奇失踪的那个贤者，以前让他连着上班几百天都没听他抱怨过一句。真不明白这么敬业的一个人，怎么就突然扔下工作一走了之了呢？受到这件事的影响，我们决定更新在职贤者的工作服以提升这份工作的魅力，请你为我们制作一件崭新的白大褂。","自然生命院所属贤者：塔瓦凌·斯凯",6,"裁衣匠","旧萨雷安",82,0,1,0,"旧萨雷安","旧萨雷安","未知钓场",0,False,"裁衣匠","裁衣匠理符任务",0,"旧萨雷安","ui/icon/080000/080017.tex","制作委托：崭新的白大褂",True,0,1,1582910,4920,"LeveRewardItem#782","ui/icon/080000/080033.tex","ui/icon/080000/080005.tex","Level#8860715","ui/icon/110000/110135.tex",True,,"music/ffxiv/BGM_Leves.scd"
1622,"制作委托：亮闪闪的雪亚麻布","感谢惠顾，武器店“硬邦邦全身甲”欢迎你喵。一个武器商人的成功，绝离不开优秀的售后服务喵。因此，小店现提供重装甲的免费修理服务喵。请你制作一些能打磨重装甲，把它们重新变得亮闪闪的雪亚麻布喵！","武器店“硬邦邦全身甲”店主：雅·颂锦",6,"裁衣匠","旧萨雷安",84,0,1,0,"旧萨雷安","旧萨雷安","未知钓场",0,False,"裁衣匠","裁衣匠理符任务",0,"旧萨雷安","ui/icon/080000/080017.tex","制作委托：亮闪闪的雪亚麻布",True,0,1,933280,2470,"LeveRewardItem#780","ui/icon/080000/080033.tex","ui/icon/080000/080005.tex","Level#8860715","ui/icon/110000/110135.tex",True,,"music/ffxiv/BGM_Leves.scd"
1623,"制作委托：探望用的礼物头巾","工房里有个年轻人因为过劳而病倒了。把他们逼到这个份上，完全是我这个工房长的失职。我想我至少应该送一些慰问品给他，鼓励他早日恢复健康。我希望这是一件配得上他那样一个有责任心的工人的礼物，请你制作一件优质头巾给我吧。","可可罗工房：可可罗·丹可罗",6,"裁衣匠","旧萨雷安",84,0,1,0,"旧萨雷安","旧萨雷安","未知钓场",0,False,"裁衣匠","裁衣匠理符任务",0,"旧萨雷安","ui/icon/080000/080017.tex","制作委托：探望用的礼物头巾",True,0,1,1255600,4960,"LeveRewardItem#783","ui/icon/080000/080033.tex","ui/icon/080000/080005.tex","Level#8860715","ui/icon/110000/110135.tex",True,,"music/ffxiv/BGM_Leves.scd"
1624,"制作委托：软绵绵的升龙束膝裤","感谢惠顾，武器店“硬邦邦全身甲”欢迎你喵。过于专注于硬邦邦重装甲的我遭遇了意料之外的大亏损，多亏了有表姐妹的说教我才能重新调整经营策略喵。因此，为了开发新顾客，请你为我制作一件软绵绵的升龙束膝裤作为商品售卖喵。","武器店“硬邦邦全身甲”店主：雅·颂锦",6,"裁衣匠","旧萨雷安",86,0,1,0,"旧萨雷安","旧萨雷安","未知钓场",0,False,"裁衣匠","裁衣匠理符任务",0,"旧萨雷安","ui/icon/080000/080017.tex","制作委托：软绵绵的升龙束膝裤",True,0,1,1922600,4980,"LeveRewardItem#784","ui/icon/080000/080033.tex","ui/icon/080000/080005.tex","Level#8860715","ui/icon/110000/110135.tex",True,,"music/ffxiv/BGM_Leves.scd"
1625,"制作委托：为引退者提供的纪念品","有一位老练且技艺精湛的拾穗人前辈因为年龄的原因准备退休了。为了表彰和感谢她多年来对拾穗人总会做出的莫大贡献，我们希望能为她准备一份薄礼。请制作一顶配得上她这样一位采集者的贝雷帽吧！","拾穗人总会：埃伦维尔",6,"裁衣匠","旧萨雷安",86,0,1,0,"旧萨雷安","旧萨雷安","未知钓场",0,False,"裁衣匠","裁衣匠理符任务",0,"旧萨雷安","ui/icon/080000/080017.tex","制作委托：为引退者提供的纪念品",True,0,1,1443780,5000,"LeveRewardItem#784","ui/icon/080000/080033.tex","ui/icon/080000/080005.tex","Level#8860715","ui/icon/110000/110135.tex",True,,"music/ffxiv/BGM_Leves.scd"
1626,"制作委托：进行比较参考所需的帽子","拥有杰出能力和知识的裁衣工匠是否应该获得“贤人”这个称号。为了对这位候选贤人的技能做出客观的评审，需要在这方面足以称为专家的熟练裁衣匠拾穗人提供一件能够与之相比较的作品，请你制作一顶绒制的帽子以供我们参考。","贤人会事务局职员：萨珂珂",6,"裁衣匠","旧萨雷安",88,0,1,0,"旧萨雷安","旧萨雷安","未知钓场",0,False,"裁衣匠","裁衣匠理符任务",0,"旧萨雷安","ui/icon/080000/080017.tex","制作委托：进行比较参考所需的帽子",True,0,1,1703250,5020,"LeveRewardItem#785","ui/icon/080000/080033.tex","ui/icon/080000/080005.tex","Level#8860715","ui/icon/110000/110135.tex",True,,"music/ffxiv/BGM_Leves.scd"
1627,"制作委托：软绵绵的游击打底裤","感谢惠顾，武器店“硬邦邦全身甲”欢迎你喵。表姐妹的建议帮助我的武器店从亏损中成功脱身啦喵。人生只有硬邦邦果然行不通呢，偶尔也要服软才行喵。请你做一件软绵绵的游击打底裤做商品出售吧喵。","武器店“硬邦邦全身甲”店主：雅·颂锦",6,"裁衣匠","旧萨雷安",88,0,1,0,"旧萨雷安","旧萨雷安","未知钓场",0,False,"裁衣匠","裁衣匠理符任务",0,"旧萨雷安","ui/icon/080000/080017.tex","制作委托：软绵绵的游击打底裤",True,0,1,2257300,5040,"LeveRewardItem#785","ui/icon/080000/080033.tex","ui/icon/080000/080005.tex","Level#8860715","ui/icon/110000/110135.tex",True,,"music/ffxiv/BGM_Leves.scd"
1628,"制作委托：考试学习用的墨水","我志愿报考萨雷安魔法大学加入石像研究会。怀揣这个梦想的我在入学考试中失败了五次……已经是第六次参加考试的我这一次必须合格。请你为我准备考前学习时不可或缺的必需品墨水！","复读生：本格尔",6,"炼金术士","旧萨雷安",80,0,1,0,"旧萨雷安","旧萨雷安","未知钓场",0,False,"炼金术士","炼金术士理符任务",0,"旧萨雷安","ui/icon/080000/080017.tex","制作委托：考试学习用的墨水",True,0,1,724620,2450,"LeveRewardItem#793","ui/icon/080000/080033.tex","ui/icon/080000/080005.tex","Level#8860715","ui/icon/110000/110135.tex",True,,"music/ffxiv/BGM_Leves.scd"
1629,"制作委托：使用伽迦象革装订的魔导书","所思大书院正在计划扩充所藏魔导书的数量。考虑到这是所思大书院过去不曾涉及过的领域，这一次尤其希望能增加近东地区特有的魔导书数量。因此，希望你能提供一本使用了萨维奈产的伽迦象革装订的魔导书。","所思大书院司书：伊西尔希斯",6,"炼金术士","旧萨雷安",80,0,1,0,"旧萨雷安","旧萨雷安","未知钓场",0,False,"炼金术士","炼金术士理符任务",0,"旧萨雷安","ui/icon/080000/080017.tex","制作委托：使用伽迦象革装订的魔导书",True,0,1,1355750,4900,"LeveRewardItem#795","ui/icon/080000/080033.tex","ui/icon/080000/080005.tex","Level#8860715","ui/icon/110000/110135.tex",True,,"music/ffxiv/BGM_Leves.scd"
1630,"制作委托：使用山鸡革装订的魔导书","使用有限的材料，工匠能制作出怎样的魔导书？这种魔导书的上限又在哪里？根据大学上层部门的指示，我们计划对此展开调查。限制条件为“必须使用迷津出产的皮革材料”。希望你能提供一本使用山鸡革装订的魔导书。","所思大书院司书：伊西尔希斯",6,"炼金术士","旧萨雷安",82,0,1,0,"旧萨雷安","旧萨雷安","未知钓场",0,False,"炼金术士","炼金术士理符任务",0,"旧萨雷安","ui/icon/080000/080017.tex","制作委托：使用山鸡革装订的魔导书",True,0,1,1525130,4910,"LeveRewardItem#796","ui/icon/080000/080033.tex","ui/icon/080000/080005.tex","Level#8860715","ui/icon/110000/110135.tex",True,,"music/ffxiv/BGM_Leves.scd"
1631,"制作委托：磨炼眼力的炼金药","我正在备考萨雷安魔法大学艺术系……然而我越是渴望上榜，我的心就越是不安，我总觉得我审美方面的眼光不够好，眼力不够。为了能够成功通过考试，我需要一些能够锻炼我的眼力的炼金药，这对我很重要，请你一定要帮这个忙。","复读生：本格尔",6,"炼金术士","旧萨雷安",82,0,1,0,"旧萨雷安","旧萨雷安","未知钓场",0,False,"炼金术士","炼金术士理符任务",0,"旧萨雷安","ui/icon/080000/080017.tex","制作委托：磨炼眼力的炼金药",True,0,1,846040,2460,"LeveRewardItem#794","ui/icon/080000/080033.tex","ui/icon/080000/080005.tex","Level#8860715","ui/icon/110000/110135.tex",True,,"music/ffxiv/BGM_Leves.scd"
1632,"制作委托：使用赛加羚羊革装订的魔导书","聚居在伊尔萨巴德大陆中部山脉地区的鲁加族，过去曾以出色的魔法能力闻名天下。现在，他们受到帝国压迫，死伤过半、分崩离析，惯用的魔导书也不见了踪影。传说中这些鲁加族惯用的魔导书是使用赛加羚羊革装订的，希望你能用你的技巧重现这种魔法书。","所思大书院司书：伊西尔希斯",6,"炼金术士","旧萨雷安",84,0,1,0,"旧萨雷安","旧萨雷安","未知钓场",0,False,"炼金术士","炼金术士理符任务",0,"旧萨雷安","ui/icon/080000/080017.tex","制作委托：使用赛加羚羊革装订的魔导书",True,0,1,1746150,4940,"LeveRewardItem#797","ui/icon/080000/080033.tex","ui/icon/080000/080005.tex","Level#8860715","ui/icon/110000/110135.tex",True,,"music/ffxiv/BGM_Leves.scd"
1633,"制作委托：专心工作用的炼金药","越是接近考试的日子，我的心里就越是惶恐。一想到故乡的老母亲对我的期待，就愈发担心自己如果再次落榜要怎么办……请你准备一瓶喝了之后能够专心工作的炼金药吧，这对我很重要，请你一定要帮这个忙。","复读生：本格尔",6,"炼金术士","旧萨雷安",84,0,1,0,"旧萨雷安","旧萨雷安","未知钓场",0,False,"炼金术士","炼金术士理符任务",0,"旧萨雷安","ui/icon/080000/080017.tex","制作委托：专心工作用的炼金药",True,0,1,1086090,4960,"LeveRewardItem#797","ui/icon/080000/080033.tex","ui/icon/080000/080005.tex","Level#8860715","ui/icon/110000/110135.tex",True,,"music/ffxiv/BGM_Leves.scd"
1634,"制作委托：使用金毗罗鳄革装订的魔导书","仔细检查过新近入库的伽迦象革魔导书之后，我们意识到应该重新审视近东地区魔导书的价值，因此计划扩大这类魔导书的藏书规模。这一次我们希望你能使用一种在萨维奈岛人眼中更为昂贵有价值的皮革，请提供一本用金毗罗鳄革装订的魔导书。","所思大书院司书：伊西尔希斯",6,"炼金术士","旧萨雷安",86,0,1,0,"旧萨雷安","旧萨雷安","未知钓场",0,False,"炼金术士","炼金术士理符任务",0,"旧萨雷安","ui/icon/080000/080017.tex","制作委托：使用金毗罗鳄革装订的魔导书",True,0,1,2028020,4980,"LeveRewardItem#798","ui/icon/080000/080033.tex","ui/icon/080000/080005.tex","Level#8860715","ui/icon/110000/110135.tex",True,,"music/ffxiv/BGM_Leves.scd"
1635,"制作委托：提高品质用的炼金药","考试的日子近在眼前了。我报考的艺术系举行的是实操考试，也就是说，我的作品品质如何将决定我的命运。所以，为了提高作品的品质，我需要你为我制作更好的炼金药。这对我很重要，请你一定要帮这个忙。","复读生：本格尔",6,"炼金术士","旧萨雷安",86,0,1,0,"旧萨雷安","旧萨雷安","未知钓场",0,False,"炼金术士","炼金术士理符任务",0,"旧萨雷安","ui/icon/080000/080017.tex","制作委托：提高品质用的炼金药",True,0,1,1248870,5000,"LeveRewardItem#798","ui/icon/080000/080033.tex","ui/icon/080000/080005.tex","Level#8860715","ui/icon/110000/110135.tex",True,,"music/ffxiv/BGM_Leves.scd"
1636,"制作委托：装配了魔导装置的魔导书","加雷马帝国开始魔导技术革命的时期，掀起了一股不管什么东西都要加上魔导装置的风潮。在这个时期中诞生了许多现在看来匪夷所思的东西，其中就包括这种装配有魔导装置的魔导书。我希望能有一本这样的魔导书以作收藏。","所思大书院司书：伊西尔希斯",6,"炼金术士","旧萨雷安",88,0,1,0,"旧萨雷安","旧萨雷安","未知钓场",0,False,"炼金术士","炼金术士理符任务",0,"旧萨雷安","ui/icon/080000/080017.tex","制作委托：装配了魔导装置的魔导书",True,0,1,2297800,5020,"LeveRewardItem#799","ui/icon/080000/080033.tex","ui/icon/080000/080005.tex","Level#8860715","ui/icon/110000/110135.tex",True,,"music/ffxiv/BGM_Leves.scd"
1637,"制作委托：维持理性用的炼金药","6次！我考了整整6次！我终于合格啦！我是萨雷安魔法大学的学生啦！谢谢各位！谢谢你们一直以来对我的支持和鼓励！不过……现在回过头来一想，我突然有点担心入学之后的大学生活了，请你为我做一些能够维持理性的炼金药！","萨雷安魔法大学新生：本格尔",6,"炼金术士","旧萨雷安",88,0,1,0,"旧萨雷安","旧萨雷安","未知钓场",0,False,"炼金术士","炼金术士理符任务",0,"旧萨雷安","ui/icon/080000/080017.tex","制作委托：维持理性用的炼金药",True,0,1,1494330,5040,"LeveRewardItem#799","ui/icon/080000/080033.tex","ui/icon/080000/080005.tex","Level#8860715","ui/icon/110000/110135.tex",True,,"music/ffxiv/BGM_Leves.scd"
1638,"制作委托：做菜的关键是放盐","疏于基础者难成大业。这是为萨雷安建国做出了极大贡献的七贤人之一的梅丽奥尔留下的名言。做菜也是这个道理。做菜最关键的就是食盐，这是绝容不下任何闪失的食材。请你提供一些优质的北洋食盐。","背水咖啡厅店主：迪康",6,"烹调师","旧萨雷安",80,0,1,0,"旧萨雷安","旧萨雷安","未知钓场",0,False,"烹调师","烹调师理符任务",0,"旧萨雷安","ui/icon/080000/080017.tex","制作委托：做菜的关键是放盐",True,0,1,724620,2450,"LeveRewardItem#800","ui/icon/080000/080033.tex","ui/icon/080000/080005.tex","Level#8860715","ui/icon/110000/110135.tex",True,,"music/ffxiv/BGM_Leves.scd"
1639,"制作委托：例汤裸麦酸汤","入港的船只变多了，进出港口的人也就变多了，人多了我们的生意也就更好了。虽然这是很开心的事情，不过因为套餐卖得太好，导致配套的裸麦酸汤供不应求了。请你制作一些配得上我们店口味的美味汤品提供给我们。","背水咖啡厅店主：迪康",6,"烹调师","旧萨雷安",80,0,1,0,"旧萨雷安","旧萨雷安","未知钓场",0,False,"烹调师","烹调师理符任务",0,"旧萨雷安","ui/icon/080000/080017.tex","制作委托：例汤裸麦酸汤",True,0,1,696220,2450,"LeveRewardItem#801","ui/icon/080000/080033.tex","ui/icon/080000/080005.tex","Level#8860715","ui/icon/110000/110135.tex",True,,"music/ffxiv/BGM_Leves.scd"
1640,"制作委托：用于研究的串烧","不久之前，我们店里来了一个看起来就很会吃的猫魅族贤人老饕。她给我们店里的菜品提出了很多可贵的意见。下次她再来的时候，我想给她做一道能让她心满意足的美食。因此，我想要研究那些猫魅族喜欢的料理，请你提供一份串烧类的供我研究。","背水咖啡厅店主：迪康",6,"烹调师","旧萨雷安",82,0,1,0,"旧萨雷安","旧萨雷安","未知钓场",0,False,"烹调师","烹调师理符任务",0,"旧萨雷安","ui/icon/080000/080017.tex","制作委托：用于研究的串烧",True,0,1,866040,4910,"LeveRewardItem#802","ui/icon/080000/080033.tex","ui/icon/080000/080005.tex","Level#8860715","ui/icon/110000/110135.tex",True,,"music/ffxiv/BGM_Leves.scd"
1641,"制作委托：加雷马风味的红菜汤","加雷马人的传统料理红菜汤，不论是作为热菜还是冷汤，吃起来都各有风味不是吗？我认为红菜汤是一个很好的切入点，能够为我的新菜单提供灵感。因此，需要一名对自己的能力有自信的烹调师为我制作一份美味的红菜汤。","背水咖啡厅店主：迪康",6,"烹调师","旧萨雷安",82,0,1,0,"旧萨雷安","旧萨雷安","未知钓场",0,False,"烹调师","烹调师理符任务",0,"旧萨雷安","ui/icon/080000/080017.tex","制作委托：加雷马风味的红菜汤",True,0,1,1062190,4920,"LeveRewardItem#802","ui/icon/080000/080033.tex","ui/icon/080000/080005.tex","Level#8860715","ui/icon/110000/110135.tex",True,,"music/ffxiv/BGM_Leves.scd"
1642,"制作委托：体验皇帝陛下的生活","自从尝试过红菜汤以后，我就一直觉得帝国风味的料理也挺不错的。这次我想尝试一下皇帝浓汤，传说中这是索鲁斯皇帝也吃过的料理。能够满足皇帝的舌头的料理，究竟会有多好吃呢，我很期待。","背水咖啡厅店主：迪康",6,"烹调师","旧萨雷安",84,0,1,0,"旧萨雷安","旧萨雷安","未知钓场",0,False,"烹调师","烹调师理符任务",0,"旧萨雷安","ui/icon/080000/080017.tex","制作委托：体验皇帝陛下的生活",True,0,1,1113470,4940,"LeveRewardItem#803","ui/icon/080000/080033.tex","ui/icon/080000/080005.tex","Level#8860715","ui/icon/110000/110135.tex",True,,"music/ffxiv/BGM_Leves.scd"
1643,"制作委托：特制的胡萝卜丝","我的丈夫他作为哲学家议会中颇有权势的议员看似完美无缺，其实却有个不为人知的小缺点，那就是他害怕吃胡萝卜。所以，我想用美食的力量帮助他克服这个缺点。你能为我制作一份能让人为之倾倒的胡萝卜丝吗？","阿梅莉安丝·莱韦耶勒尔",6,"烹调师","旧萨雷安",84,0,1,0,"旧萨雷安","旧萨雷安","未知钓场",0,False,"烹调师","烹调师理符任务",0,"旧萨雷安","ui/icon/080000/080017.tex","制作委托：特制的胡萝卜丝",True,0,1,1160960,4960,"LeveRewardItem#803","ui/icon/080000/080033.tex","ui/icon/080000/080005.tex","Level#8860715","ui/icon/110000/110135.tex",True,,"music/ffxiv/BGM_Leves.scd"
1644,"制作委托：传说中的救灾粮食","萨雷安建国的初期，曾经有一段食不果腹忍饥挨饿的时期。在那个年代，多亏了有救灾粮食才撑了过来，这种拯救了萨雷安的食物，就是传统的北洋酸奶。为了回忆起那时候经历过的危难，我计划大规模地发售这种食物，请你帮助我准备商品。","背水咖啡厅店主：迪康",6,"烹调师","旧萨雷安",86,0,1,0,"旧萨雷安","旧萨雷安","未知钓场",0,False,"烹调师","烹调师理符任务",0,"旧萨雷安","ui/icon/080000/080017.tex","制作委托：传说中的救灾粮食",True,0,1,1471010,4980,"LeveRewardItem#804","ui/icon/080000/080033.tex","ui/icon/080000/080005.tex","Level#8860715","ui/icon/110000/110135.tex",True,,"music/ffxiv/BGM_Leves.scd"
1645,"制作委托：心灵支柱焗菜","不知你是否有过这样的经验，怀念的美食是否能唤醒你心底的温暖？在如今这样的危难之中，我希望美食能够成为大家的心灵支柱。所以我计划在店里推出北洋家庭料理风格的焗菜。请你制作出让人想起家的温暖的美味焗菜。","背水咖啡厅店主：迪康",6,"烹调师","旧萨雷安",86,0,1,0,"旧萨雷安","旧萨雷安","未知钓场",0,False,"烹调师","烹调师理符任务",0,"旧萨雷安","ui/icon/080000/080017.tex","制作委托：心灵支柱焗菜",True,0,1,1432410,5000,"LeveRewardItem#804","ui/icon/080000/080033.tex","ui/icon/080000/080005.tex","Level#8860715","ui/icon/110000/110135.tex",True,,"music/ffxiv/BGM_Leves.scd"
1646,"制作委托：没尝试过的奶油面","今天有个刚来萨雷安的海贼跑进我们店里对着萨雷安的饮食文化大放厥词。虽然他那些话说的是真不中听，但他说的内容，我确实一时找不到反驳之词。我想要开发一个能让他吃得心服口服的菜，请你制作一份我没吃过的奶油面为我提供灵感。","背水咖啡厅店主：迪康",6,"烹调师","旧萨雷安",88,0,1,0,"旧萨雷安","旧萨雷安","未知钓场",0,False,"烹调师","烹调师理符任务",0,"旧萨雷安","ui/icon/080000/080017.tex","制作委托：没尝试过的奶油面",True,0,1,1595390,5020,"LeveRewardItem#805","ui/icon/080000/080033.tex","ui/icon/080000/080005.tex","Level#8860715","ui/icon/110000/110135.tex",True,,"music/ffxiv/BGM_Leves.scd"
1647,"制作委托：治愈身心的茶","我的丈夫他不管在外面多苦多累，却从不会在家里表现出丁点灰心丧气的样子。他这样的辛苦，我想为他准备一杯那种人称“山之茶”的香草茶，让他放松一下。可以的话能请你挑选尽可能好的材料，为我制作一杯高山茶吗？","阿梅莉安丝·莱韦耶勒尔",6,"烹调师","旧萨雷安",88,0,1,0,"旧萨雷安","旧萨雷安","未知钓场",0,False,"烹调师","烹调师理符任务",0,"旧萨雷安","ui/icon/080000/080017.tex","制作委托：治愈身心的茶",True,0,1,1592240,5040,"LeveRewardItem#805","ui/icon/080000/080033.tex","ui/icon/080000/080005.tex","Level#8860715","ui/icon/110000/110135.tex",True,,"music/ffxiv/BGM_Leves.scd"
1648,"采集确认：生产纸用的木材","在萨雷安魔法大学，不论是研究资料还是撰写论文，每天为了写这些东西学生们不知道要浪费掉多少的纸。为此大学还组建了专门供给学员的造纸工房，当然了，要生产东西就要有原材料。请你提供一些能够用于造纸的木材！","萨雷安魔法大学职员：奇伊·阿里亚珀",7,"园艺工","旧萨雷安",80,20,1,1,"迷津","旧萨雷安","未知钓场",0,False,"园艺工","园艺工理符任务",0,"迷津","ui/icon/080000/080017.tex","GatheringLeve#131280",True,1,65,0,1864,"LeveRewardItem#742","ui/icon/080000/080029.tex","ui/icon/080000/080005.tex","Level#8860714","ui/icon/110000/110130.tex",True,"Level#8925290","music/ffxiv/BGM_Leves_Easy.scd"
1649,"指定采集：研发完美食料所需的野草","我研究室的主要工作是研发完美食料。所谓完美食料，是能够提供维持生命活动所需的所有营养的食物。为了增加食物中的铁元素，我们计划在其中添加一种野草。为了满足进一步的研发需要，特此申请以供实验。","萨雷安魔法大学医学系教授：加尔韦罗什",7,"园艺工","旧萨雷安",80,20,1,1,"迷津","旧萨雷安","未知钓场",0,False,"园艺工","园艺工理符任务",0,"迷津","ui/icon/080000/080017.tex","GatheringLeve#131281",True,1,72,0,2044,"LeveRewardItem#742","ui/icon/080000/080044.tex","ui/icon/080000/080005.tex","Level#8860714","ui/icon/110000/110130.tex",True,"Level#8925307","music/ffxiv/BGM_Leves_Easy.scd"
1650,"强行采集：进行生物调查所需的修剪","中环地区的人工森林中栖息的昆虫属于哪一个种类，具体的种群数量又有多少。我们计划实施一次大规模的生态调查。请你前往当地，采集附着在指定树木树枝上的昆虫，提交给我。","萨雷安魔法大学生物系教授：瓦古达·玛巴古达",7,"园艺工","旧萨雷安",80,20,1,1,"迷津","旧萨雷安","未知钓场",0,False,"园艺工","园艺工理符任务",0,"迷津","ui/icon/080000/080017.tex","GatheringLeve#131282",True,1,49,0,1774,"LeveRewardItem#742","ui/icon/080000/080040.tex","ui/icon/080000/080005.tex","Level#8860714","ui/icon/110000/110130.tex",True,"Level#8925308","music/ffxiv/BGM_Leves_Easy.scd"
1651,"采集确认：亚考牛用的牧草","我们研究所养的亚考牛啊，那是又产毛又产奶的宝贝家畜，现在唯一的缺点就是它们的肉里经络太多不适合吃了。我打算改变它们的饲料，看看能不能对肉质产生影响。能请你弄点萨维奈岛的牧草来吗？","帕斯梅朗种畜研究所研究员：瑞索路特·斯万",7,"园艺工","旧萨雷安",82,20,1,1,"萨维奈岛","旧萨雷安","未知钓场",0,False,"园艺工","园艺工理符任务",0,"萨维奈岛","ui/icon/080000/080017.tex","GatheringLeve#131283",True,1,65,0,1904,"LeveRewardItem#743","ui/icon/080000/080029.tex","ui/icon/080000/080005.tex","Level#8860714","ui/icon/110000/110133.tex",True,"Level#8925337","music/ffxiv/BGM_Leves_Easy.scd"
1652,"大量采集：超辣料理所需的辣椒","不久之前，店里来了个精灵族的占星术士。他可真能吃辣啊！那汤里满满的一碗各种香辛料，他喝下去连眉毛都没多挑一下。下次我一定要给他做一碗能辣得他满头大汗的汤，请你去多弄一点正宗的萨维奈岛的超辣辣椒回来给我吧！","背水咖啡厅店主：迪康",7,"园艺工","旧萨雷安",82,20,1,1,"萨维奈岛","旧萨雷安","未知钓场",0,False,"园艺工","园艺工理符任务",0,"萨维奈岛","ui/icon/080000/080017.tex","GatheringLeve#131284",True,1,72,0,2088,"LeveRewardItem#743","ui/icon/080000/080030.tex","ui/icon/080000/080005.tex","Level#8860714","ui/icon/110000/110133.tex",True,"Level#8925342","music/ffxiv/BGM_Leves_Easy.scd"
1653,"指定采集：制造燃料所需的棕榈树液","工程系那边发来了委托说他们想要浓厚的棕榈树液。说是不想要依赖青磷水，想要生产一种取自自然界的燃料。不过，树液真的能够做出燃料来吗？总之，请你缴纳一些制造燃料所需的棕榈树液。","萨雷安魔法大学职员：奇伊·阿里亚珀",7,"园艺工","旧萨雷安",82,20,1,1,"萨维奈岛","旧萨雷安","未知钓场",0,False,"园艺工","园艺工理符任务",0,"萨维奈岛","ui/icon/080000/080017.tex","GatheringLeve#131285",True,1,72,0,2088,"LeveRewardItem#743","ui/icon/080000/080044.tex","ui/icon/080000/080005.tex","Level#8860714","ui/icon/110000/110133.tex",True,"Level#8925343","music/ffxiv/BGM_Leves_Easy.scd"
1654,"采集确认：研究用的红菜","原产北洲的红菜是一种富含多种矿物质的根茎类蔬菜。红菜最出名的特点就是它含有很多种红紫色素，的确是很适合用来给料理增加颜色对吧？我开发新菜单需要红菜，请你采一些来。","背水咖啡厅店主：迪康",7,"园艺工","旧萨雷安",84,20,1,1,"加雷马","旧萨雷安","未知钓场",0,False,"园艺工","园艺工理符任务",0,"加雷马","ui/icon/080000/080017.tex","GatheringLeve#131286",True,1,65,0,1944,"LeveRewardItem#744","ui/icon/080000/080029.tex","ui/icon/080000/080005.tex","Level#8860714","ui/icon/110000/110134.tex",True,"Level#8925360","music/ffxiv/BGM_Leves_Easy.scd"
1655,"大量采集：嫁接用的针叶树","我们计划在中环区域种植一批新的针叶林，企划已经成功立案了。到时候种植时打算大规模的嫁接，选择的是出自伊尔萨巴德北部地区有较强耐寒性的品种。请你去一次加雷马，采集一些嫁接用的树枝交给我。","迷津管理局副局长：修提姆维恩",7,"园艺工","旧萨雷安",84,20,1,1,"加雷马","旧萨雷安","未知钓场",0,False,"园艺工","园艺工理符任务",0,"加雷马","ui/icon/080000/080017.tex","GatheringLeve#131287",True,1,72,0,2132,"LeveRewardItem#744","ui/icon/080000/080030.tex","ui/icon/080000/080005.tex","Level#8860714","ui/icon/110000/110134.tex",True,"Level#8925362","music/ffxiv/BGM_Leves_Easy.scd"
1656,"强行采集：焦黑的行道树样本","加雷马帝国的首都在大规模的内乱中化作了一片焦土。对战火中被烧毁的行道树进行研究调查，确认行道树现在的实际现状，也许可以掌握一些新的知识，能对植物在极限情况下如何维生如何幸存有一些新的认知。请你提取一些行道树的样本交纳给我。","萨雷安魔法大学生物系教授：瓦古达·玛巴古达",7,"园艺工","旧萨雷安",84,20,1,1,"加雷马","旧萨雷安","未知钓场",0,False,"园艺工","园艺工理符任务",0,"加雷马","ui/icon/080000/080017.tex","GatheringLeve#131288",True,1,49,0,1794,"LeveRewardItem#744","ui/icon/080000/080040.tex","ui/icon/080000/080005.tex","Level#8860714","ui/icon/110000/110134.tex",True,"Level#8925363","music/ffxiv/BGM_Leves_Easy.scd"
1657,"大量采集：背水咖啡厅式奶茶的秘诀","本来只是想要尝试一下出售各种各样奇怪的饮料才开始卖奶茶的，没想到中了大奖。点单的顾客一个接着一个，材料很快就要不够了。请你采集一些背水咖啡厅式奶茶的秘诀——香味浓郁的桂皮。","背水咖啡厅店主：迪康",7,"园艺工","旧萨雷安",86,20,1,1,"萨维奈岛","旧萨雷安","未知钓场",0,False,"园艺工","园艺工理符任务",0,"萨维奈岛","ui/icon/080000/080017.tex","GatheringLeve#131289",True,1,72,0,2176,"LeveRewardItem#745","ui/icon/080000/080030.tex","ui/icon/080000/080005.tex","Level#8860714","ui/icon/110000/110132.tex",True,"Level#8925344","music/ffxiv/BGM_Leves_Easy.scd"
1658,"指定采集：研究所需的近东草本植物","近东地区的植物中，有一类按照植物学应该分类在草本植物中的类型竟然长得像是树木一样巨大。如果能够找到其中的秘密，或许能够推动人工环境下的植物栽培学科突飞猛进，请你务必采集一些近东的巨型草本植物样本给我做研究。","萨雷安魔法大学生物系教授：瓦古达·玛巴古达",7,"园艺工","旧萨雷安",86,20,1,1,"萨维奈岛","旧萨雷安","未知钓场",0,False,"园艺工","园艺工理符任务",0,"萨维奈岛","ui/icon/080000/080017.tex","GatheringLeve#131290",True,1,72,0,2176,"LeveRewardItem#745","ui/icon/080000/080044.tex","ui/icon/080000/080005.tex","Level#8860714","ui/icon/110000/110132.tex",True,"Level#8925345","music/ffxiv/BGM_Leves_Easy.scd"
1659,"强行采集：为争论画上句号的棕榈树","历史上曾有过类似的记载，萨维奈岛经历饥荒时，绝望的当地人靠食用西米棕榈得以幸存。然而西米棕榈其实是一种有毒的植物，误食可能致命。这样的话，西米棕榈能用作救灾食物吗？我们为此争论不休，请你采集一些西米棕榈以供我们的试吃实验吧。","萨雷安魔法大学生物系教授：瓦古达·玛巴古达",7,"园艺工","旧萨雷安",86,20,1,1,"萨维奈岛","旧萨雷安","未知钓场",0,False,"园艺工","园艺工理符任务",0,"萨维奈岛","ui/icon/080000/080017.tex","GatheringLeve#131291",True,1,49,0,1812,"LeveRewardItem#745","ui/icon/080000/080040.tex","ui/icon/080000/080005.tex","Level#8860714","ui/icon/110000/110132.tex",True,"Level#8925346","music/ffxiv/BGM_Leves_Easy.scd"
1660,"采集确认：纤维植物的实际应用范围","我们为如何有效应用原产迷津的植物建立了一份研究计划。其中的一环就是开发出能够应用在服装、布料生产上的草线。请你在指定的地点，尽可能多地采集那些富含纤维的草料，以供我们研究。","迷津管理局副局长：修提姆维恩",7,"园艺工","旧萨雷安",88,20,1,1,"迷津","旧萨雷安","未知钓场",0,False,"园艺工","园艺工理符任务",0,"迷津","ui/icon/080000/080017.tex","GatheringLeve#131292",True,1,65,0,2024,"LeveRewardItem#746","ui/icon/080000/080029.tex","ui/icon/080000/080005.tex","Level#8860714","ui/icon/110000/110131.tex",True,"Level#8925309","music/ffxiv/BGM_Leves_Easy.scd"
1661,"指定采集：研究转魂塔所需的原木","据说在东方地区，负责建造以太之光的是一批自称鬼师众的技术者团体。他们为何选用了木材制作以太之光，尚且是一个谜团。为了探索背后的秘密，请你为我们采集一些原木以供我们进行对比实验。","传送魔法研究所主任研究员：阿瓦贝恩",7,"园艺工","旧萨雷安",88,20,1,1,"迷津","旧萨雷安","未知钓场",0,False,"园艺工","园艺工理符任务",0,"迷津","ui/icon/080000/080017.tex","GatheringLeve#131293",True,1,72,0,2220,"LeveRewardItem#746","ui/icon/080000/080044.tex","ui/icon/080000/080005.tex","Level#8860714","ui/icon/110000/110131.tex",True,"Level#8925310","music/ffxiv/BGM_Leves_Easy.scd"
1662,"强行采集：强力有效的药用金黄色树液","由于生物系的瓦古达·玛巴古达教授误食西米棕榈中毒进医院接受治疗了，现在由我来代为发行订单。为了研究西米棕榈中毒的解药，我们需要特定种类的树液进行研究。请你为我们采集金黄色的树液！","萨雷安魔法大学职员：奇伊·阿里亚珀",7,"园艺工","旧萨雷安",88,20,1,1,"迷津","旧萨雷安","未知钓场",0,False,"园艺工","园艺工理符任务",0,"迷津","ui/icon/080000/080017.tex","GatheringLeve#131294",True,1,49,0,1828,"LeveRewardItem#746","ui/icon/080000/080040.tex","ui/icon/080000/080005.tex","Level#8860714","ui/icon/110000/110131.tex",True,"Level#8925311","music/ffxiv/BGM_Leves_Easy.scd"
1663,"采集确认：鉴赏用的美观石头","石玩，是东方文化的一部分。是一种将各种石材安置在水盘上进行鉴赏的高雅爱好。为了增加萨雷安爱石文化会的成员，我希望你能挑选一些大约手掌大小，让人一眼看去就想起大自然的石头交给我……","奇石爱好者：恰格·塔尤恩",7,"采矿工","旧萨雷安",80,20,1,1,"迷津","旧萨雷安","未知钓场",0,False,"采矿工","采矿工理符任务",0,"迷津","ui/icon/080000/080017.tex","GatheringLeve#131295",True,1,65,0,1864,"LeveRewardItem#747","ui/icon/080000/080029.tex","ui/icon/080000/080005.tex","Level#8860714","ui/icon/110000/110125.tex",True,"Level#8925312","music/ffxiv/BGM_Leves_Easy.scd"
1664,"指定采集：修复用的硅石","因为这个是机密，也不好告诉你太多，总之就是我们那个工房嘛，正在进行一个挺重要的开发计划。开发中出了点小意外，小小地爆炸了一下，工房的墙上炸了个洞。麻烦你给我们采点硅石来，我们要修墙。","可可罗工房：欧帕尔·弗格",7,"采矿工","旧萨雷安",80,20,1,1,"迷津","旧萨雷安","未知钓场",0,False,"采矿工","采矿工理符任务",0,"迷津","ui/icon/080000/080017.tex","GatheringLeve#131296",True,1,72,0,2044,"LeveRewardItem#747","ui/icon/080000/080044.tex","ui/icon/080000/080005.tex","Level#8860714","ui/icon/110000/110125.tex",True,"Level#8925313","music/ffxiv/BGM_Leves_Easy.scd"
1665,"强行采集：调查岩盘所需的样本","迷津本身所使用的土应该都是从同一座山采集的才对，但不知为何不同地区之间植物的存活率却各有不同。因此我们希望能对各个地区原有的岩盘进行调查，确认它们的以太浓度有何差别，请你为我们提供样本。","迷津管理局副局长：修提姆维恩",7,"采矿工","旧萨雷安",80,20,1,1,"迷津","旧萨雷安","未知钓场",0,False,"采矿工","采矿工理符任务",0,"迷津","ui/icon/080000/080017.tex","GatheringLeve#131297",True,1,49,0,1774,"LeveRewardItem#747","ui/icon/080000/080040.tex","ui/icon/080000/080005.tex","Level#8860714","ui/icon/110000/110125.tex",True,"Level#8925314","music/ffxiv/BGM_Leves_Easy.scd"
1666,"采集确认：产自萨维奈的巨胆石","通过上次硅石那个委托，我们大概知道拾穗人你的本事确实不错了。所以这次， 就想麻烦你去采一些原产萨维奈的巨胆石。那种石头无论是硬度还是以太含量都非常高，应该能在我们执行的开发计划中大放光彩。我很期待你带回来的石材。","可可罗工房：欧帕尔·弗格",7,"采矿工","旧萨雷安",82,20,1,1,"萨维奈岛","旧萨雷安","未知钓场",0,False,"采矿工","采矿工理符任务",0,"萨维奈岛","ui/icon/080000/080017.tex","GatheringLeve#131298",True,1,65,0,1904,"LeveRewardItem#748","ui/icon/080000/080029.tex","ui/icon/080000/080005.tex","Level#8860714","ui/icon/110000/110127.tex",True,"Level#8925347","music/ffxiv/BGM_Leves_Easy.scd"
1667,"大量采集：土壤改良用的石灰石","多亏了你在上次委托中的努力，我们的调查已经有了结果，岩盘内含的以太浓度确实在不同区域有所区别。这种差别似乎也影响到了上方分撒的土壤的质量。所以，我们希望你能采集一些可以改善土壤质量的石灰石。","迷津管理局副局长：修提姆维恩",7,"采矿工","旧萨雷安",82,20,1,1,"萨维奈岛","旧萨雷安","未知钓场",0,False,"采矿工","采矿工理符任务",0,"萨维奈岛","ui/icon/080000/080017.tex","GatheringLeve#131299",True,1,72,0,2088,"LeveRewardItem#748","ui/icon/080000/080030.tex","ui/icon/080000/080005.tex","Level#8860714","ui/icon/110000/110127.tex",True,"Level#8925348","music/ffxiv/BGM_Leves_Easy.scd"
1668,"指定采集：鉴赏用的巨胆石","石玩，是一种高雅的爱好。然而这个爱好过于高雅，曲高和寡，导致萨雷安爱石文化会的成员至今只有我一个人。我好寂寞啊！幸好我已经想出了对策，色彩鲜艳的紫色巨胆石，一定十分惹眼。请你为我带一些巨胆石的碎片来……","奇石爱好者：恰格·塔尤恩",7,"采矿工","旧萨雷安",82,20,1,1,"萨维奈岛","旧萨雷安","未知钓场",0,False,"采矿工","采矿工理符任务",0,"萨维奈岛","ui/icon/080000/080017.tex","GatheringLeve#131300",True,1,72,0,2088,"LeveRewardItem#748","ui/icon/080000/080044.tex","ui/icon/080000/080005.tex","Level#8860714","ui/icon/110000/110127.tex",True,"Level#8925349","music/ffxiv/BGM_Leves_Easy.scd"
1669,"采集确认：49式客车的外装","上次的巨胆石，老大夸了你好半天呢。不过，这次我们要交给你的是另一种委托。我们希望能获得一些，加雷马贵族专用的魔导列车“49式客车”的外装材料，能麻烦你吗？听说这辆车用了些特别的合金，我觉得也许对我的开发计划有什么用处呢。","可可罗工房：欧帕尔·弗格",7,"采矿工","旧萨雷安",84,20,1,1,"加雷马","旧萨雷安","未知钓场",0,False,"采矿工","采矿工理符任务",0,"加雷马","ui/icon/080000/080017.tex","GatheringLeve#131301",True,1,65,0,1944,"LeveRewardItem#749","ui/icon/080000/080029.tex","ui/icon/080000/080005.tex","Level#8860714","ui/icon/110000/110129.tex",True,"Level#8925364","music/ffxiv/BGM_Leves_Easy.scd"
1670,"大量采集：鉴赏用的北洲石","石玩，一种孤高的爱好。证据就是整个萨雷安的爱石文化会只有我一个成员。但是没关系，拾穗人你为我采集来的石头能够治愈我遍体鳞伤的心。请你为我多采集一些北洲的石头，我想要那种仿佛冰雪一般能将寒冬渗透到人心底的奇石，越多越好……","奇石爱好者：恰格·塔尤恩",7,"采矿工","旧萨雷安",84,20,1,1,"加雷马","旧萨雷安","未知钓场",0,False,"采矿工","采矿工理符任务",0,"加雷马","ui/icon/080000/080017.tex","GatheringLeve#131302",True,1,72,0,2132,"LeveRewardItem#749","ui/icon/080000/080030.tex","ui/icon/080000/080005.tex","Level#8860714","ui/icon/110000/110129.tex",True,"Level#8925365","music/ffxiv/BGM_Leves_Easy.scd"
1671,"强行采集：军用青磷引擎的零件","工程系那边发来了委托，他们想要魔导兵器的零件。说是什么，他们想要重现帝国制造的青磷引擎，跟他们自己开发的新能源引擎作比较。我是觉得他们的做法好像圈子兜得有点远啦，总之，请采集一批魔导引擎的零件！","萨雷安魔法大学职员：奇伊·阿里亚珀",7,"采矿工","旧萨雷安",84,20,1,1,"加雷马","旧萨雷安","未知钓场",0,False,"采矿工","采矿工理符任务",0,"加雷马","ui/icon/080000/080017.tex","GatheringLeve#131303",True,1,49,0,1794,"LeveRewardItem#749","ui/icon/080000/080040.tex","ui/icon/080000/080005.tex","Level#8860714","ui/icon/110000/110129.tex",True,"Level#8925366","music/ffxiv/BGM_Leves_Easy.scd"
1672,"大量采集：鉴赏用的火山岩","石玩，一种危险的爱好。我用拾穗人带来的大量北洲石在自己的房间里制作了一座小型山脉，这座山恍若就是冰雪呼啸不休的中央山脉本身，差点冻住了我的心火。所以，趁我还没冻死，请你给我从火热的萨维奈岛多采集一些能激发生命之火的火山岩……","奇石爱好者：恰格·塔尤恩",7,"采矿工","旧萨雷安",86,20,1,1,"萨维奈岛","旧萨雷安","未知钓场",0,False,"采矿工","采矿工理符任务",0,"萨维奈岛","ui/icon/080000/080017.tex","GatheringLeve#131304",True,1,72,0,2176,"LeveRewardItem#750","ui/icon/080000/080030.tex","ui/icon/080000/080005.tex","Level#8860714","ui/icon/110000/110128.tex",True,"Level#8925350","music/ffxiv/BGM_Leves_Easy.scd"
1673,"指定采集：优质的过滤沙","上一次的委托你完成得真漂亮。工房的工作要想成功，缺不了你这样优秀的拾穗人相助。这一次，我们希望你能去萨维奈岛，将当地的岩石碾碎之后带回来，那是一种我们急需的优质过滤沙。虽然我不能说明是用于什么开发计划，但总之拜托你了。","可可罗工房：欧帕尔·弗格",7,"采矿工","旧萨雷安",86,20,1,1,"萨维奈岛","旧萨雷安","未知钓场",0,False,"采矿工","采矿工理符任务",0,"萨维奈岛","ui/icon/080000/080017.tex","GatheringLeve#131305",True,1,72,0,2176,"LeveRewardItem#750","ui/icon/080000/080044.tex","ui/icon/080000/080005.tex","Level#8860714","ui/icon/110000/110128.tex",True,"Level#8925351","music/ffxiv/BGM_Leves_Easy.scd"
1674,"强行采集：土壤改良用的石粉","使用石灰石进行土壤改良的实验卓有成效。我们计划以此为基础，将不同的成分加入土壤里，扩大人工环境中适宜成长的植物种类。请你在萨维奈岛当地进行调查，并且根据调查的结果采集适合改良土壤的石粉交纳给我们。","迷津管理局副局长：修提姆维恩",7,"采矿工","旧萨雷安",86,20,1,1,"萨维奈岛","旧萨雷安","未知钓场",0,False,"采矿工","采矿工理符任务",0,"萨维奈岛","ui/icon/080000/080017.tex","GatheringLeve#131306",True,1,49,0,1812,"LeveRewardItem#750","ui/icon/080000/080040.tex","ui/icon/080000/080005.tex","Level#8860714","ui/icon/110000/110128.tex",True,"Level#8925352","music/ffxiv/BGM_Leves_Easy.scd"
1675,"采集确认：鉴赏用的奇石","石玩，是我最重要的爱好。你知道吗，我们萨雷安爱石文化会的会员人数翻了一倍。我已经不再是一个人了，原来最重要的人就在我身边。所以，为了能让她和我一起感受到身边的自然，请你在附近取一块顶级的奇石给我……","奇石爱好者：恰格·塔尤恩",7,"采矿工","旧萨雷安",88,20,1,1,"迷津","旧萨雷安","未知钓场",0,False,"采矿工","采矿工理符任务",0,"迷津","ui/icon/080000/080017.tex","GatheringLeve#131307",True,1,65,0,2024,"LeveRewardItem#751","ui/icon/080000/080029.tex","ui/icon/080000/080005.tex","Level#8860714","ui/icon/110000/110126.tex",True,"Level#8925315","music/ffxiv/BGM_Leves_Easy.scd"
1676,"指定采集：研磨用的铁云母","拾穗人你的能力，有口皆碑，连我们老大都赞不绝口。今后还请你多多关照了。关于这次的工作，我们希望你能收集一些研磨用的铁云母。其实这东西在迷津就能采到，不过采集的难度非常之高，只好麻烦你了，拜托了。","可可罗工房：欧帕尔·弗格",7,"采矿工","旧萨雷安",88,20,1,1,"迷津","旧萨雷安","未知钓场",0,False,"采矿工","采矿工理符任务",0,"迷津","ui/icon/080000/080017.tex","GatheringLeve#131308",True,1,72,0,2220,"LeveRewardItem#751","ui/icon/080000/080044.tex","ui/icon/080000/080005.tex","Level#8860714","ui/icon/110000/110126.tex",True,"Level#8925316","music/ffxiv/BGM_Leves_Easy.scd"
1677,"强行采集：岩盘最终调查所需的样本","为了进一步的土壤改良，我们正在推进一项调查，目的在于明确不同区域的岩盘之间以太的浓度会有如此大区别的原因。其中一种假说是岩盘受到了属性增殖炉的影响。请你在内环区域采集样本，确认是否能印证这种假说。","迷津管理局副局长：修提姆维恩",7,"采矿工","旧萨雷安",88,20,1,1,"迷津","旧萨雷安","未知钓场",0,False,"采矿工","采矿工理符任务",0,"迷津","ui/icon/080000/080017.tex","GatheringLeve#131309",True,1,49,0,1828,"LeveRewardItem#751","ui/icon/080000/080040.tex","ui/icon/080000/080005.tex","Level#8860714","ui/icon/110000/110126.tex",True,"Level#8925317","music/ffxiv/BGM_Leves_Easy.scd"
1678,"指定采集：未口鱼口味如何？","<UIForeground>F201F4</UIForeground><UIGlow>F201F5</UIGlow>采集方法：钓鱼<UIGlow>01</UIGlow><UIForeground>01</UIForeground>
我的爱好是在研究工作的闲暇尝试世界各地的美味。我时不时就会把食材带去背水咖啡厅请他们烹饪。不过我意识到我之前一直把眼光放得太远，没能注意到自己身边。我现在有些好奇那种在<UIForeground>F201F4</UIForeground><UIGlow>F201F5</UIGlow>旧萨雷安沉思林里的那个小湖<UIGlow>01</UIGlow><UIForeground>01</UIForeground>里优雅地游泳的鱼到底是什么味道。麻烦你钓一条来给我可以吗？","背水咖啡厅常客：米卡茨",6,"捕鱼人","旧萨雷安",80,0,1,0,"旧萨雷安","旧萨雷安","沉思泉",0,False,"捕鱼人","捕鱼人理符任务",0,"旧萨雷安","ui/icon/080000/080017.tex","指定采集：未口鱼口味如何？",True,0,1,2459716,2210,"LeveRewardItem#737","ui/icon/080000/080057.tex","ui/icon/080000/080005.tex","Level#8860716","ui/icon/110000/110136.tex",True,"Level#9163357","music/ffxiv/BGM_Leves.scd"
1679,"指定采集：名医爱用的毒螃蟹","<UIForeground>F201F4</UIForeground><UIGlow>F201F5</UIGlow>采集方法：刺鱼<UIGlow>01</UIGlow><UIForeground>01</UIForeground>
本院正在根据不同病症开发各种各样的麻醉药。其中最有效的就是从一种栖息在<UIForeground>F201F4</UIForeground><UIGlow>F201F5</UIGlow>红玉海自凝岛北部<UIGlow>01</UIGlow><UIForeground>01</UIForeground>的螃蟹中提取的毒素。这种毒素经过稀释后制成药物，只需要一点点就能搞定那些不乖乖待在医院还想捣乱的患者。请你用刺鱼给我们抓一只回来！","自然生命院所属贤者：塔瓦凌·斯凯",6,"捕鱼人","旧萨雷安",80,0,1,0,"红玉海","旧萨雷安","未知钓场",37,False,"捕鱼人","捕鱼人理符任务",0,"旧萨雷安","ui/icon/080000/080017.tex","指定采集：名医爱用的毒螃蟹",True,0,1,2459716,2210,"LeveRewardItem#737","ui/icon/080000/080057.tex","ui/icon/080000/080005.tex","Level#8860716","ui/icon/110000/110171.tex",True,"Level#6990571","music/ffxiv/BGM_Leves.scd"
1680,"指定采集：近东种群的人工饲养样本","<UIForeground>F201F4</UIForeground><UIGlow>F201F5</UIGlow>采集方法：钓鱼<UIGlow>01</UIGlow><UIForeground>01</UIForeground>
我所属的环境以太研究室，近期主要研究的是栖息在不同环境中的水生生物。这一次的目标是研究正在<UIForeground>F201F4</UIForeground><UIGlow>F201F5</UIGlow>迷津<UIGlow>01</UIGlow><UIForeground>01</UIForeground>中进行繁育实验的物种体内的以太将如何变迁，为此希望你能在<UIForeground>F201F4</UIForeground><UIGlow>F201F5</UIGlow>公堂保管院西南面下去的河<UIGlow>01</UIGlow><UIForeground>01</UIForeground>里采集所需的样本。","萨雷安魔法大学以太系研究生：奥布莱茜",6,"捕鱼人","旧萨雷安",82,0,1,0,"迷津","旧萨雷安","二号沟渠",0,False,"捕鱼人","捕鱼人理符任务",0,"旧萨雷安","ui/icon/080000/080017.tex","指定采集：近东种群的人工饲养样本",True,0,1,2464410,2260,"LeveRewardItem#738","ui/icon/080000/080057.tex","ui/icon/080000/080005.tex","Level#8860716","ui/icon/110000/110151.tex",True,"Level#8925290","music/ffxiv/BGM_Leves.scd"
1681,"指定采集：编纂图鉴所需的斑点鱼","<UIForeground>F201F4</UIForeground><UIGlow>F201F5</UIGlow>采集方法：刺鱼<UIGlow>01</UIGlow><UIForeground>01</UIForeground>
大书院举萨雷安全国之力编纂世界图鉴是一项功在当代利在千秋的伟大事业。为了尽可能详细地记录动植物的形态和生态，这次希望你能为我们收集一种栖息在<UIForeground>F201F4</UIForeground><UIGlow>F201F5</UIGlow>萨维奈岛白滨村南部<UIGlow>01</UIGlow><UIForeground>01</UIForeground>的鱼，这种鱼有一种特殊的斑纹，我们计划用作对比调查。这是非常重要的任务，能麻烦你用刺鱼抓这种鱼来吗？","所思大书院世界图鉴编纂局成员：戈德弗罗伊",6,"捕鱼人","旧萨雷安",82,0,1,0,"萨维奈岛","旧萨雷安","未知钓场",36,False,"捕鱼人","捕鱼人理符任务",0,"旧萨雷安","ui/icon/080000/080017.tex","指定采集：编纂图鉴所需的斑点鱼",True,0,1,2464410,2260,"LeveRewardItem#738","ui/icon/080000/080057.tex","ui/icon/080000/080005.tex","Level#8860716","ui/icon/110000/110177.tex",True,"Level#8925337","music/ffxiv/BGM_Leves.scd"
1682,"指定采集：外来生物在特殊水质中的样本","<UIForeground>F201F4</UIForeground><UIGlow>F201F5</UIGlow>采集方法：钓鱼<UIGlow>01</UIGlow><UIForeground>01</UIForeground>
蓝鳃太阳鱼这个物种在远东之国异常地大量繁殖成了当地的大问题。现在<UIForeground>F201F4</UIForeground><UIGlow>F201F5</UIGlow>萨维奈岛<UIGlow>01</UIGlow><UIForeground>01</UIForeground>也发现了类似的事件。我们研究室为这种异常繁殖提出了一个假说，认为以太波长不一致是问题发生的原因，为了验证这种假说，请你在<UIForeground>F201F4</UIForeground><UIGlow>F201F5</UIGlow>巨胆石采掘场<UIGlow>01</UIGlow><UIForeground>01</UIForeground>采集一份样本提交给我们。","萨雷安魔法大学以太系研究生：奥布莱茜",6,"捕鱼人","旧萨雷安",84,0,1,0,"萨维奈岛","旧萨雷安","巨胆石采掘场",0,False,"捕鱼人","捕鱼人理符任务",0,"旧萨雷安","ui/icon/080000/080017.tex","指定采集：外来生物在特殊水质中的样本",True,0,1,2702320,2310,"LeveRewardItem#739","ui/icon/080000/080057.tex","ui/icon/080000/080005.tex","Level#8860716","ui/icon/110000/110153.tex",True,"Level#8925337","music/ffxiv/BGM_Leves.scd"
1683,"指定采集：高级海参级多高？","<UIForeground>F201F4</UIForeground><UIGlow>F201F5</UIGlow>采集方法：刺鱼<UIGlow>01</UIGlow><UIForeground>01</UIForeground>
萨雷安人特有的对知识的好奇心完全表达在了我的舌头上，我正在想象着“是不是这样的味道呢？是这个口感吗？”，这种光是想象就已经让我口水流个不停的美味是一种海参。传说中远东之国的国王曾经一掷千金寻找这种美味，请你给我找一份这种海参吧。据说它们就潜藏在<UIForeground>F201F4</UIForeground><UIGlow>F201F5</UIGlow>红玉海的渔村沿岸<UIGlow>01</UIGlow><UIForeground>01</UIForeground>附近。","背水咖啡厅常客：米卡茨",6,"捕鱼人","旧萨雷安",84,0,1,0,"红玉海","旧萨雷安","未知钓场",38,False,"捕鱼人","捕鱼人理符任务",0,"旧萨雷安","ui/icon/080000/080017.tex","指定采集：高级海参级多高？",True,0,1,2702320,2310,"LeveRewardItem#739","ui/icon/080000/080057.tex","ui/icon/080000/080005.tex","Level#8860716","ui/icon/110000/110172.tex",True,"Level#6990571","music/ffxiv/BGM_Leves.scd"
1684,"指定采集：编纂图鉴所需的未知菌类","<UIForeground>F201F4</UIForeground><UIGlow>F201F5</UIGlow>采集方法：钓鱼<UIGlow>01</UIGlow><UIForeground>01</UIForeground>
因为各种异想天开的举动而被学会流放的男人，竟然还在不断地申诉，他要求世界图鉴应该包含栖息在<UIForeground>F201F4</UIForeground><UIGlow>F201F5</UIGlow>月球东南方<UIGlow>01</UIGlow><UIForeground>01</UIForeground>的菌类。被他骚扰多日的职员疲累不堪，怀揣着“怎么可能有这种东西”的想法，随手登录了这个采集委托。","所思大书院世界图鉴编纂局成员：戈德弗罗伊",6,"捕鱼人","旧萨雷安",86,0,1,0,"叹息海","旧萨雷安","荧光池",0,False,"捕鱼人","捕鱼人理符任务",0,"旧萨雷安","ui/icon/080000/080017.tex","指定采集：编纂图鉴所需的未知菌类",True,0,1,2953920,2360,"LeveRewardItem#740","ui/icon/080000/080057.tex","ui/icon/080000/080005.tex","Level#8860716","ui/icon/110000/110136.tex",True,"Level#9163359","music/ffxiv/BGM_Leves.scd"
1685,"指定采集：盐烧鱿鱼犹少盐？","<UIForeground>F201F4</UIForeground><UIGlow>F201F5</UIGlow>采集方法：刺鱼<UIGlow>01</UIGlow><UIForeground>01</UIForeground>
越是高端的食材，往往采用的是最朴素的烹饪方式，这是制作料理的真理之一。从<UIForeground>F201F4</UIForeground><UIGlow>F201F5</UIGlow>盐湖<UIGlow>01</UIGlow><UIForeground>01</UIForeground>中捕获的大鱿鱼，只要使用简单的岩烧，它的身体和内脏部位就会成为一道味鲜醇厚的美味！你要记得，你帮助我是为了探寻世界的真理，去盐湖替我把大鱿鱼抓来吧！","背水咖啡厅常客：米卡茨",6,"捕鱼人","旧萨雷安",86,0,1,0,"基拉巴尼亚湖区","旧萨雷安","未知钓场",45,False,"捕鱼人","捕鱼人理符任务",0,"旧萨雷安","ui/icon/080000/080017.tex","指定采集：盐烧鱿鱼犹少盐？",True,0,1,2953920,2360,"LeveRewardItem#740","ui/icon/080000/080057.tex","ui/icon/080000/080005.tex","Level#8860716","ui/icon/110000/110176.tex",True,"Level#9163355","music/ffxiv/BGM_Leves.scd"
1686,"指定采集：编纂图鉴所需的古代鱼","<UIForeground>F201F4</UIForeground><UIGlow>F201F5</UIGlow>采集方法：钓鱼<UIGlow>01</UIGlow><UIForeground>01</UIForeground>
世界图鉴希望能够尽可能地将包括太古的生物在内的，一切已知的动植物都记录在案。为了探索原生生物和古代鱼之间的联系，我们需要一些栖息在<UIForeground>F201F4</UIForeground><UIGlow>F201F5</UIGlow>远古时代阴暗水边<UIGlow>01</UIGlow><UIForeground>01</UIForeground>的巨脂鲤样本。就算是化石也好，如果有活体样本的话就更好了……到时候记得千万别叫醒我，让我继续做梦……","所思大书院世界图鉴编纂局成员：戈德弗罗伊",6,"捕鱼人","旧萨雷安",88,0,1,0,"厄尔庇斯","旧萨雷安","翠牙园下层",0,False,"捕鱼人","捕鱼人理符任务",0,"旧萨雷安","ui/icon/080000/080017.tex","指定采集：编纂图鉴所需的古代鱼",True,0,1,3242290,2410,"LeveRewardItem#741","ui/icon/080000/080057.tex","ui/icon/080000/080005.tex","Level#8860716","ui/icon/110000/110136.tex",True,"Level#9163358","music/ffxiv/BGM_Leves.scd"
1687,"指定采集：栖息在灵域的当地固有种群样本","<UIForeground>F201F4</UIForeground><UIGlow>F201F5</UIGlow>采集方法：刺鱼<UIGlow>01</UIGlow><UIForeground>01</UIForeground>
一直以来，人们都认为寺庙等灵域周边以太环境会与其他区域有所不同。我们研究室计划将至今为止解析的<UIForeground>F201F4</UIForeground><UIGlow>F201F5</UIGlow>萨维奈岛<UIGlow>01</UIGlow><UIForeground>01</UIForeground>水生生物与灵域附近的水生生物作比较，为了解开特殊环境存在与否之谜，请你在<UIForeground>F201F4</UIForeground><UIGlow>F201F5</UIGlow>摩耶幻泉<UIGlow>01</UIGlow><UIForeground>01</UIForeground>使用刺鱼抓一条样本提交给我。","萨雷安魔法大学以太系研究生：奥布莱茜",6,"捕鱼人","旧萨雷安",88,0,1,0,"萨维奈岛","旧萨雷安","未知钓场",42,False,"捕鱼人","捕鱼人理符任务",0,"旧萨雷安","ui/icon/080000/080017.tex","指定采集：栖息在灵域的当地固有种群样本",True,0,1,3242290,2410,"LeveRewardItem#741","ui/icon/080000/080057.tex","ui/icon/080000/080005.tex","Level#8860716","ui/icon/110000/110178.tex",True,"Level#8925337","music/ffxiv/BGM_Leves.scd"
